,ACC,BLCA,BRCA_1,BRCA_2,CESC,COAD_READ*,GBM*,HNSC,KICH,KIRC,KIRP,LAML,LGG,LIHC,LUAD,LUSC,MESO,OV,PAAD,PCPG,PRAD,SARC,SKCM,STES*,TGCT,THCA,THYM,UCEC,UVM
SMARCC1,0,0.588517097418158,0.545105096528138,0.546886230076523,0.787107694904111,0.668985736485736,0.696503048048769,0,0.680906593406593,0,0,0.696103017183437,0.652097641620149,0,0.696363362818443,0.644446694732052,0.483857914237661,0.66546326556671,0,0,0,0.701989617110421,0.605397201046763,0.635672840908098,0,0.770929528691623,0.872388382460576,0.814346334712831,0
ADNP,0,0.541366370705638,0.576404932679794,0.505391611118158,0.549643384765357,0.478280053280053,0.6274518312293,0,0.665064102564103,0,0,0.594545985509732,0.754146809400863,0,0.493495742613601,0.460952781886449,0.553054540396313,0.474807087714697,0,0,0.735253241172648,0.675440193221389,0.533414495391967,0.509110136179803,0,0.75351699100152,0,0.730073259833017,0
BPTF,0,0.57330778316742,0.501327931961759,0.547332497169727,0,0.543283383283383,0.729996063937023,0,0.653342490842491,0,0,0.58405143442528,0.645936288609595,0,0.602292580180586,0.590709068153374,0,0.44802886092025,0,0,0.735494584295513,0.642482432275211,0.546049152349528,0.507249674618496,0,0.749934670180635,0,0.670350427294371,0
OXSR1,0,0.520895856397397,0.595424441775072,0.617042940289463,0.516319413395332,0.469141136641137,0.528084865357846,0,0.714880952380952,0,0,0,0.641992923548372,0,0.533221625271901,0.476897940607578,0,0.624544033350703,0,0,0.637629214853834,0.515561581980911,0.415702810331096,0.605445445095693,0,0,0.875432497172134,0.703413763928878,0
PRPF4B,0,0.468487634697837,0.560739859843212,0.469033761279988,0.432938325652745,0.478722111222111,0,0,0,0,0,0.616334694596511,0.565305268559649,0,0.498728526441275,0.445899874843555,0.485906498564726,0.401477556260331,0,0,0.691491252215978,0.595730430587005,0.517470929571055,0.504985434264201,0,0.623105228061381,0.718319582141194,0.644005745354854,0
SMC3,0,0.46229275688365,0.527684472615379,0.466583989815715,0.51824764198173,0.412752802752803,0.711711227379638,0,0,0,0,0.606572537094808,0.67926311016901,0,0,0.393593355330527,0.483301508617964,0,0,0,0.706117388356568,0.622221158552712,0.513230401638412,0,0,0.74721954631364,0.853059085767516,0.617115385876659,0
ATAD2B,0,0.479650270988854,0.547307834158262,0.44399817735124,0.389835930543468,0.526605339105339,0.696807948927183,0,0,0,0,0,0.632653873460682,0,0.552987865242867,0.506959153487314,0.414206047117439,0.443791002488189,0,0,0.698181314861575,0.550257161514061,0.520093981112755,0.562606240336825,0,0,0.739071129150309,0.613298266555607,0
TAF1,0,0.420112752704331,0.55463627205102,0.467624496775133,0,0.398884726384726,0.625080977295637,0,0.644551282051282,0,0,0,0.60897108626594,0,0.542219904860564,0.474323813858232,0.490585364003085,0.432188657171747,0,0,0.726671826528546,0.583720825418409,0.506565934691091,0.558981075462304,0,0.684679802855875,0,0.596922693495812,0
ZNF146,0,0.500669135725623,0.512960511474755,0,0.393382561307215,0.559747197247197,0.689291412662603,0,0.606501831501831,0,0,0.591586281062991,0.53560224918615,0,0.393899775129146,0.304818068039595,0.440685896382099,0.369231612077206,0,0,0.648963250939762,0.512059391889272,0.5137833655706,0.403270411684035,0,0.691730543177624,0,0.601495366331958,0
CDC5L,0,0.436119398118713,0,0.406853488164527,0,0.361758796758797,0.532897998367974,0,0.547893772893773,0,0,0.566295525446042,0.576739409012781,0,0.36619541024575,0,0.47068121751666,0,0,0,0.711975115363772,0.510990287571592,0.399170781658892,0,0,0.748920607741349,0.800868321245592,0.735687442202124,0
TTC3,0,0.364631545562733,0.467049885175569,0.413866927850355,0.40292168822647,0.463660783660784,0.714500648010368,0,0,0,0,0.634123051392707,0.559936553940085,0,0.442283530219749,0.35002616907498,0,0.371535171119064,0,0,0.614669849645874,0.465453431248382,0,0.47585461779684,0,0.698045943206979,0,0.522676443389235,0
SP3,0,0,0.487922529789794,0.424396482475796,0.399984634625242,0.490544455544456,0,0,0,0,0,0,0.700520601746225,0,0.409240262678559,0,0.564941387726198,0,0,0,0.672046464562736,0.530897289471174,0.559443395153032,0.514970169722487,0,0.641723351833167,0.684085767516136,0.680629103239304,0
GEMIN5,0,0.368368479631746,0.393434881814982,0.388102049540345,0,0.314858474858475,0.609832093313493,0,0.486034798534799,0,0,0.558929870996751,0.575851280802756,0,0.338363450102329,0.439070428945273,0.439294882332857,0.303626768218823,0,0,0.640389656242938,0.505717437126359,0,0,0,0.653387694127167,0,0.588506666841563,0
ATXN7,0,0,0.452916275159904,0.390329861845103,0.620023098440414,0.523979908979909,0,0,0.746245421245421,0,0,0,0.541322599597339,0,0.559957598406839,0.430593924223461,0,0.395855836890765,0,0,0.669505372694777,0.525296720120718,0.48999271817044,0.50920163607935,0,0,0.72567203406747,0,0
ZBTB33,0,0.443472480959643,0.551051470791121,0.452442020509496,0.388672192324114,0.348591686091686,0.613238227811645,0,0,0,0,0.558202112816424,0.556127457769445,0,0.424136061796991,0.408071680509728,0,0,0,0,0.678363613472518,0,0.386236887017863,0.400293061730768,0,0.634878039033623,0,0.717803385561845,0
NUDT21,0,0.440681821886889,0.430262909297019,0.423409997322398,0.444483767489134,0.401016206016206,0.507225651610426,0,0,0,0,0.60936304935313,0.637839918243221,0,0,0,0,0,0,0,0.662981483928835,0.553143743171795,0.45844965297531,0,0,0.692968725109984,0.645052897731053,0.610068799968519,0
ZNF510,0,0,0.529731281553549,0.460001550190955,0,0,0.638063457015312,0,0.56007326007326,0,0,0.51781616921073,0.638571909665173,0,0.43698160836639,0.328994879963591,0,0,0,0,0.637278196970396,0.565862590747217,0.54791785186028,0.492846957136992,0,0.558592054457538,0,0.593100327275351,0
AKAP9,0,0.420600339977266,0.463113649331685,0.451127881358719,0.390203691972095,0.375800033300033,0.567159026544425,0,0,0,0,0.600161775544544,0,0,0.475214017792131,0.377783820684947,0,0.351433814521222,0,0,0.682649042330157,0.502507329129354,0.461700762316532,0,0,0.678016161280586,0,0.56027310111431,0
MED13,0,0.487814764261187,0,0.491535017874172,0,0.441968864468865,0.674567081073297,0,0,0,0,0,0.654649479471147,0,0.526347444993925,0.508811241324383,0,0,0,0,0.697166969950289,0.556086924469876,0.479499146660599,0.485233685065644,0,0.64049677181376,0,0.631654544142821,0
HCFC1R1,0,-0.456202362056521,-0.448792158195903,-0.392843050212094,-0.420936960401414,0,0,0,-0.556776556776557,0,0,-0.50077179450334,-0.504774053593843,0,-0.423283780586686,0,0,-0.321055306123153,0,0,-0.570865632973902,0,-0.466010467629992,-0.54376326639355,0,0,-0.672133874509282,-0.58521423746155,0
USP12,0,0,0.54750812132992,0.476755356379506,0.437920737336475,0.417403707403707,0,0,0.575595238095238,0,0,0.526565491283126,0,0,0.410632325816966,0,0,0,0,0,0.654413167696423,0.525797731751944,0.447086130390261,0.384008918510495,0,0.619278622517766,0,0.592368773320151,0
RLIM,0,0.366525577583434,0.584001901559139,0.367134542482279,0,0.342281884781885,0.539642682282917,0,0.587912087912088,0,0,0,0,0,0.395607323577445,0.370040732734099,0,0,0,0,0.654738575252526,0,0.44000546137217,0.538968584306566,0,0.635571667686592,0,0.591757121026294,0
FAM117B,0,0,0.457958545252495,0.429692968239876,0,0.40278527028527,0.697848605577689,0,0,0,0,0,0.566890982699577,0,0.509652219652197,0.430996700420981,0.421211699692712,0.466446980180765,0,0,0,0.429471432729056,0.42268267152122,0.502892619736026,0,0,0,0.618062451220232,0
ZNF623,0,0.493796971030795,0.399653367758547,0,0,0.389521034521035,0.543421302740844,0,0.546108058608059,0,0,0,0.620209436143553,0,0,0.351814768460576,0,0,0,0,0.664482816056854,0.623856958034861,0,0.415917597679964,0,0.661826612541594,0,0.634472129126195,0
HIPK1,0,0.41705014145959,0.520687101476657,0.436950680439879,0.529699884004015,0,0,0,0,0,0,0,0,0,0.506393314973091,0.351751280009102,0,0.456753482946761,0,0,0.70372995845262,0.564262428075658,0.393424052793264,0.539288288012858,0,0,0.848892141859073,0,0
FAM173A,0,-0.443496934424699,-0.447292942683831,-0.368839752533153,0,-0.440882450882451,0,0,-0.621794871794872,0,0,0,0,0,-0.386590668433783,0,-0.429102543026594,0,0,0,-0.608197572531966,0,-0.388741836386392,-0.50293149081507,0,-0.620823518513983,0,-0.624823081110506,0
LIN54,0,0.408659638889012,0.414326272415408,0.434721693748033,0.353500597612321,0,0.550505448087169,0,0.594322344322344,0,0,0,0,0,0,0.409538286494482,0,0,0,0,0.574523511062488,0.466856543320212,0.423518944134714,0.388727277888907,0,0,0.831550668707166,0,0
PDS5B,0,0,0,0.485935540241548,0.44713618382026,0,0,0,0,0,0,0,0,0,0.512510422385101,0.382421208328593,0.493013315798126,0,0,0,0,0.572864874647519,0.597502560018205,0,0,0.790657108409195,0.906048306607226,0.654100779820425,0
ZNF844,0,0.434060119955361,0.543340614779883,0.333806611329547,0.385505917558467,0.320648518148518,0,0,0.572985347985348,0,0,0,0.533186721229501,0,0.373856983055441,0,0,0.36866176161011,0,0,0.629988735365946,0,0,0,0,0.5684482478257,0,0.65078736284277,0
NUP160,0,0,0.508084575149605,0,0,0,0,0,0,0,0,0,0.618242491657397,0,0,0,0.605913074267505,0,0,0,0.703075722113482,0.579961491281734,0.524399817954261,0.558167294136145,0,0,0.849582473883825,0.672921408005457,0
FAM120B,0,0,0.379516703200277,0,0.382667101599132,0.359208014208014,0.480009600153602,0,0.647985347985348,0,0,0,0.492807648515826,0,0.329803312653177,0,0,0.305405771493845,0,0,0.591183615490064,0,0,0.374177592788323,0,0.60717543326239,0,0.519683087275613,0
ETV3,0,0.483855525964393,0.481887817699707,0.425757597110068,0.518635554721515,0,0,0,0,0,0,0,0,0,0.484503320233094,0,0.558239229125305,0,0,0,0.659597792741681,0.60078526760275,0,0,0,0.617394062504525,0,0.62742965830693,0
KCTD20,0,0,0.452602648491906,0.450881260070369,0.435487466514188,0.391620879120879,0,0,0,0,0,0,0.580255329571083,0,0,0,0,0,0,0,0.667417837768938,0.532096363333355,0,0.438610446274928,0,0,0.759639696586599,0.644021486053086,0
ZNF286A,0,0.374017230059681,0.409717013541132,0.398002132686951,0,0,0.595534008544137,0,0,0,0,0,0.63286701256821,0,0,0.426179770167255,0,0.389907995679317,0,0,0,0.471390803396957,0.468206166799408,0,0,0,0.647722736043649,0.538548314105633,0
SPEN,0,0,0.464563619769896,0.435630669353664,0.492019451053095,0,0.688295300724811,0,0,0,0,0,0,0,0.525860607633665,0,0.484060243553914,0,0,0,0,0.501785509024673,0,0.464116752998314,0,0.656532917481486,0,0.614893323976363,0
SF3A1,0,0.47059285573493,0,0.360534487051208,0.507950321980169,0.332609057609058,0,0,0,0,0,0,0,0,0.461368496489121,0.322474229150074,0.422273928603042,0,0,0,0.614132717017222,0,0,0.392246857557149,0,0.651628438977345,0,0.685542824537125,0
GNPTG,0,-0.394589263298609,-0.436386864919162,-0.383568915383062,0,0,0,0,-0.619642857142857,0,0,0,-0.437730432969792,0,-0.349223632801284,0,-0.469416659290077,0,0,0,-0.623813811747281,-0.474463255478548,0,-0.425470383731798,0,-0.561328264340931,0,0,0
ATP5D,0,0,-0.50771266742114,-0.479385983455235,0,-0.45463036963037,0,0,-0.544230769230769,0,0,0,0,0,-0.443524339571069,0,-0.492912151139999,-0.366514361439629,0,0,-0.632808901602385,0,0,0,0,-0.68147021650827,0,-0.56766335893383,0
ZRANB1,0,0,0,0,0.416031375591472,0.424206904206904,0.63723400374406,0,0,0,0,0.558505731675096,0,0,0.503425318299067,0,0,0.345905272820764,0,0,0,0.487234510128366,0,0.424707156646081,0,0.645936503651196,0,0.66122606921972,0
ZNF462,0,0.346722716972631,0,0,0,0,0.651344693515096,0,0,0,0,0,0.63259162284583,0,0.339375139252253,0.399142337012174,0.458844952515839,0,0,0,0.57806858641159,0.568469668008171,0.394491751052452,0,0,0.725740814369577,0,0,0
SLK,0,0.355274760615397,0.52284019383771,0.457622241951925,0.381694800835776,0,0,0,0,0,0,0.463996829384743,0,0,0.429855912679363,0,0,0,0,0,0.604457584996962,0.488558662208106,0.41264922061668,0.38536623981272,0,0.562674914951533,0,0,0
FAM98B,0,0.51198812599018,0,0,0,0,0,0,0.645604395604396,0,0,0,0.609914467363621,0,0.488659985621128,0,0,0,0,0,0.737524447110178,0.561694481430252,0,0,0,0.793871298690513,0,0.697880908500633,0
COX5B,0,0,-0.418505721633058,-0.397777824753261,0,-0.333490398490398,-0.488226563625018,0,0,0,0,0,-0.515904667629826,0,-0.473373476264525,0,0,0,0,0,-0.64809787602412,0,0,-0.432274678767656,0,-0.692830422941291,0,-0.617928655285267,0
TP53BP2,0,0.423889701534344,0,0,0.439709166201717,0.384704184704185,0,0,0,0,0,0,0,0,0.429368501083009,0.398560700876095,0,0.370051661840984,0,0,0,0.530361339790351,0.37263829787234,0.428617194119548,0,0.579251562436984,0,0.647468698965705,0
SOCS5,0,0,0.383183986799456,0,0,0.437253302253302,0,0,0,0,0,0.520787462163528,0,0,0.370918502116634,0,0,0.356779451908244,0,0,0.648898736374719,0,0.490476277164638,0.388696159187988,0,0.712993534787968,0,0.673485449692073,0
TMUB1,0,0,-0.460379936908172,-0.466669720073094,0,-0.395794205794206,0,0,-0.581272893772894,0,0,-0.473054405718233,0,0,0,0,-0.4568975328469,0,0,0,-0.5447585434879,0,-0.333830925019911,-0.458177230282754,0,-0.683876876816597,0,0,0
FBXL15,0,-0.372867176187957,-0.397030509408484,-0.417228023694434,0,-0.360949328449328,0,0,-0.61025641025641,0,0,0,0,0,0,0,-0.460716498691182,0,0,0,-0.606658900155695,0,0,-0.385079292633712,0,-0.54246530337437,-0.664823008849558,0,0
RHOD,0,-0.507828813888382,-0.407037390659823,-0.361860370072859,-0.460216903675473,0,0,0,-0.582142857142857,0,0,0,0,0,-0.443267541189955,-0.431597906474002,0,0,0,0,0,0,0,-0.374343450004804,0,-0.589397895707642,-0.659516601237607,0,0
PPIL4,0,0.426678878578913,0,0.355885088572274,0.370002002536546,0,0,0,0,0,0,0,0.455744769563386,0,0,0,0.413067944713514,0,0,0,0.577976995279098,0,0.428409147798384,0.373538512941012,0,0.636805429842588,0,0.588792622859429,0
NIN,0,0,0.439572755805305,0.434747530263955,0,0,0.662127586041377,0,0,0,0,0,0.644522456143932,0,0.417356056238386,0,0.423993727791196,0,0,0,0,0,0.440798498122653,0.426708689651558,0,0,0.706866724332956,0,0
RSBN1,0,0.499483513177453,0,0,0.515674571438287,0,0,0,0,0,0,0,0,0,0,0,0,0,0,0,0.693204407165887,0.566108554616382,0.455904653544203,0.507774652562434,0,0.705556984821199,0,0.650141994215294,0
BTAF1,0,0,0.436310427633859,0.419628470901037,0.412911700732878,0,0.531652282436519,0,0,0,0,0,0,0,0.406381715403998,0.348294003868472,0,0.41111324882924,0,0,0,0.556072250489045,0.409669814540904,0.607018741101144,0,0,0,0,0
USP32,0,0.455737746220458,0,0.405640346303264,0,0,0.46895943935103,0,0,0,0,0,0,0,0.336902708327112,0.335905791330072,0,0.310201401806266,0,0,0.697755616481634,0.436192814710596,0,0.448508267747487,0,0,0,0.513386807983158,0
LOC653653,0,0,0.367073559881736,0.355494017672177,0.345291457229472,0,0,0,0.55242673992674,0,0,0,0,0,0,0,0,0,0,0,0.597433283079582,0.452536834312239,0.323073159631357,0,0,0,0.641243595714951,0.678851438711507,0
AGPS,0,0,0,0,0,0,0.459340085441367,0,0,0,0,0.461018583328312,0.634532617426965,0,0,0,0.536235915982751,0,0,0,0,0,0.331905563772898,0.462254981175916,0,0.525593912052712,0.847137201410606,0,0
UQCR11,0,0,0,0,0,-0.458176545676546,0,0,0,0,0,-0.56757257881343,0,0,-0.510457413502817,0,-0.481505835936216,-0.399155016582174,0,0,-0.644646249044989,0,0,-0.449612817847503,0,-0.708364003205075,0,0,0
ZNF397,0,0.456666977892585,0,0,0.443998876564403,0,0.639521912350598,0,0,0,0,0,0.525650169038848,0,0.528980891719745,0.502622823984526,0,0,0,0,0,0.544926313906497,0.521021959267266,0,0,0,0,0,0
UHMK1,0,0.448428383210992,0.552083784869377,0.435241947227742,0,0,0,0,0.596978021978022,0,0,0,0,0,0,0,0.440483567065845,0,0,0,0.708492599592894,0.522794457008555,0,0.447192656423337,0,0,0,0,0
SCO2,0,0,0,-0.422503370490941,0,-0.387521367521368,0,0,-0.645467032967033,0,0,-0.646056894929333,0,0,-0.48462448404887,0,-0.438080906435337,-0.412658876553392,0,0,0,0,0,0,0,-0.610052523517354,0,0,0
NDUFA3,0,0,-0.403989714561819,0,0,0,0,0,0,0,0,0,0,0,-0.38218949331704,0,-0.443619671467773,-0.338458824097816,0,0,-0.602331732329461,0,0,-0.531168709218124,0,-0.701192823977434,0,-0.604753690865804,0
SHARPIN,0,0,-0.421039125822006,-0.452988110505127,0,0,0,0,-0.718681318681319,0,0,-0.486921212065025,0,0,0,0,-0.407352141529357,0,0,0,0,0,-0.343995903970873,-0.457517732200103,0,-0.708857176584246,0,0,0
MRPL41,0,0,-0.531929006212083,0,-0.518900040680459,-0.457067932067932,0,0,0,0,0,0,0,0,-0.511267545783844,0,-0.498425625007903,0,0,0,0,0,0,0,0,-0.730886446921525,0,-0.699357910684655,0
BRAF,0,0.520758027776172,0.413456627158974,0.41505188442152,0.385314480102469,0,0,0,0.589789377289377,0,0,0,0,0,0,0,0,0,0,0,0.620810560995198,0.492132824681915,0,0.48695940811139,0,0,0,0,0
AURKAIP1,0,0,-0.499050821211104,-0.442714572264735,0,-0.455640193140193,0,0,0,0,0,0,0,0,-0.504112908597693,0,0,0,0,0,-0.656878699323809,0,0,0,0,-0.733295317118033,0,-0.621076794931495,0
ZNF254,0,0.482188985270122,0.500205173765814,0,0,0,0,0,0,0,0,0,0.613703299282587,0,0,0,0,0,0,0,0.661831658430959,0.536415405024581,0.427674365684378,0,0,0,0,0.650304648097015,0
FAM195A,0,0,0,-0.518579978109425,0,-0.487534965034965,0,0,-0.58768315018315,0,0,0,0,0,-0.497936999409685,0,-0.486134119045511,0,0,0,0,0,0,0,0,-0.675367978609756,0,-0.61389116618898,0
USP3,0,0.431936373565952,0.436982229015711,0.362292544521015,0,0,0,0,0.513278388278388,0,0,0,0.487495936215717,0,0,0,0,0,0,0,0.603550568862065,0,0,0.380356238153056,0,0.610854620848564,0,0,0
MFAP3,0,0,0.443859710094377,0,0,0,0,0,0,0,0,0,0.634840371637629,0,0.36243278566523,0,0,0,0,0,0.696427105188457,0,0,0.394220765891283,0,0.673172730937459,0,0.621126640475894,0
INO80D,0,0,0.491678530348383,0,0,0,0.616481543704699,0,0,0,0,0,0.604824203972085,0,0.480868061218161,0,0,0.411464390600789,0,0,0.642604167562702,0,0,0.563224246818249,0,0,0,0,0
CEP135,0,0.474498000002964,0,0,0,0,0.566532328517256,0,0,0,0,0,0,0,0,0,0.433654952642294,0,0,0,0,0.546785716906068,0.518286722038912,0.502057546667133,0,0,0.739503626322443,0,0
ZFHX3,0,0.430117183968605,0,0,0,0.374035131535132,0,0,0,0,0,0,0,0,0.521922611350121,0.478544999431107,0.50866854664323,0.404247003647733,0,0,0,0,0.377667538969166,0,0,0.659129259858726,0,0,0
SF3B1,0,0,0.539860432973305,0,0,0.485579698079698,0,0,0,0,0,0,0,0,0,0,0.543494480203341,0.451416473121693,0,0,0,0.548901565189684,0.542153145977927,0.631372127252557,0,0,0,0,0
STUB1,0,0,0,-0.377921287879856,0,-0.431765734265734,0,0,-0.565064102564103,0,0,0,0,0,-0.44453258330443,0,-0.46023596656508,0,0,0,-0.574087744500427,0,-0.372833314370236,-0.453394558922441,0,0,0,0,0
PGP,0,0,0,-0.37265885934131,0,0,0,0,-0.633562271062271,0,0,-0.506807088457385,0,0,-0.38305969069347,0,-0.359526549399967,0,0,0,0,0,-0.342214131300489,-0.417571256365685,0,-0.561446493358642,0,0,0
ARHGAP19,0,0.403165019392339,0,0.465140668085326,0,0,0.525095761532185,0,0,0,0,0,0,0,0.476172877221432,0.421233132324497,0,0,0,0,0,0,0,0.45306797634542,0,0,0.82013939716548,0,0
PBX1,0,0,0,0,0.541116861231774,0,0.563237555800893,0,0,0,0,0,0.550602023217876,0,0,0,0,0.521603415134124,0,0,0,0,0,0,0,0.706434770822626,0,0.639275665536397,0
TMEM134,0,0,0,0,0,-0.399392274392274,-0.530671530744492,0,-0.685622710622711,0,0,0,0,0,-0.399823020435914,0,-0.487727462411007,0,0,0,-0.598049724698756,0,0,-0.415157209493278,0,0,0,0,0
COX6B1,0,0,0,0,-0.378272856309816,-0.395552503052503,0,0,0,0,0,0,0,0,-0.402071039895627,0,0,0,0,0,-0.603051362977711,0,0,-0.437300294371992,0,-0.696945971364637,0,-0.600432869201356,0
ZNF24,0,0,0,0,0,0,0.626795180722892,0,0,0,0,0.577951244837321,0,0,0.46947039353548,0.390980771418819,0,0,0,0,0,0.512621894487789,0.444661053589714,0.455432342484779,0,0,0,0,0
BRD3,0,0,0,0,0.480468971388916,0,0.726460903374454,0,0,0,0,0,0.62010111715799,0,0.467063655219462,0,0,0,0,0,0,0.544090595760128,0,0,0,0,0,0.622572161263453,0
HSPB1,0,0,0,-0.361982506329946,0,0,0,0,0,0,0,0,-0.518375885832081,0,-0.349039532709636,0,-0.389800073344377,-0.33628769813196,0,0,0,0,-0.355154397542383,-0.431995483966772,0,-0.640931935628167,0,0,0
SERTAD1,0,0,0,0,0,-0.393387723387723,-0.590897518360294,0,-0.545100732600733,0,0,-0.594550620912155,0,0,-0.403256148345855,-0.435201956991694,0,-0.357595187891044,0,0,0,0,0,0,0,0,0,0,0
YOD1,0,0,0,0,0,0,0.497061776988432,0,0,0,0,0,0,0,0.357394897567766,0,0,0.350467096204218,0,0,0,0.47898214281347,0.35519558539083,0.40416597513998,0,0,0.713595382260962,0,0
KIAA1549,0,0,0,0,0,0,0.687463543416695,0,0,0,0,0,0.52213177011883,0,0,0.297325065422687,0,0.410630105359787,0,0,0.553924596940367,0,0,0,0,0,0,0.622257347298831,0
CD2AP,0,0,0.403775167802905,0,0,0.330853313353313,0,0,0,0,0,0,0,0,0,0,0,0,0,0,0.557219042979212,0,0.413461599726931,0,0,0.575790785466081,0.811772240335352,0,0
E2F5,0,0.503593918349139,0,0,0,0,0,0,0,0,0,0,0.547841274052865,0,0,0,0,0,0,0,0,0,0,0,0,0.565572262514827,0.783751413933063,0.652062359399492,0
HEATR6,0,0,0,0,0,0,0.57507800124802,0,0,0,0,0,0.578930280769225,0,0,0.432313573785414,0,0.3527848907233,0,0,0.585568013600452,0.509635390008207,0,0,0,0,0,0,0
NFAT5,0,0,0.368069603636132,0.365624280687909,0,0,0,0,0,0,0,0,0,0,0.437782667717136,0,0,0,0,0,0,0.470226667584373,0.383171009216066,0.383754400293499,0,0.57320484797903,0,0,0
FASTK,0,0,-0.427655911315056,-0.419660179352396,0,-0.31981018981019,0,0,0,0,0,0,0,0,0,0,-0.382794420769104,0,0,0,0,0,0,0,0,-0.721340190370818,0,-0.656446143856865,0
CDK2AP2,0,0,0,-0.378284173489856,0,0,0,0,-0.636721611721612,0,0,-0.517225155401866,0,0,0,0,0,0,0,0,0,0,-0.362633519171692,-0.438821179933788,0,-0.573269118893642,0,0,0
C2orf44,0,0.412964930767053,0,0,0,0,0,0,0,0,0,0,0.558275614232794,0,0,0.391961997951985,0,0.375150982334204,0,0,0,0,0,0.423734069408898,0,0,0.720748220107792,0,0
BCL7C,0,-0.419167959736258,-0.447963269662275,-0.404397844764817,0,0,0,0,-0.595283882783883,0,0,0,0,0,-0.424276979334391,0,0,0,0,0,0,0,0,-0.562086831002525,0,0,0,0,0
RNF38,0,0,0,0,0,0.494071484071484,0.652277060432967,0,0.670054945054945,0,0,0,0,0,0.524381145761793,0,0,0,0,0,0,0,0,0.511805779998428,0,0,0,0,0
PYGO1,0,0,0,0,0,0,0.505416982671723,0,0,0,0,0,0.587566350845632,0,0,0.299084082375697,0.372880284272689,0,0,0,0,0.4481035055414,0,0,0,0,0,0.604930613389345,0
COMMD4,0,0,-0.389374016757227,-0.357439977075964,0,0,0,0,0,0,0,0,0,0,-0.384813407723705,0,-0.398854310246715,0,0,0,-0.624852691743152,0,0,0,0,-0.65673199157517,0,0,0
ZEB1,0,0,0,0,0,0.339158896658897,0.549541592665483,0,0,0,0,0,0.650227644812862,0,0,0,0,0,0,0,0,0.480084088897771,0,0,0,0,0.762492514472021,0,0
USP6NL,0,0.36102206591765,0,0.35711936940111,0.421347543366251,0,0,0,0,0,0,0,0.444510793265271,0,0,0,0,0,0,0,0.629039296017066,0,0,0,0,0,0,0.558258291740724,0
C9orf16,0,0,-0.523639467925723,0,0,-0.445963480963481,0,0,-0.671932234432234,0,0,0,0,0,-0.486299301039827,0,0,0,0,0,-0.611570609040954,0,0,0,0,0,0,0,0
NONO,0,0,0,0,0,0,0,0,0,0,0,0,0,0,0,0.381423825236091,0.396881599413245,0,0,0,0,0.502821072814739,0,0,0,0,0.815390245525318,0.629196371769058,0
PUS7L,0,0.483164900830084,0.558480252367313,0.465320349309695,0,0,0,0,0,0,0,0,0,0,0,0,0,0,0,0,0.682564195902191,0,0,0.516040762222552,0,0,0,0,0
EDEM1,0,0,0.465644273217062,0,0.502508208510654,0,0,0,0,0,0,0,0,0,0.430596677240267,0,0,0,0,0,0,0,0,0.469757317808195,0,0,0.8297957282587,0,0
KIF3A,0,0,0,0.38584605194549,0,0,0.646079969279508,0,0,0,0,0,0,0,0.459814154230627,0.329426555922176,0,0.367057897842764,0,0,0,0.501650648153227,0,0,0,0,0,0,0
FAM102B,0,0,0,0,0.380091512141795,0,0,0,0,0,0,0,0,0,0,0.29255432927523,0.364255997167389,0,0,0,0.563467571851631,0,0,0.445687712371485,0,0,0,0.584558375035253,0
LRRN1,0,0,0,0.36631834345655,0.378434511702042,0,0.616850189603034,0,0,0,0,0,0.555857753700413,0,0,0,0,0,0,0,0,0,0,0,0,0,0.703464967729057,0,0
TTF2,0,0.471000413485864,0,0,0.405931790330645,0,0,0,0,0,0,0,0,0,0,0,0,0,0,0,0,0,0,0.418486255361152,0,0,0.763914764788077,0.5517757475192,0
C16orf13,0,0,0,0,-0.431843857565495,0,0,0,0,0,0,0,0,0,-0.445011381359378,0,-0.541243566560022,0,0,0,0,0,0,-0.553676374245508,0,-0.639164393397665,0,0,0
PUSL1,0,0,-0.375437576603156,0,0,0,0,0,-0.568498168498168,0,0,-0.464617973309353,0,0,0,0,0,0,0,0,0,0,0,0,0,-0.573013508493982,0,-0.564649015222567,0
DPP7,0,-0.458396504784728,-0.441224235063714,0,0,0,0,0,0,0,0,0,0,0,0,0,-0.467722151266455,0,0,0,0,-0.505763555351828,0,0,0,-0.616453188399045,0,0,0
PLCG1,0,0,0,0,0,0,0,0,0,0,0,0,0,0,0,0.33696256684492,0.431125836189127,0.399951340550576,0,0,0,0.519619985822139,0,0,0,0,0.784791070596846,0,0
E2F7,0,0,0,0.382448550101702,0.365535968201231,0,0,0,0,0,0,0,0,0,0,0.352480373193765,0,0,0,0,0,0,0,0,0,0,0.81109022556391,0.538270228436883,0
UBR5,0,0,0,0,0,0,0,0,0,0,0,0,0.597728071236863,0,0,0,0,0,0,0,0,0.609629485477825,0,0.514482534219652,0,0.701952288882476,0,0,0
DYNC1I2,0,0,0,0,0,0,0,0,0,0,0,0,0,0,0,0,0.484186699376573,0,0,0,0.641776230644653,0,0,0,0,0.648996738389202,0,0.642814699188698,0
RPL35,0,0,-0.452870737157472,0,-0.442534128134631,-0.445530303030303,0,0,0,0,0,0,0,0,-0.47793911259851,0,0,0,0,0,0,0,0,0,0,0,0,-0.581234464258777,0
RBM42,0,0,-0.471310574021054,-0.363570277672083,0,0,0,0,0,0,0,-0.550113335589229,0,0,0,0,0,0,0,0,0,0,0,-0.374076265930591,0,-0.617681794149284,0,0,0
HIPK2,0,0,0,0,0,0,0.610331301300821,0,0,0,0,0,0,0,0,0.294647172602116,0.417493898506557,0.374808036746512,0,0,0,0,0,0,0,0.669519601616091,0,0,0
EXOSC4,0,0,-0.422103244888085,-0.397889391526562,0,0,0,0,0,0,0,0,0,0,-0.410115972721489,0,-0.43072117755662,0,0,0,0,0,0,0,0,-0.700169553670726,0,0,0
RPL18,0,0,-0.369758764433093,0,0,-0.387856587856588,0,0,0,0,0,0,0,0,-0.371557971430606,0,0,0,0,0,0,0,0,0,0,-0.595130529807801,0,-0.620984974191814,0
DCLRE1B,0,0,0,0,0.442949748927258,0,0,0,0,0,0,0,0.465763765477004,0,0,0,0,0,0,0,0,0,0,0,0,0,0.884939117705769,0.546531471558526,0
TNFRSF12A,0,0,0,-0.396471906312096,0,0,0,0,0,0,0,0,0,0,-0.35107519966189,-0.443728979406076,0,-0.312865161559725,0,0,0,0,-0.33991785186028,-0.469159947938959,0,0,0,0,0
DHX30,0,0,0,0,0.597284862712895,0,0.579090865453847,0,0,0,0,0,0,0,0,0.540965525088179,0,0.546991310319599,0,0,0,0,0,0,0,0,0,0,0
UBXN4,0,0,0,0,0,0,0,0,0,0,0,0.600972970968475,0,0,0,0,0,0,0,0,0,0,0.427918079417454,0,0,0.625392370250559,0,0.606301526191866,0
AZIN1,0,0.419888225434271,0,0,0.364013284751881,0,0,0,0,0,0,0,0.436122267788441,0,0,0,0,0,0,0,0,0.462845655226435,0,0,0,0,0,0.55136124246578,0
PHLPP2,0,0,0.398538297523234,0.410178178008897,0,0,0.564070849133586,0,0,0,0,0,0,0,0.351710879017643,0,0,0,0,0,0,0.457507820008951,0,0,0,0,0,0,0
PPP1CC,0,0.438389865298458,0,0,0,0,0,0,0.538507326007326,0,0,0,0,0,0,0,0.430695886392089,0,0,0,0,0,0,0,0,0,0.724923481269546,0,0
MYD88,0,0.450260911062006,0,0,0.417890334045766,0,0,0,0,0,0,0,0,0,0,0,0,0,0,0,0,0,0,0,0,0,0.686023687537428,0.538330567780103,0
USP13,0,0,0,0,0,0,0.59317774684395,0,0,0,0,0,0.541776139791264,0,0,0.409943565820913,0,0,0,0,0,0.54720637102322,0,0,0,0,0,0,0
WWC2,0,0,0,0,0,0,0,0,0.487728937728938,0,0,0,0,0,0,0,0,0,0,0,0.591599245687886,0,0.421883945841393,0,0,0.586654503687659,0,0,0
NRF1,0,0,0,0,0,0,0.468494791916671,0,0,0,0,0,0,0,0,0.490303788826943,0,0.390555925582102,0,0,0,0,0,0,0,0,0.705827067669173,0,0
NFATC2,0,0,0,0,0.389996500870359,0.406290098790099,0,0,0.50206043956044,0,0,0,0,0,0.341304687374386,0,0.41013416962784,0,0,0,0,0,0,0,0,0,0,0,0
KDM2A,0,0,0,0,0,0.436016483516484,0.48318763500216,0,0,0,0,0,0,0,0,0,0,0,0,0,0.569953729371957,0,0,0,0,0.559289826650846,0,0,0
GLTPD1,0,0,0,-0.359375366995965,0,0,0,0,-0.553113553113553,0,0,-0.525503984128382,0,0,0,0,0,0,0,0,0,0,0,0,0,-0.551821049148097,0,0,0
KIF21A,0,0.438238698423567,0,0.404642117278992,0,0,0.515164594633514,0,0,0,0,0,0,0,0,0,0,0,0,0,0.627485863490308,0,0,0,0,0,0,0,0
CBX5,0,0,0,0,0,0,0.666810156962511,0,0,0,0,0,0,0,0,0,0,0.460075094299252,0,0,0,0,0,0,0,0,0.810092155166678,0,0
ZNF175,0,0,0,0,0,0.384635364635365,0,0,0,0,0,0,0.522414011782423,0,0,0,0,0,0,0,0.621809168262588,0,0.406030947775629,0,0,0,0,0,0
ZNF271,0,0,0,0,0,0,0.5058608937743,0,0,0,0,0.573255582183367,0.462282104624769,0,0,0.392612356354534,0,0,0,0,0,0,0,0,0,0,0,0,0
STRN3,0,0,0,0.396504789150542,0,0,0,0,0,0,0,0,0,0,0,0,0.422805043058207,0,0,0,0.614309252327021,0.493579259935246,0,0,0,0,0,0,0
RASSF8,0,0,0,0.330412632647022,0,0,0,0,0,0,0,0,0,0,0,0,0,0,0,0,0.560907712110205,0.438679705080936,0,0,0,0.595001067191834,0,0,0
ETV2,0,0,-0.392107034104846,0,0,-0.367012154512155,0,0,0,0,0,0,0,0,0,0,0,0,0,0,-0.619869137092278,0,0,0,0,-0.541648105140587,0,0,0
ZNF782,0,0,0,0.410481169877441,0,0,0.583934718955503,0,0,0,0,0,0,0,0,0.369080441460917,0,0,0,0,0,0.551043966390994,0,0,0,0,0,0,0
ZMYM3,0,0,0,0,0,0.399310689310689,0,0,0,0,0,0,0,0,0,0.442087837069064,0,0.453416341982752,0,0,0,0.619668584649129,0,0,0,0,0,0,0
LENG1,0,0,-0.393402171122208,0,0,0,0,0,0,0,0,0,0,0,0,0,0,0,0,0,0,0,0,-0.411117346983342,0,-0.554938004349428,0,-0.551555377743964,0
MFSD6,0,0,0,0,0,0.344853202353202,0,0,0,0,0,0,0,0,0.348430842450288,0,0,0,0,0,0.555049789604318,0,0,0,0,0,0.643564109388516,0,0
ZSWIM5,0,0,0,0,0,0.324971694971695,0.463743867901886,0,0,0,0,0,0.530871785601302,0,0,0,0,0,0,0,0.557751581388838,0,0,0,0,0,0,0,0
UBXN2A,0,0,0,0,0,0,0,0,0,0,0,0.468625278703571,0.530588086077876,0,0,0,0,0,0,0,0,0,0.325463647741495,0,0,0,0,0.534112060654157,0
PAWR,0,0,0.367268623452745,0,0,0.327315184815185,0,0,0.612774725274725,0,0,0,0,0,0,0,0,0,0,0,0.54670160488778,0,0,0,0,0,0,0,0
TTC33,0,0,0,0,0,0,0,0,0,0,0,0,0,0,0,0,0,0,0,0,0,0.489392982832491,0,0,0,0,0.786887018431034,0.572348840107299,0
SEC23A,0,0,0,0.362166885102665,0,0,0,0,0,0,0,0,0,0,0,0,0.392531519113798,0,0,0,0,0,0,0,0,0.537770119696752,0,0.544577001528159,0
GSPT1,0,0,0,0,0,0,0,0,0.594505494505495,0,0,0.53657332511322,0.663275052956758,0,0,0,0,0,0,0,0,0,0,0,0,0,0,0,0
TASP1,0,0,0,0,0,0,0,0,0,0,0,0.579633895916674,0,0,0,0,0,0,0,0,0,0,0.432776652633974,0,0,0,0.77772972253643,0,0
C19orf24,0,0,0,0,0,0,0,0,0,0,0,0,0,0,-0.493243882662894,0,-0.608341026062545,0,0,0,0,0,0,0,0,-0.684466364489012,0,0,0
ZMYM1,0,0,0,0,0,0,0,0,0.68264652014652,0,0,0,0,0,0,0,0,0,0,0,0,0.578677867339527,0.514705654795768,0,0,0,0,0,0
WHSC1,0,0,0,0,0,0,0.595849661594586,0,0,0,0,0,0,0,0,0.412378200022756,0,0,0,0,0,0,0,0,0,0,0.76151939583472,0,0
VPS4B,0,0,0.473464572087058,0,0,0,0,0,0,0,0,0,0,0,0,0,0,0,0,0,0,0,0,0,0,0.67379610356199,0,0.615622642994406,0
CHFR,0,0,0,0,0,0,0,0,-0.559844322344322,0,0,-0.518481349458353,0,0,0,0,0,0,0,0,0,0,0,0,0,0,0.680758866192029,0,0
TFPT,0,0,-0.377048636145252,-0.370689412195775,0,0,0,0,0,0,0,0,0,0,0,0,0,0,0,0,0,0,0,-0.414170692079909,0,-0.590437556018364,0,0,0
ZNF217,0,0.405104253272689,0,0,0.52587617271185,0.413028083028083,0,0,0,0,0,0,0,0,0,0.397104107406986,0,0,0,0,0,0,0,0,0,0,0,0,0
SMARCE1,0,0.427681470646209,0,0,0,0,0,0,0,0,0,0.737265390694893,0.570417399848674,0,0,0,0,0,0,0,0,0,0,0,0,0,0,0,0
ATF2,0,0,0,0,0,0,0,0,0,0,0,0,0,0,0,0,0.556721759253405,0,0,0,0,0.591001914954498,0.554736375014222,0,0,0,0,0,0
ARCN1,0,0,0,0,0,0,0,0,0,0,0,0,0.483518748806377,0,0,0,0,0,0,0,0,0,0,0,0,0.615007369056299,0.5981851753277,0,0
SEL1L,0,0,0.423951051491854,0,0,0,0,0,0,0,0,0,0,0,0.368769940348355,0,0.456492874214393,0,0,0,0,0,0,0.434590346869786,0,0,0,0,0
C5orf24,0,0,0.482852856856703,0,0,0,0,0,0,0,0,0,0.563637476911145,0,0,0,0,0,0,0,0,0,0,0,0,0,0,0.627593443999187,0
NUBPL,0,0,0,0.392141941120929,0,0,0,0,0.672344322344322,0,0,0.5988731336711,0,0,0,0,0,0,0,0,0,0,0,0,0,0,0,0,0
ODF3B,0,0,0,0,0,0,0,0,0,0,0,-0.543006204501981,0,0,0,0,-0.438080906435337,0,0,0,0,0,0,0,0,-0.674363584431264,0,0,0
JRK,0,0,0,0,0,0,0.594574761196179,0,0,0,0,0,0.519862757075358,0,0,0,0,0,0,0,0,0.536150574608633,0,0,0,0,0,0,0
ATP6V0A2,0,0,0,0.405746041141128,0,0,0,0,0,0,0,0,0,0,0,0,0.451282894320869,0,0,0,0,0,0,0,0,0,0.785888948033801,0,0
VGLL4,0,0,0,0,0.723021487594979,0.442495282495283,0,0,0,0,0,0,0,0,0,0,0,0.443312172799713,0,0,0,0,0,0,0,0,0,0,0
SETD1A,0,0,0,0,0.343887162733173,0,0.523412278596457,0,0,0,0,0,0,0,0,0.36543292752304,0,0.367956889798426,0,0,0,0,0,0,0,0,0,0,0
ZNF573,0,0,0.508126616709667,0,0,0.434749417249417,0,0,0.648443223443223,0,0,0,0,0,0,0,0,0,0,0,0,0,0,0,0,0,0,0,0
KANK1,0,0.341716425762985,0,0,0,0.413527583527584,0.45579570873134,0,0,0,0,0,0,0,0.368295621334938,0,0,0,0,0,0,0,0,0,0,0,0,0,0
GPC2,0,0,0,0,0,0,0.499473335573369,0,0,0,0,0,0,0,0,0,0,0.354766641704254,0,0,0,0,0,0,0,0,0.724690598176858,0,0
GTPBP10,0,0.410257265272671,0,0,0,0,0,0,0,0,0,0.559861586883665,0,0,0,0,0,0,0,0,0.601051900208089,0,0,0,0,0,0,0,0
SPDYE3,0,0,0,0,0,0,0,0,0,0,0,0.493929940527787,0,0,0,0,0,0.381859774510041,0,0,0,0,0,0,0,0,0.691263557122896,0,0
TSEN15,0,0,0,0,0,0,0,0,0.546520146520146,0,0,0.478014286310266,0,0,0,0,0,0,0,0,0,0,0,0,0,0,0,0.533162371860879,0
SNX29,0,0,0,0,0,0,0.500686026976432,0,0,0,0,0,0,0,0,0,0.390634681773922,0,0,0,0.644746344370146,0,0,0,0,0,0,0,0
SEPT10,0,0,0,0,0,0,0,0,0,0,0,0,0,0,0,0,0,0,0,0,0,0.458064732519533,0.418464444191603,0,0,0.65833618623759,0,0,0
MBLAC1,0,0,0,-0.383047487516265,0,0,0,0,-0.55448717948718,0,0,0,0,0,0,0,0,0,0,0,0,0,0,0,0,-0.592894215046797,0,0,0
TTLL5,0,0,0,0.39745134514297,0,0,0,0,0.633791208791209,0,0,0,0,0,0,0,0.495770052732078,0,0,0,0,0,0,0,0,0,0,0,0
B4GALT6,0,0,0,0,0,0,0,0,0,0,0,0.520361005140661,0,0,0,0.341537148708613,0,0,0,0,0,0,0,0,0,0,0.663816621199015,0,0
CDK5,0,0,0,0,0,0,0,0,0,0,0,0,0,0,-0.417937183165235,0,-0.391266960887214,0,0,0,0,0,0,0,0,-0.687742155403388,0,0,0
CNOT8,0,0,0,0,0,0,0,0,0,0,0,0,0,0,0,0,0,0,0,0,0,0,0,0,0,0,0.846105862000133,0.63745236799129,0
USP22,0,0,0,0,0,0,0.69637478999664,0,0,0,0,0,0,0,0.388965249528552,0,0,0.395833405229683,0,0,0,0,0,0,0,0,0,0,0
LYSMD4,0,-0.396796744280483,0,0,0,0,0,0,-0.676007326007326,0,0,0,0,0,0,0,-0.386385766132602,0,0,0,0,0,0,0,0,0,0,0,0
ZNF93,0,0,0,0,0,0,0,0,0,0,0,0,0.615589624119999,0,0,0,0,0,0,0,0,0,0,0,0,0,0.820222569698583,0,0
RERE,0,0,0,0,0.490186941194696,0,0,0,0,0,0,0,0,0,0.454481108780989,0,0,0.485398282770068,0,0,0,0,0,0,0,0,0,0,0
LRRCC1,0,0,0,0,0,0,0,0,0,0,0,0,0,0,0,0,0,0,0,0,0,0,0,0,0,0,0.772173797325172,0.646888916580858,0
DGAT1,0,0,0,-0.362492190325869,0,0,0,0,-0.541163003663004,0,0,-0.509379736801851,0,0,0,0,0,0,0,0,0,0,0,0,0,0,0,0,0
CDK2,0,0,0,0,0,0,0,0,0,0,0,0,0,0,0,0,0,0,0,0,0,0,0,0,0,0,0.857932996207333,0.55439395032498,0
DDX23,0,0.370052804664239,0,0,0,0,0,0,0,0,0,0,0,0,0,0.29979861190124,0,0,0,0,0,0,0,0,0,0,0.735719276066272,0,0
COPS6,0,0,0,0,0,0,0,0,0,0,0,0,0,0,-0.393401108505355,0,0,0,0,0,0,0,0,-0.452748491015977,0,-0.557796955105569,0,0,0
YWHAQ,0,0,0,0,0,0,0,0,0,0,0,0,0,0,0,0,0,0,0,0,0,0,0,0,0,0,0.806332756670437,0.595471925808842,0
USP25,0,0,0,0,0.382208659270296,0,0,0,0,0,0,0,0,0,0,0,0,0,0,0,0,0,0,0.377635917750544,0,0.635785934761523,0,0,0
CYHR1,0,0,0,-0.369984779943348,0,0,0,0,0,0,0,0,0,0,0,0,-0.392455645620202,0,0,0,0,0,0,0,0,0,-0.633059418457649,0,0
DIDO1,0,0,0,0,0,0.424439171939172,0.572800076801229,0,0,0,0,0,0,0,0,0,0,0.393784790643582,0,0,0,0,0,0,0,0,0,0,0
ANKRD11,0,0,0,0,0,0,0.514904238467815,0,0,0,0,0,0,0,0,0,0,0.404558890012389,0,0,0,0.471095926258355,0,0,0,0,0,0,0
ARHGAP21,0,0,0,0,0,0.32209262959263,0.483676090817453,0,0,0,0,0,0,0,0,0,0,0,0,0,0.580288669443791,0,0,0,0,0,0,0,0
ATMIN,0,0,0.381016719102771,0,0,0,0.487744251908031,0,0,0,0,0.516891406427449,0,0,0,0,0,0,0,0,0,0,0,0,0,0,0,0,0
C14orf2,0,0,0,0,-0.349190735938478,-0.352856032856033,0,0,0,0,0,0,0,0,0,0,0,0,0,0,0,0,0,0,0,-0.676946759558089,0,0,0
TAPT1,0,0,0,0,0,0,0,0,0,0,0,0.657809957771484,0,0,0,0,0,0,0,0,0,0,0,0,0,0,0.720598509548207,0,0
MOB2,0,0,-0.415511292561024,-0.398565838488893,0,0,0,0,0,0,0,-0.555386105844779,0,0,0,0,0,0,0,0,0,0,0,0,0,0,0,0,0
ZCCHC14,0,0,0,0,0,0,0.71986598185571,0,0,0,0,0,0.637954651812047,0,0,0,0,0,0,0,0,0,0,0,0,0,0,0,0
MRPL22,0,0,0,0,-0.348917433780902,0,0,0,0,0,0,0,0,0,-0.378159734105719,0,0,0,0,0,0,0,0,0,0,-0.629995475253949,0,0,0
EIF4G1,0,0.42945323534163,0,0,0,0.363886668886669,0,0,0.556547619047619,0,0,0,0,0,0,0,0,0,0,0,0,0,0,0,0,0,0,0,0
THOC6,0,-0.400373619305492,0,0,0,0,0,0,-0.567628205128205,0,0,0,0,0,0,0,0,0,0,0,0,0,0,-0.37776159362689,0,0,0,0,0
AIP,0,0,0,0,0,0,0,0,0,0,0,0,0,0,-0.381847707994055,0,0,0,0,0,0,0,0,-0.39980815593854,0,-0.564064105909628,0,0,0
KIFC2,0,0,0,-0.343794773507706,0,0,0,0,-0.50018315018315,0,0,-0.488724383607363,0,0,0,0,0,0,0,0,0,0,0,0,0,0,0,0,0
MAP3K5,0,0,0,0,0.429900515495729,0,0,0,0,0,0,0,0,0,0,0,0,0,0,0,0.548199809036887,0,0,0.353801394991309,0,0,0,0,0
OSCAR,0,0,0,0,0,0,0,0,0,0,0,-0.499633803208626,0,0,0,0,0,-0.339160244884718,0,0,0,-0.491283131315708,0,0,0,0,0,0,0
MAN1A1,0,0.365211018583151,0,0,0,0,0,0,0.553067765567766,0,0,0,0,0,0,0,0.405101227886038,0,0,0,0,0,0,0,0,0,0,0,0
CTCFL,0,0,0,0,0,0,0,0,0,0,0,0,0,0,0,0,0.506139430190063,0,0,0,0,0,0,0,0,0,0.807563710160357,0,0
RIOK1,0,0,0,0,0,0,0,0,0,0,0,0,0.498125192255265,0,0,0,0.422375093261169,0,0,0,0,0,0.385484355444305,0,0,0,0,0,0
CYC1,0,0,0,0,0,0,0,0,0,0,0,0,0,0,-0.385033340147602,0,0,-0.329185920509095,0,0,0,0,0,0,0,-0.586979725565036,0,0,0
GNE,0,0,0,0,0,0,0,0,0,0,0,0.54659274744937,0,0,0,0,0,0,0,0,0,0,0,0,0,0,0.751339077782953,0,0
WIZ,0,0,0,0,0,0,0,0,0,0,0,0,0,0,0,0.3588171578109,0,0.351347970279774,0,0,0,0,0,0,0,0,0,0.575866886161959,0
IKZF4,0,0,0,0,0.450551831061483,0,0,0,0,0,0,0,0,0,0,0.404671976334054,0,0.422848027221683,0,0,0,0,0,0,0,0,0,0,0
PREX2,0,0,0,0,0,0.355863020893543,0,0,0,0,0,0,0,0,0.422888246765328,0,0.492738228479029,0,0,0,0,0,0,0,0,0,0,0,0
ZNF878,0,0,0,0,0,0,0,0,0,0,0,0.494968270670418,0,0,0,0,0,0,0,0,0,0,0,0,0,0,0.776049637367756,0,0
MYO6,0,0.442757402360278,0.413785966754731,0,0.40773785159315,0,0,0,0,0,0,0,0,0,0,0,0,0,0,0,0,0,0,0,0,0,0,0,0
BACH1,0,0,0,0,0,0,0,0,0,0,0,0,0.62381545243951,0,0,0,0,0,0,0,0,0,0,0,0,0.610136407189577,0,0,0
LY6E,0,0,0,-0.393298712401997,0,0,0,0,-0.48489010989011,0,0,0,0,0,0,0,0,0,0,0,0,0,0,-0.355598527266533,0,0,0,0,0
BAHCC1,0,0,0,0,0,0,0.563861949791197,0,0,0,0,0,0,0,0,0,0,0,0,0,0,0,0,0,0,0,0.668399427772972,0,0
MTA3,0,0,0,0,0,0,0.527448183170931,0,0,0,0,0,0,0,0,0,0,0,0,0,0,0,0,0,0,0,0.69481502428638,0,0
KIAA0247,0,0,0,0,0,0,0,0,0,0,0,0,0,0,0,0,0,0,0,0,0.55273254372719,0,0,0,0,0.667683644930636,0,0,0
TMEM64,0,0.383136890497383,0,0,0,0,0,0,0,0,0,0,0,0,0,0,0,0,0,0,0,0.425300528368124,0,0.394308225819132,0,0,0,0,0
PGBD2,0,0,0,0,0.370130467145176,0,0,0,0,0,0,0,0,0,0,0,0,0.379096366416007,0,0,0,0.450772462807573,0,0,0,0,0,0,0
MLST8,0,0,0,0,0,-0.355700410700411,0,0,0,0,0,0,0,0,-0.426973247488866,0,0,0,0,0,0,0,0,-0.414676016107476,0,0,0,0,0
PLEKHF2,0,0,0,0,0.362048531914009,0,0,0,0,0,0,0,0,0,0,0,0,-0.305288868029361,0,0,0,0,0,0,0,0.521552118647423,0,0,0
CCDC124,0,0,-0.508997609992074,0,0,0,0,0,0,0,0,0,0,0,0,0,0,0,0,0,0,0,0,0,0,-0.679645769657094,0,0,0
DDX51,0,0,0,0,0,0,0.501460183362934,0,0,0,0,0,0,0,0,0.34881533735351,0,0.334511714503622,0,0,0,0,0,0,0,0,0,0,0
PPP4R1,0,0,0,0,0,0,0,0,0,0,0,0,0.563072118868059,0,0,0,0,0,0,0,0,0,0,0,0,0,0.607575354314991,0,0
GPSM3,0,0,0,0,0,0,0,0,0,0,0,-0.69494184887661,0,0,0,0,0,0,0,0,0,-0.470965956713853,0,0,0,0,0,0,0
DDX42,0,0,0,0,0,0,0.65358728939663,0,0,0,0,0,0,0,0,0.500584594379338,0,0,0,0,0,0,0,0,0,0,0,0,0
PITPNM1,0,0,0,0,0,0,0,0,0,0,0,-0.532287895573654,0,0,0,0,0,0,0,0,0,0,0,0,0,0,0.613089693259698,0,0
FGFR2,0,0,0,0,0.35499557300883,0,0,0,0,0,0,0,0,0,0,0.32775355558084,0,0,0,0,0,0.45528048809898,0,0,0,0,0,0,0
UGGT2,0,0,0,0,0,0,0,0,0.554990842490842,0,0,0,0,0,0,0,0,0,0,0,0,0,0,0,0,0,0,0.579941103554119,0
QTRTD1,0,0.545670180555494,0,0,0,0.566685814185814,0,0,0,0,0,0,0,0,0,0,0,0,0,0,0,0,0,0,0,0,0,0,0
RAPH1,0,0,0.44573424552566,0.325436754557796,0.339263696279438,0,0,0,0,0,0,0,0,0,0,0,0,0,0,0,0,0,0,0,0,0,0,0,0
BCL3,0,0,0,0,0,0,0,0,0,0,0,-0.607842637358562,0,0,0,0,0,0,0,0,0,-0.485376504650778,0,0,0,0,0,0,0
VPS8,0,0,0,0,0,0,0,0,0.631822344322344,0,0,0,0,0,0,0,0,0,0,0,0,0,0,0.455865492963898,0,0,0,0,0
METRN,0,-0.373205078614185,0,0,0,0,0,0,-0.685760073260073,0,0,0,0,0,0,0,0,0,0,0,0,0,0,0,0,0,0,0,0
DLL1,0,0,0,0,0,0,0.643176882830125,0,0,0,0,0,0,0,0,0,0.410387081273157,0,0,0,0,0,0,0,0,0,0,0,0
SLC2A4RG,0,0,0,-0.399311574289378,0,0,0,0,0,0,0,0,0,0,0,0,0,0,0,0,0,0,0,0,0,-0.642127853449056,0,0,0
RAB2A,0,0,0,0,0,0,0,0,0.490750915750916,0,0,0,0.549356865134845,0,0,0,0,0,0,0,0,0,0,0,0,0,0,0,0
NDUFA8,0,0,0,0,-0.411536373746368,0,0,0,0,0,0,0,0,0,0,0,0,0,0,0,0,0,0,0,0,-0.627272064306273,0,0,0
LARP4B,0,0,0,0,0.344647874729374,0,0,0,0,0,0,0,0,0,0.354837250006317,0,0,0.338599021979577,0,0,0,0,0,0,0,0,0,0,0
JMJD8,0,0,0,0,0,0,0,0,-0.607371794871795,0,0,0,0,0,0,0,0,0,0,0,0,0,0,-0.427013434543723,0,0,0,0,0
FTH1,0,0,0,0,0,0,0,0,0,0,0,0,-0.545678830563157,0,0,0,-0.485603004590346,0,0,0,0,0,0,0,0,0,0,0,0
PLCB1,0,0.373795666845992,0,0,0.345039565840001,0,0,0,0,0,0,0,0,0,0,0,0,0.308453026376182,0,0,0,0,0,0,0,0,0,0,0
PCF11,0,0,0,0,0,0.418669108669109,0.607441271060337,0,0,0,0,0,0,0,0,0,0,0,0,0,0,0,0,0,0,0,0,0,0
ZC3HAV1L,0,0,0,0.426388242975991,0,0,0,0,0,0,0,0,0,0,0,0,0,0,0,0,0,0.597101399653205,0,0,0,0,0,0,0
OGFR,0,0,0,-0.430337706750847,0,0,0,0,0,0,0,-0.592107763835517,0,0,0,0,0,0,0,0,0,0,0,0,0,0,0,0,0
BZW1,0,0,0,0,0,0,0,0,0,0,0,0,0.420529290590827,0,0,0,0,0,0,0,0,0,0,0,0,0,0.591373344866591,0,0
FMN1,0,0,0.432112013544881,0,0,0,0,0,0.574221611721612,0,0,0,0,0,0,0,0,0,0,0,0,0,0,0,0,0,0,0,0
EHMT1,0,0,0,0,0,0,0.639228531656507,0,0,0,0,0,0,0,0,0,0,0.354035887206706,0,0,0,0,0,0,0,0,0,0,0
MLLT10,0,0,0,0,0.441919513144322,0,0,0,0,0,0,0,0,0,0,0,0,0,0,0,0,0.540183823054152,0,0,0,0,0,0,0
C9orf37,0,0,0,0,0,0,0,0,0,0,0,0,0,0,0,0,-0.409400725856422,0,0,0,0,0,0,0,0,-0.572351554904948,0,0,0
PNN,0,0,0,0,0,0,0,0,0,0,0,0,0,0,0,0,0,0.407258454147959,0,0,0,0.57305913020328,0,0,0,0,0,0,0
PCDH17,0,0,0,0,0,0,0,0,0,0,0,0,0.543944123148336,0,0,0,0.435020675527005,0,0,0,0,0,0,0,0,0,0,0,0
VPS28,0,0,0,-0.410070134396858,0,0,0,0,0,0,0,0,0,0,0,0,-0.557050544392316,0,0,0,0,0,0,0,0,0,0,0,0
PLD3,0,0,-0.439916923686775,0,0,0,0,0,0,0,0,-0.522845580839101,0,0,0,0,0,0,0,0,0,0,0,0,0,0,0,0,0
DENR,0,0.405537746516863,0,0,0,0,0,0,0,0,0,0.554259703056121,0,0,0,0,0,0,0,0,0,0,0,0,0,0,0,0,0
L2HGDH,0,0.393391784524958,0,0,0,0,0,0,0,0,0,0,0,0,0,0,0,0,0,0,0,0.552505774386147,0,0,0,0,0,0,0
ADCK5,0,0,0,-0.384490809246654,0,0,0,0,-0.553663003663004,0,0,0,0,0,0,0,0,0,0,0,0,0,0,0,0,0,0,0,0
DNLZ,0,0,-0.491188270151988,0,-0.43865626019373,0,0,0,0,0,0,0,0,0,0,0,0,0,0,0,0,0,0,0,0,0,0,0,0
TYMP,0,0,0,0,0,0,0,0,0,0,0,-0.55017127811951,0,0,0,0,0,-0.37582522630095,0,0,0,0,0,0,0,0,0,0,0
NOC4L,0,0,-0.385437570284284,0,0,0,0,0,0,0,0,0,0,0,0,0,0,0,0,0,0,0,0,0,0,-0.539736736020938,0,0,0
HSD3B7,0,0,0,0,0,0,-0.518213603417655,0,0,0,0,0,0,0,-0.403688777818868,0,0,0,0,0,0,0,0,0,0,0,0,0,0
MAF1,0,0,0,-0.361630190203733,0,0,0,0,-0.552289377289377,0,0,0,0,0,0,0,0,0,0,0,0,0,0,0,0,0,0,0,0
MFSD3,0,0,0,-0.420055947800843,0,0,0,0,0,0,0,0,0,0,0,0,-0.489927793725262,0,0,0,0,0,0,0,0,0,0,0,0
ABCB8,0,0,0,0,0,-0.349190531690532,0,0,0,0,0,0,0,0,0,0,0,0,0,0,0,0,0,0,0,-0.560518892794457,0,0,0
FBXL6,0,0,0,-0.360552102857519,0,0,0,0,-0.545192307692308,0,0,0,0,0,0,0,0,0,0,0,0,0,0,0,0,0,0,0,0
WASF3,0,0,0,0,0,0.336078366078366,0,0,0.561126373626374,0,0,0,0,0,0,0,0,0,0,0,0,0,0,0,0,0,0,0,0
CAMKK2,0,0,0,0,0,0,0,0,-0.505265567765568,0,0,0,0,0,0,0,0.374195424828336,0,0,0,0,0,0,0,0,0,0,0,0
SEPHS1,0,0,0,0,0,0,0,0,0,0,0,0,0,0,0,0,0,0,0,0,0,0,0,0,0,0,0.870699980038592,0,0
STK35,0,0,0,0,0,0,0,0,0,0,0,0,0,0,0,0,0,0.344913103195994,0,0,0,0.51073454104854,0,0,0,0,0,0,0
CD300C,0,0,0,0,0,0,0,0,0,0,0,0,0,0,0,0,0,-0.337976974762656,0,0,0,-0.504556096357743,0,0,0,0,0,0,0
C3orf70,0,0,0,0,0,0,0.49152210435367,0,0,0,0,0,0,0,0.347677789236978,0,0,0,0,0,0,0,0,0,0,0,0,0,0
PMM1,0,0,0,0,0,0,0,0,0,0,0,0,-0.48508142876095,0,0,0,0,-0.343703087631872,0,0,0,0,0,0,0,0,0,0,0
ZNF3,0,0,0,0,0,0,0,0,0,0,0,0,0.492356440897633,0,0,0,0,0.330584879680021,0,0,0,0,0,0,0,0,0,0,0
GTPBP2,0,0,0,0,0,0,0,0,0,0,0,0,0,0,0,0,0,0,0,0,0,0,0,0,0,0,0.820788142923681,0,0
SH3GLB2,0,0,0,0,0,-0.383334443334443,0,0,0,0,0,0,0,0,0,0,-0.433781408464953,0,0,0,0,0,0,0,0,0,0,0,0
STXBP5L,0,0,0,0,0,0,0,0,0.491929024402805,0,0,0,0,0,0,0,0,0.324891063752718,0,0,0,0,0,0,0,0,0,0,0
CPSF7,0,0,0,0,0,0,0,0,0,0,0,0,0,0,0,0,0,0,0,0,0,0,0,0,0,0,0.816637833521858,0,0
ERGIC1,0,0,0,0,0,0,0,0,0,0,0,0,0,0,0,0,0,0,0,0,0,0,0,0,0,0,0.814092754008916,0,0
LMAN2,0,0,0,-0.429296025404342,0,0,0,0,0,0,0,0,0,0,0,0,0,-0.375410240570937,0,0,0,0,0,0,0,0,0,0,0
ZNF366,0,0,0,0,0,0,0,0,0,0,0,0,0,0,0.382107607250075,0,0.422023805370886,0,0,0,0,0,0,0,0,0,0,0,0
RAB3IL1,0,0,-0.380007342528977,-0.408453003377537,0,0,0,0,0,0,0,0,0,0,0,0,0,0,0,0,0,0,0,0,0,0,0,0,0
APOA1BP,0,0,0,0,0,-0.370165945165945,0,0,0,0,0,0,0,0,0,0,0,0,0,0,0,0,0,-0.417844009049537,0,0,0,0,0
TMED1,0,0,-0.412265856840063,0,0,0,0,0,0,0,0,0,0,0,-0.373198908492033,0,0,0,0,0,0,0,0,0,0,0,0,0,0
ARRDC1,0,0,0,0,0,-0.349565712065712,0,0,0,0,0,0,0,0,0,0,-0.435829992792018,0,0,0,0,0,0,0,0,0,0,0,0
TTC24,0,0,0,0,0,0,0,0,0,0,0,0,0,0,0,0,0,0,0,0,0,0,0,0,0,0,0.784724532570364,0,0
ELOVL5,0,0,0,0,0,0,0,0,0,0,0,0,0,0,0,0,0,0,0,0,0,0,0,0,0,0,0.784616408277331,0,0
FAM49B,0,0,0,0,0,0,0,0,0,0,0,0,0,0,0,0,0,0,0,0,0,0,0,0,0,0,0.776615210592854,0,0
WIBG,0,0,0,-0.417648454271716,0,-0.356810966810967,0,0,0,0,0,0,0,0,0,0,0,0,0,0,0,0,0,0,0,0,0,0,0
PTPN22,0,0,0,0,0,0,0,0,0,0,0,0,0,0,0,0,0,0,0,0,0,0,0,0,0,0,0.773562778627986,0,0
TMEM176B,0,0,0,0,0,0,0,0,0,0,0,0,0,0,0,0,0,-0.303857555501106,0,0,0,-0.469112842563209,0,0,0,0,0,0,0
RABGAP1L,0,0,0,0,0,0,0,0,0,0,0,0,0,0,0.364835963717467,0,0,0,0,0,0,0,0,0.397933499882077,0,0,0,0,0
CCDC150,0,0,0,0,0,0,0,0,0,0,0,0,0,0,0,0.382819888496985,0,0.348775662683034,0,0,0,0,0,0,0,0,0,0,0
C1orf198,0,0.382105398880476,0,0,0.348775115145851,0,0,0,0,0,0,0,0,0,0,0,0,0,0,0,0,0,0,0,0,0,0,0,0
UQCRQ,0,0,0,0,0,0,0,0,0,0,0,0,0,0,0,0,0,0,0,0,0,0,0,0,0,-0.72999236299476,0,0,0
FNBP1,0,0,0,0,0,0,0,0,0,0,0,0,0,0,0,0,0,0,0,0,0,0,0,0,0,0,0.723309934127354,0,0
TCFL5,0,0,0,0,0,0,0,0,0,0,0,0,0,0,0,0,0,0,0,0,0,0,0,0,0,0,0.723068733781356,0,0
RASGRP1,0,0,0,0,0,0,0,0,0,0,0,0,0,0,0,0,0,0,0,0,0,0,0,0,0,0,0.721563310932198,0,0
KCNA3,0,0,0,0,0,0,0,0,0,0,0,0,0,0,0,0,0,0,0,0,0,0,0,0,0,0,0.712297890744561,0,0
F12,0,0,0,0,0,-0.347381507381507,0,0,0,0,0,0,0,0,-0.35948442786561,0,0,0,0,0,0,0,0,0,0,0,0,0,0
DDX19B,0,0,0,0,0,0,0,0,0,0,0,0,0,0,0,0,0,0,0,0,0,0,0,0,0,0,0.698349856943243,0,0
GOLGA3,0,0,0,0,0,0,0,0,0,0,0,0,0,0,0,0,0,0,0,0,0,0,0,0,0,0,0.687903386785548,0,0
MBOAT7,0,0,0,0,0,0,0,0,0,0,0,0,0,0,0,0,0,0,0,0,0,0,0,0,0,0,-0.685408210792468,0,0
CDC7,0,0,0,0,0,0,0,0,0,0,0,0,0,0,0,0,0,0,0,0,0,0,0,0,0,0,0.685341672765986,0,0
VEPH1,0,0,0,0,0,0,0,0,0.682692307692308,0,0,0,0,0,0,0,0,0,0,0,0,0,0,0,0,0,0,0,0
CCDC88C,0,0,0,0,0.34345516900023,0,0,0,0,0,0,0,0,0,0,0,0,0.331055081806542,0,0,0,0,0,0,0,0,0,0,0
VPS37B,0,0,0,0,0,0,0,0,-0.671657509157509,0,0,0,0,0,0,0,0,0,0,0,0,0,0,0,0,0,0,0,0
PPFIA1,0,0,0,0,0,0,0,0,0,0,0,0,0,0,0,0,0,0,0,0,0.669427270971339,0,0,0,0,0,0,0,0
TMEM151B,0,0,0,0,0,0,0,0,0,0,0,0,0,0,0,0.310397542382524,0,0.354661385448409,0,0,0,0,0,0,0,0,0,0,0
CAPNS1,0,0,0,0,0,0,0,0,-0.663095238095238,0,0,0,0,0,0,0,0,0,0,0,0,0,0,0,0,0,0,0,0
NFKB2,0,0,0,0,0,0,0,0,0,0,0,-0.660111435074236,0,0,0,0,0,0,0,0,0,0,0,0,0,0,0,0,0
GATA3,0,0,0,0,0,0,0,0,0,0,0,0,0,0,0,0,0,0,0,0,0,0,0,0,0,0,0.659832656863398,0,0
CLCN2,0,0,0,0,0,0,0,0,0,0,0,0,0,0,0,0.284189327568552,0.370553497135776,0,0,0,0,0,0,0,0,0,0,0,0
AP2A1,0,0,0,0,0,0,0,0,0,0,0,-0.652685520393453,0,0,0,0,0,0,0,0,0,0,0,0,0,0,0,0,0
LLGL1,0,0,0,0,0,0,0,0,0,0,0,0,0,0,0,0,0,0,0,0,0,0,0,0,0,0,0.649444407478874,0,0
BLVRB,0,0,0,0,0,0,-0.646471655546489,0,0,0,0,0,0,0,0,0,0,0,0,0,0,0,0,0,0,0,0,0,0
PPT2,0,0,0,0,0,0,0,0,0,0,0,0,0,0,0,0,0,0,0,0,0,0,0,0,0,0,0.641118836915297,0,0
RAB30,0,0,0,0,0,0,0,0,0,0,0,0,0,0,0,0,0,0,0,0,0.640650158236633,0,0,0,0,0,0,0,0
NSMCE1,0,0,0,0,0,0,0,0,0,0,0,0,0,0,0,0,0,0,0,0,-0.633621589623243,0,0,0,0,0,0,0,0
SPTBN2,0,0,0,0,0,0,0.631799548792781,0,0,0,0,0,0,0,0,0,0,0,0,0,0,0,0,0,0,0,0,0,0
ARL8A,0,0,0,0,0,0,0,0,-0.629899267399267,0,0,0,0,0,0,0,0,0,0,0,0,0,0,0,0,0,0,0,0
NDUFV2,0,0,0,0,0,0,0,0,0,0,0,0,0,0,0,0,0,0,0,0,0,0,0,0,0,-0.628878745092897,0,0,0
POP5,0,0,0,0,0,0,0,0,0,0,0,0,0,0,0,0,0,0,0,0,0,0,0,0,0,-0.624644875573167,0,0,0
SET,0,0,0,0,0,0,0,0,0,0,0,0.62369571364338,0,0,0,0,0,0,0,0,0,0,0,0,0,0,0,0,0
KCNG3,0,0,0,0,0,0,0,0,0,0,0,0,0,0,0,0,0,0,0,0,0,0,0,0,0,0,0.620858962896956,0,0
DVL1,0,0,0,0,0,0,0,0,-0.616025641025641,0,0,0,0,0,0,0,0,0,0,0,0,0,0,0,0,0,0,0,0
IL4R,0,0,0,0,0,0,0,0,0,0,0,-0.615912872976068,0,0,0,0,0,0,0,0,0,0,0,0,0,0,0,0,0
STX17,0,0,0,0,0,0,0,0,0,0,0,0.615252328130867,0,0,0,0,0,0,0,0,0,0,0,0,0,0,0,0,0
COPS4,0,0,0,0,0,0,0,0,0.614789377289377,0,0,0,0,0,0,0,0,0,0,0,0,0,0,0,0,0,0,0,0
MAP2,0,0,0,0,0,0,0.599001584025344,0,0,0,0,0,0,0,0,0,0,0,0,0,0,0,0,0,0,0,0,0,0
AP1AR,0,0,0,0,0,0,0,0,0,0,0,0.598115245375027,0,0,0,0,0,0,0,0,0,0,0,0,0,0,0,0,0
FPGT,0,0,0,0,0,0,0,0,0.597115384615385,0,0,0,0,0,0,0,0,0,0,0,0,0,0,0,0,0,0,0,0
PAG1,0,0,0,0,0,0,0,0,0,0,0,0,0.596290913013877,0,0,0,0,0,0,0,0,0,0,0,0,0,0,0,0
ZNF672,0,0,0,0,0,0,0,0,-0.59496336996337,0,0,0,0,0,0,0,0,0,0,0,0,0,0,0,0,0,0,0,0
RASAL2,0,0,0,0,0,0,0,0,0,0,0,0,0,0,0,0,0,0,0,0,0,0,0,0,0,0,0,0.59413134300949,0
MESP1,0,0,0,0,0,0,0,0,0,0,0,0,0,0,0,0,0,0,0,0,-0.592195418918486,0,0,0,0,0,0,0,0
SYNGR2,0,0,0,0,0,0,0,0,0,0,0,-0.591734613940509,0,0,0,0,0,0,0,0,0,0,0,0,0,0,0,0,0
SBNO2,0,0,0,0,0,0,0,0,0,0,0,-0.590337040110137,0,0,0,0,0,0,0,0,0,0,0,0,0,0,0,0,0
ACAA1,0,0,0,0,0,0,0,0,0,0,0,0,0,0,0,0,0,0,0,0,0,0,0,0,0,-0.590326601215917,0,0,0
PRKACA,0,0,0,0,0,0,0,0,0,0,0,-0.589196731114212,0,0,0,0,0,0,0,0,0,0,0,0,0,0,0,0,0
DGKZ,0,0,0,0,0,0,0,0,-0.585989010989011,0,0,0,0,0,0,0,0,0,0,0,0,0,0,0,0,0,0,0,0
SDHAF2,0,0,0,0,0,0,0,0,-0.58543956043956,0,0,0,0,0,0,0,0,0,0,0,0,0,0,0,0,0,0,0,0
G6PD,0,0,0,0,0,0,0,0,0,0,0,-0.584667942947467,0,0,0,0,0,0,0,0,0,0,0,0,0,0,0,0,0
GPR107,0,0,0,0,0,0,0,0,0,0,0,0,0,0,0,0,0,0,0,0,0.579422708032102,0,0,0,0,0,0,0,0
ALOX5AP,0,0,0,0,0,0,-0.576542600681611,0,0,0,0,0,0,0,0,0,0,0,0,0,0,0,0,0,0,0,0,0,0
TPD52L2,0,0,0,0,0,0,0,0,0,0,0,-0.575814324320566,0,0,0,0,0,0,0,0,0,0,0,0,0,0,0,0,0
RCAN1,0,0,0,0,0,0,0,0,0,0,0,0,0,0,0,0,0,0,0,0,0,0,0,0,0,0,0.574697251979506,0,0
SSU72,0,0,0,0,0,0,0,0,0,0,0,0,0,0,0,0,0,0,0,0,0,0,0,0,0,-0.5740206650327,0,0,0
LIME1,0,0,0,0,0,0,0,0,0,0,0,0,0,0,0,0,0,0,0,0,0,0,0,0,0,0,0,-0.57160115694132,0
SMUG1,0,0,0,0,0,0,0,0,0,0,0,0,0,0,0,0,0,0,0,0,0,0,0,0,0,-0.569412219466205,0,0,0
CLCN7,0,0,0,0,0,0,0,0,-0.568956043956044,0,0,0,0,0,0,0,0,0,0,0,0,0,0,0,0,0,0,0,0
MYSM1,0,0,0,0,0,0,0,0,0,0,0,0,0,0,0,0,0,0,0,0,0,0,0,0.568921152855059,0,0,0,0,0
PPP1R16A,0,0,0,0,0,0,0,0,-0.568086080586081,0,0,0,0,0,0,0,0,0,0,0,0,0,0,0,0,0,0,0,0
CECR2,0,0,0,0,0,0,0.566857965727452,0,0,0,0,0,0,0,0,0,0,0,0,0,0,0,0,0,0,0,0,0,0
SLC4A2,0,0,0,0,0,0,0,0,0,0,0,-0.564821467475699,0,0,0,0,0,0,0,0,0,0,0,0,0,0,0,0,0
NACC2,0,0,0,0,0,0,0,0,0,0,0,-0.5633358209993,0,0,0,0,0,0,0,0,0,0,0,0,0,0,0,0,0
FGFR3,0,0,0,0,0,0,0,0,-0.561263736263736,0,0,0,0,0,0,0,0,0,0,0,0,0,0,0,0,0,0,0,0
IKBKG,0,0,0,0,0,0,0,0,0,0,0,-0.560072497693887,0,0,0,0,0,0,0,0,0,0,0,0,0,0,0,0,0
WDR17,0,0,0,0,0,0,0.559673210771372,0,0,0,0,0,0,0,0,0,0,0,0,0,0,0,0,0,0,0,0,0,0
C9orf69,0,0,0,0,0,0,0,0,0,0,0,-0.558039873731638,0,0,0,0,0,0,0,0,0,0,0,0,0,0,0,0,0
TRIM71,0,0,0,0,0,0,0.557763213050837,0,0,0,0,0,0,0,0,0,0,0,0,0,0,0,0,0,0,0,0,0,0
RHOT2,0,0,0,0,0,0,0,0,-0.554761904761905,0,0,0,0,0,0,0,0,0,0,0,0,0,0,0,0,0,0,0,0
JDP2,0,0,0,0,0,0,0,0,0,0,0,-0.553912047874436,0,0,0,0,0,0,0,0,0,0,0,0,0,0,0,0,0
C7orf43,0,0,0,0,0,0,0,0,0,0,0,-0.550514297898772,0,0,0,0,0,0,0,0,0,0,0,0,0,0,0,0,0
MAPK6,0,0,0,0,0,0,0,0,0,0,0,0.549005474410261,0,0,0,0,0,0,0,0,0,0,0,0,0,0,0,0,0
MIER2,0,0,0,0,0,0,0,0,0,0,0,-0.544722362571907,0,0,0,0,0,0,0,0,0,0,0,0,0,0,0,0,0
POLR2H,0,0,0,0,0,0,0,0,0,0,0,0,0,0,0,0,0,0,0,0,0,0,0,0,0,-0.544278332469942,0,0,0
MYCN,0,0,0,0,0,0,0.541657946527144,0,0,0,0,0,0,0,0,0,0,0,0,0,0,0,0,0,0,0,0,0,0
DEF8,0,0,0,0,0,0,0,0,0,0,0,-0.539639643815678,0,0,0,0,0,0,0,0,0,0,0,0,0,0,0,0,0
SOX8,0,0,0,0,0,0,0.538263332213315,0,0,0,0,0,0,0,0,0,0,0,0,0,0,0,0,0,0,0,0,0,0
WARS2,0,0,0,0,0,0,0,0,0,0,0,0.538003346760549,0,0,0,0,0,0,0,0,0,0,0,0,0,0,0,0,0
TNKS2,0,0,0,0,0.5371785393574,0,0,0,0,0,0,0,0,0,0,0,0,0,0,0,0,0,0,0,0,0,0,0,0
ZKSCAN1,0,0,0.536827374531956,0,0,0,0,0,0,0,0,0,0,0,0,0,0,0,0,0,0,0,0,0,0,0,0,0,0
SEPT8,0,0,0,0,0,0,0,0,0,0,0,0,0,0,0,0,0,0,0,0,0,0,0,0,0,0,0,0.536168845223026,0
CPSF3L,0,0,0,0,0,0,0,0,-0.533333333333333,0,0,0,0,0,0,0,0,0,0,0,0,0,0,0,0,0,0,0,0
UBE2J2,0,0,0,0,0,0,0,0,0,0,0,-0.532744482712267,0,0,0,0,0,0,0,0,0,0,0,0,0,0,0,0,0
EGFL8,0,0,0,0,0,0,0,0,-0.531868131868132,0,0,0,0,0,0,0,0,0,0,0,0,0,0,0,0,0,0,0,0
ANKRD12,0,0,0,0,0,0,0,0,0,0,0,0,0,0,0.530140963476287,0,0,0,0,0,0,0,0,0,0,0,0,0,0
MMP25,0,0,0,0,0,0,0,0,-0.528525641025641,0,0,0,0,0,0,0,0,0,0,0,0,0,0,0,0,0,0,0,0
CCDC62,0,0,0,0,0,0,0,0,0,0,0,0.527675670163305,0,0,0,0,0,0,0,0,0,0,0,0,0,0,0,0,0
C9orf142,0,0,0,0,0,0,0,0,0,0,0,0,0,0,0,0,-0.524930765437094,0,0,0,0,0,0,0,0,0,0,0,0
NBN,0,0.524177066799456,0,0,0,0,0,0,0,0,0,0,0,0,0,0,0,0,0,0,0,0,0,0,0,0,0,0,0
ZNF565,0,0,0,0,0,0,0,0,0.524084249084249,0,0,0,0,0,0,0,0,0,0,0,0,0,0,0,0,0,0,0,0
SUMF1,0,0,0,0,0.521526008415691,0,0,0,0,0,0,0,0,0,0,0,0,0,0,0,0,0,0,0,0,0,0,0,0
C11orf80,0,0,0,0,0,0,0,0,-0.520009157509157,0,0,0,0,0,0,0,0,0,0,0,0,0,0,0,0,0,0,0,0
ZNF117,0,0,0,0,0,0,0,0,0,0,0,0,0.518411311826013,0,0,0,0,0,0,0,0,0,0,0,0,0,0,0,0
BATF,0,0,0,0,0,0,0,0,0,0,0,0,0,0,0,0,0,0,0,0,0,-0.517684417874446,0,0,0,0,0,0,0
ZFP92,0,0,0,0,0,0,0,0,0,0,0,0,0,0,0,0,0.51024025667217,0,0,0,0,0,0,0,0,0,0,0,0
TBXAS1,0,0,0,0,0,0,0,0,0,0,0,0,0,0,0,0,0,0,0,0,0,-0.508308442884499,0,0,0,0,0,0,0
ZNF433,0,0,0,0,0,0,0,0,0,0,0,0.50719414455966,0,0,0,0,0,0,0,0,0,0,0,0,0,0,0,0,0
ZNF195,0,0,0,0,0,0,0,0,0,0,0,0,0.506201152583984,0,0,0,0,0,0,0,0,0,0,0,0,0,0,0,0
FADS3,0,0,0,0,0,0,0,0,0,0,0,0,-0.505576605431694,0,0,0,0,0,0,0,0,0,0,0,0,0,0,0,0
TSEN54,0,0,0,0,0,0,0,0,-0.502472527472527,0,0,0,0,0,0,0,0,0,0,0,0,0,0,0,0,0,0,0,0
PILRA,0,0,0,0,0,0,0,0,0,0,0,0,0,0,0,0,0,0,0,0,0,-0.50189940706636,0,0,0,0,0,0,0
CHPT1,0,0,0,0,0,0,-0.499613881822109,0,0,0,0,0,0,0,0,0,0,0,0,0,0,0,0,0,0,0,0,0,0
VENTX,0,0,0,0,0,0,0,0,0,0,0,0,0,0,0,0,0,0,0,0,0,-0.496983623488012,0,0,0,0,0,0,0
SLC15A3,0,0,0,0,0,0,0,0,0,0,0,0,0,0,0,0,0,0,0,0,0,-0.494516298425447,0,0,0,0,0,0,0
BLOC1S3,0,0,0,0,0,0,0,0,0,0,0,-0.494370303757921,0,0,0,0,0,0,0,0,0,0,0,0,0,0,0,0,0
KDSR,0,0,0,0,0,0,0,0,0,0,0,0.490101098126834,0,0,0,0,0,0,0,0,0,0,0,0,0,0,0,0,0
TMEM132A,0,0,0,0,0,0,0,0,0,0,0,0,-0.488218597334741,0,0,0,0,0,0,0,0,0,0,0,0,0,0,0,0
SOX13,0,0,0,0,0,0,0,0,0,0,0,0,0,0,0,0,0.487069892133183,0,0,0,0,0,0,0,0,0,0,0,0
HIPK4,0,0,0,0,0,0,0,0,-0.486217948717949,0,0,0,0,0,0,0,0,0,0,0,0,0,0,0,0,0,0,0,0
FURIN,0,0,0,0,0,0,0,0,0,0,0,-0.483681065771725,0,0,0,0,0,0,0,0,0,0,0,0,0,0,0,0,0
NCOA1,0,0,0,0,0,0,0,0,0,0,0,0,0,0,0,0.48364159745136,0,0,0,0,0,0,0,0,0,0,0,0,0
MREG,0,0,0,0,0,0,-0.483389622233956,0,0,0,0,0,0,0,0,0,0,0,0,0,0,0,0,0,0,0,0,0,0
HSPD1,0,0,0,0,0,0,0,0,0,0,0,0.482869870347794,0,0,0,0,0,0,0,0,0,0,0,0,0,0,0,0,0
TMEM176A,0,0,0,0,0,0,0,0,0,0,0,0,0,0,0,0,0,0,0,0,0,-0.482519969715699,0,0,0,0,0,0,0
SNAPC4,0,0,0,0,0,0,0.477013584217347,0,0,0,0,0,0,0,0,0,0,0,0,0,0,0,0,0,0,0,0,0,0
ZNF605,0,0,0,0,0,0,0,0,0,0,0,0,0,0,0,0,0,0.476873820180903,0,0,0,0,0,0,0,0,0,0,0
FAM114A2,0,0,0,0,0,0,0,0,0,0,0,0,0.473964081249444,0,0,0,0,0,0,0,0,0,0,0,0,0,0,0,0
RNF215,0,0,0,0,0,0,0,0,-0.473946886446886,0,0,0,0,0,0,0,0,0,0,0,0,0,0,0,0,0,0,0,0
ZIC4,0,0,0,0,0,0,0,0,0,0,0,0,0,0,0,0,0.473431167068469,0,0,0,0,0,0,0,0,0,0,0,0
IL32,0,0,0,0,0,0,0,0,0,0,0,0,0,0,0,0,0,0,0,0,0,-0.471811457514109,0,0,0,0,0,0,0
KCNB1,0,0,0,0,0,0,0.470136802188835,0,0,0,0,0,0,0,0,0,0,0,0,0,0,0,0,0,0,0,0,0,0
TMEM97,0,0.470028202996364,0,0,0,0,0,0,0,0,0,0,0,0,0,0,0,0,0,0,0,0,0,0,0,0,0,0,0
VAV3,0,0,0,0,0.467424775785177,0,0,0,0,0,0,0,0,0,0,0,0,0,0,0,0,0,0,0,0,0,0,0,0
CEACAM4,0,0,0,0,0,0,0,0,0,0,0,0,0,0,0,0,0,0,0,0,0,-0.467316617321002,0,0,0,0,0,0,0
SIRPA,0,0,0,0,0,0,0,0,0,0,0,-0.466372473126255,0,0,0,0,0,0,0,0,0,0,0,0,0,0,0,0,0
ARFRP1,0,0,0,0,0,0,0,0,0,0,0,0,0,0,0,0,-0.465243617142351,0,0,0,0,0,0,0,0,0,0,0,0
USP43,0,0,0,0,0,0,0.464676591697227,0,0,0,0,0,0,0,0,0,0,0,0,0,0,0,0,0,0,0,0,0,0
STX8,0,0,0,0,0,0,0,0,0,0,0,0,0,0,0,0,-0.464409008712806,0,0,0,0,0,0,0,0,0,0,0,0
ZNF622,0,0,0,0,0,0,0,0,0,0,0,0,0,0,0,0,-0.461146448488221,0,0,0,0,0,0,0,0,0,0,0,0
UNC5D,0,0,0,0,0,0,0,0,0,0,0,0,0,0,0,0,0,0,0,0,0,0.461083434139244,0,0,0,0,0,0,0
ZMYM6,0,0,0,0,0,0,0,0,0,0,0,0,0,0,0,0,0,0,0,0,0,0,0,0.460314156934339,0,0,0,0,0
ARRDC2,0,0,0,0,0,0,0,0,0,0,0,-0.460181893191057,0,0,0,0,0,0,0,0,0,0,0,0,0,0,0,0,0
PRMT6,0,0,0,0,0.458346610108653,0,0,0,0,0,0,0,0,0,0,0,0,0,0,0,0,0,0,0,0,0,0,0,0
FES,0,0,0,0,0,0,0,0,0,0,0,-0.457143386903134,0,0,0,0,0,0,0,0,0,0,0,0,0,0,0,0,0
HEY2,0,0,0,0,0,0,0,0,0,0,0,0,0,0,0,0,0.456543456543456,0,0,0,0,0,0,0,0,0,0,0,0
BCL2,0,0,0,0,0,0,0,0,0,0,0,0,0,0,0,0.454021390374332,0,0,0,0,0,0,0,0,0,0,0,0,0
HAGHL,0,0,0,0,0,0,0,0,0,0,0,0,0,0,0,0,-0.452699199534642,0,0,0,0,0,0,0,0,0,0,0,0
RASAL3,0,0,0,0,0,0,0,0,0,0,0,0,0,0,0,0,0,0,0,0,0,-0.450601266364546,0,0,0,0,0,0,0
SMCR8,0,0,0,0,0,0,0,0,0,0,0,0,0,0,0.448782504634085,0,0,0,0,0,0,0,0,0,0,0,0,0,0
OPLAH,0,0,0,0,0,0,0,0,0,0,0,0,-0.44681100450916,0,0,0,0,0,0,0,0,0,0,0,0,0,0,0,0
POLE,0,0,0,0,0,0,0,0,0,0,0,0,0,0,0,0.446561838661964,0,0,0,0,0,0,0,0,0,0,0,0,0
UFSP1,0,0,0,-0.444654659733085,0,0,0,0,0,0,0,0,0,0,0,0,0,0,0,0,0,0,0,0,0,0,0,0,0
EEF1D,0,0,0,-0.444462060250755,0,0,0,0,0,0,0,0,0,0,0,0,0,0,0,0,0,0,0,0,0,0,0,0,0
CD300LB,0,0,0,0,0,0,0,0,0,0,0,0,0,0,0,0,0,0,0,0,0,-0.442774444493746,0,0,0,0,0,0,0
MTSS1L,0,0,0,0,0,0,0,0,0,0,0,0,0,0,0,0,0,0,0,0,0,0.442371958162384,0,0,0,0,0,0,0
ADAMTS9,0,0,0,0,0,0,0,0,0,0,0,0,0,0,0,0,0.441874581115087,0,0,0,0,0,0,0,0,0,0,0,0
SH3TC1,0,-0.44102046532721,0,0,0,0,0,0,0,0,0,0,0,0,0,0,0,0,0,0,0,0,0,0,0,0,0,0,0
PLS1,0,0.438363188791124,0,0,0,0,0,0,0,0,0,0,0,0,0,0,0,0,0,0,0,0,0,0,0,0,0,0,0
LEFTY2,0,0,0,0,0,0,0,0,0,0,0,0,0,0,0,0,0.438243328618357,0,0,0,0,0,0,0,0,0,0,0,0
TMEM126A,0,0,0,0,0,0,0,0,0,0,0,0,0,0,0,0,-0.437903868283615,0,0,0,0,0,0,0,0,0,0,0,0
DHRS7B,0,0,0,0,0,0,0,0,0,0,0,0,0,0,0,0,-0.43646227190531,0,0,0,0,0,0,0,0,0,0,0,0
INVS,0,0,0,0,0,0,0,0,0,0,0,0,0,0,0,0,0,0,0,0,0,0,0,0.433981512216001,0,0,0,0,0
LMF1,0,0,0,0,0,0,0,0,0,0,0,0,0,0,0,0,-0.42890021371034,0,0,0,0,0,0,0,0,0,0,0,0
SIPA1L3,0,0.427424338756074,0,0,0,0,0,0,0,0,0,0,0,0,0,0,0,0,0,0,0,0,0,0,0,0,0,0,0
TRHDE,0,0.42421826246846,0,0,0,0,0,0,0,0,0,0,0,0,0,0,0,0,0,0,0,0,0,0,0,0,0,0,0
SYNM,0,0,0,0,0,0,0,0,0,0,0,0,0,0,0,0,0.421616358325219,0,0,0,0,0,0,0,0,0,0,0,0
RAB5B,0,0.420106083577497,0,0,0,0,0,0,0,0,0,0,0,0,0,0,0,0,0,0,0,0,0,0,0,0,0,0,0
ZBTB46,0,0,0,0,0,0,0,0,0,0,0,0,0,0,0,0,0.41921369769471,0,0,0,0,0,0,0,0,0,0,0,0
ZGPAT,0,0,0,-0.416254456798997,0,0,0,0,0,0,0,0,0,0,0,0,0,0,0,0,0,0,0,0,0,0,0,0,0
CNTN1,0,0,0,0,0,0,0,0,0,0,0,0,0,0,0,0,0.41444414950595,0,0,0,0,0,0,0,0,0,0,0,0
NEURL1B,0,0,0,0,0,0,0,0,0,0,0,0,0,0,0,0,0.412132171625842,0,0,0,0,0,0,0,0,0,0,0,0
TRAPPC6A,0,0,-0.408042301897578,0,0,0,0,0,0,0,0,0,0,0,0,0,0,0,0,0,0,0,0,0,0,0,0,0,0
TBC1D2B,0,0,0,0,0,0.406927794427794,0,0,0,0,0,0,0,0,0,0,0,0,0,0,0,0,0,0,0,0,0,0,0
BMP8B,0,0,0,0,0.40636252460664,0,0,0,0,0,0,0,0,0,0,0,0,0,0,0,0,0,0,0,0,0,0,0,0
SIGLEC6,0,0,0,0,0,0,0,0,0,0,0,0,0,0,0,0,0.405987333675551,0,0,0,0,0,0,0,0,0,0,0,0
TWF1,0,0.401899367322168,0,0,0,0,0,0,0,0,0,0,0,0,0,0,0,0,0,0,0,0,0,0,0,0,0,0,0
UNC119B,0,0,0,0,0,0,0,0,0,0,0,0,0,0,0,0,0,0.40091245095231,0,0,0,0,0,0,0,0,0,0,0
FGFRL1,0,0,0,0,0,0,0,0,0,0,0,0,0,0,0,0,0,0.398591636786544,0,0,0,0,0,0,0,0,0,0,0
KIF4B,0,0,0,0,0,0,0,0,0,0,0,0,0,0,0,0.398557287518489,0,0,0,0,0,0,0,0,0,0,0,0,0
AKAP8L,0,0,0,0,0,0,0,0,0,0,0,0,0,0,0,0,0,0.396252704740673,0,0,0,0,0,0,0,0,0,0,0
PAX6,0,0,0,0,0,0,0,0,0,0,0,0,0,0,0,0.395234270110365,0,0,0,0,0,0,0,0,0,0,0,0,0
ATP1B2,0,0,0,0,0,0,0,0,0,0,0,0,0,0,0,0,0.395187091389623,0,0,0,0,0,0,0,0,0,0,0,0
DLX5,0,0,0,0,0,0,0,0,0,0,0,0,0,0,0,0,0.393745495011318,0,0,0,0,0,0,0,0,0,0,0,0
SUN2,0,0,0,0,0.391507229912606,0,0,0,0,0,0,0,0,0,0,0,0,0,0,0,0,0,0,0,0,0,0,0,0
TNFRSF6B,0,-0.391483673236498,0,0,0,0,0,0,0,0,0,0,0,0,0,0,0,0,0,0,0,0,0,0,0,0,0,0,0
EFS,0,0,0,0,0.38887370543569,0,0,0,0,0,0,0,0,0,0,0,0,0,0,0,0,0,0,0,0,0,0,0,0
STOML1,0,0,0,0,0,0,0,0,0,0,0,0,0,0,-0.388636441941286,0,0,0,0,0,0,0,0,0,0,0,0,0,0
E4F1,0,0,0,-0.386605880391024,0,0,0,0,0,0,0,0,0,0,0,0,0,0,0,0,0,0,0,0,0,0,0,0,0
PWWP2B,0,0,0,-0.384240664797042,0,0,0,0,0,0,0,0,0,0,0,0,0,0,0,0,0,0,0,0,0,0,0,0,0
LRRIQ1,0,0,0,0,0,0,0,0,0,0,0,0,0,0,0,0,0,0.383545150992426,0,0,0,0,0,0,0,0,0,0,0
FTSJ3,0,0,0,0,0,0,0,0,0,0,0,0,0,0,0,0.380255091591762,0,0,0,0,0,0,0,0,0,0,0,0,0
PRPF31,0,0,-0.376866315632278,0,0,0,0,0,0,0,0,0,0,0,0,0,0,0,0,0,0,0,0,0,0,0,0,0,0
ZDHHC23,0,0,0,0,0,0.374387279387279,0,0,0,0,0,0,0,0,0,0,0,0,0,0,0,0,0,0,0,0,0,0,0
TINAGL1,0,0,0,0,0,0,0,0,0,0,0,0,0,0,0,-0.371798839458414,0,0,0,0,0,0,0,0,0,0,0,0,0
SFRP1,0,0,0,0,0,0,0,0,0,0,0,0,0,0,0,0,0.371084611590941,0,0,0,0,0,0,0,0,0,0,0,0
SMARCD2,0,0,0,0,0,0,0,0,0,0,0,0,0,0,0,0.370461485948345,0,0,0,0,0,0,0,0,0,0,0,0,0
RNF5,0,0,0,0,0,0,0,0,0,0,0,0,0,0,0,0,0,0,0,0,0,0,0,-0.370149959381906,0,0,0,0,0
GDF10,0,0,0,0,0,0,0,0,0,0,0,0,0,0,0,0,0.368562704814111,0,0,0,0,0,0,0,0,0,0,0,0
PEF1,0,0,0,0,0,-0.368528693528694,0,0,0,0,0,0,0,0,0,0,0,0,0,0,0,0,0,0,0,0,0,0,0
SF1,0,0,0,0,0,0,0,0,0,0,0,0,0,0,0,0.36694185914211,0,0,0,0,0,0,0,0,0,0,0,0,0
TMEM117,0,0,0,0,0,0,0,0,0,0,0,0,0,0,0,0,0.364053667851136,0,0,0,0,0,0,0,0,0,0,0,0
CEACAM21,0,0,0,0,0,0,0,0,0,0,0,0,0,0,0,0,0,-0.363423497923879,0,0,0,0,0,0,0,0,0,0,0
ST8SIA2,0,0,0,0,0,0,0,0,0,0,0,0,0,0,0,0,0.360414018988343,0,0,0,0,0,0,0,0,0,0,0,0
MUC12,0,-0.359581157681587,0,0,0,0,0,0,0,0,0,0,0,0,0,0,0,0,0,0,0,0,0,0,0,0,0,0,0
PFKFB2,0,0,0,0,0,0,0,0,0,0,0,0,0,0,0.358278072679914,0,0,0,0,0,0,0,0,0,0,0,0,0,0
RUNX1,0,0,0,0,0,0.354788822288822,0,0,0,0,0,0,0,0,0,0,0,0,0,0,0,0,0,0,0,0,0,0,0
ACSS1,0,0,0,0,0,0,0,0,0,0,0,0,0,0,0,0.354270337922403,0,0,0,0,0,0,0,0,0,0,0,0,0
LRRK1,0,0,0,0,0,0.352908202908203,0,0,0,0,0,0,0,0,0,0,0,0,0,0,0,0,0,0,0,0,0,0,0
CDC42,0,0,0,0,0.347592485072287,0,0,0,0,0,0,0,0,0,0,0,0,0,0,0,0,0,0,0,0,0,0,0,0
RGS12,0,0,0,0,0,0,0,0,0,0,0,0,0,0,0,0,0,0.346885363858798,0,0,0,0,0,0,0,0,0,0,0
C16orf3,0,0,0,0,0,0,0,0,0,0,0,0,0,0,0,0,0,0.345682062846569,0,0,0,0,0,0,0,0,0,0,0
PRRT1,0,0,0,0,0,0,0,0,0,0,0,0,0,0,0,0,0,0.345250440868416,0,0,0,0,0,0,0,0,0,0,0
HTRA1,0,-0.343977259759526,0,0,0,0,0,0,0,0,0,0,0,0,0,0,0,0,0,0,0,0,0,0,0,0,0,0,0
ABCC4,0,0,0,0,0,0,0,0,0,0,0,0,0,0,0,0.342804187051997,0,0,0,0,0,0,0,0,0,0,0,0,0
CNOT3,0,0,0,0,0,0,0,0,0,0,0,0,0,0,0,0.341500739560815,0,0,0,0,0,0,0,0,0,0,0,0,0
RARRES3,0,0,0,0,0,0,0,0,0,0,0,0,0,0,0,0,0,-0.33739375157453,0,0,0,0,0,0,0,0,0,0,0
PBX2,0,0,0,0,0,0,0,0,0,0,0,0,0,0,0,0.33586187279554,0,0,0,0,0,0,0,0,0,0,0,0,0
CABIN1,0,0,0,0,0,0,0,0,0,0,0,0,0,0,0,0.332465581977472,0,0,0,0,0,0,0,0,0,0,0,0,0
GZMA,0,0,0,0,0,0,0,0,0,0,0,0,0,0,0,0,0,-0.33226596012686,0,0,0,0,0,0,0,0,0,0,0
EZH2,0,0,0,0,0,0,0,0,0,0,0,0,0,0,0,0.331767891682785,0,0,0,0,0,0,0,0,0,0,0,0,0
LGALS12,0,0,0,0,0,0,0,0,0,0,0,0,0,0,0,0,0,-0.331525370841482,0,0,0,0,0,0,0,0,0,0,0
KLF11,0,0,0,0.331413210445469,0,0,0,0,0,0,0,0,0,0,0,0,0,0,0,0,0,0,0,0,0,0,0,0,0
HIP1R,0,0,0,0,0,0,0,0,0,0,0,0,0,0,0,0,0,0.33030232702601,0,0,0,0,0,0,0,0,0,0,0
HGFAC,0,0,0,0,0,0,0,0,0,0,0,0,0,0,0,0,0,0.327800061538653,0,0,0,0,0,0,0,0,0,0,0
ADAM23,0,0,0,0,0,0.325962527329406,0,0,0,0,0,0,0,0,0,0,0,0,0,0,0,0,0,0,0,0,0,0,0
ZNF777,0,0,0,0,0,0,0,0,0,0,0,0,0,0,0,0.325615655933553,0,0,0,0,0,0,0,0,0,0,0,0,0
MRPS18A,0,0,0,0,0,-0.322344322344322,0,0,0,0,0,0,0,0,0,0,0,0,0,0,0,0,0,0,0,0,0,0,0
PITX1,0,0,0,0,0,-0.321605894105894,0,0,0,0,0,0,0,0,0,0,0,0,0,0,0,0,0,0,0,0,0,0,0
SLC25A42,0,0,0,0,0,0,0,0,0,0,0,0,0,0,0,0.318919786096257,0,0,0,0,0,0,0,0,0,0,0,0,0
DUSP5,0,0,0,0,0,0,0,0,0,0,0,0,0,0,0,0,0,-0.318167661136975,0,0,0,0,0,0,0,0,0,0,0
FRAT1,0,0,0,0,0,0,0,0,0,0,0,0,0,0,0,0.312762771646376,0,0,0,0,0,0,0,0,0,0,0,0,0
EML6,0,0,0,0,0,0,0,0,0,0,0,0,0,0,0,0,0,0.307754625235964,0,0,0,0,0,0,0,0,0,0,0
CASKIN2,0,0,0,0,0,0,0,0,0,0,0,0,0,0,0,0.301531914893617,0,0,0,0,0,0,0,0,0,0,0,0,0
FRAT2,0,0,0,0,0,0,0,0,0,0,0,0,0,0,0,0.290753214245079,0,0,0,0,0,0,0,0,0,0,0,0,0
IQGAP3,0,0,0,0,0,0,0,0,0,0,0,0,0,0,0,0.289107293207418,0,0,0,0,0,0,0,0,0,0,0,0,0
NKX2-4,0,0,0,0,0,0,0,0,0,0,0,0,0,0,0,0.281496237745551,0,0,0,0,0,0,0,0,0,0,0,0,0
