,ACC,BLCA,BRCA_1,BRCA_2,CESC,COAD_READ*,GBM*,HNSC,KICH,KIRC,KIRP,LAML,LGG,LIHC,LUAD,LUSC,MESO,OV,PAAD,PCPG,PRAD,SARC,SKCM,STES*,TGCT,THCA,THYM,UCEC,UVM
SFXN3,0,0.812754992484432,0.0527700236203565,0,0.880341421515997,0.964784195834228,0,0.880931930427314,0.93080309211939,0,0.837663732016319,0.891883186600816,0,0,0.879750912604681,0.865417650848186,0,0.806635172858063,0.716770453081383,0,0,0,0.798368048099635,0.915610908310071,0,0.15143869443848,0,0,0
LRP1,0,0.994255958771741,0.499141077947176,0,0.992645479922697,0.999194760575478,0,0.987169851835946,0.994524371913249,0,0.193579557655143,0.774801374275285,0,0,0.975574404122826,0.980137427528452,0,0.930158900579772,0.964301052179515,0,0,0,0.957698088898432,0.999677904230191,0,0.0421945458449646,0,0,0
MVP,0,0.461455872879536,0.051052179514709,0,0.628140433755637,0.801266910027915,0,0.714676830577625,0.810446639467468,0,0.942559587717415,0.958718058836161,0,0,0.822203135065493,0.801213227399614,0,0.633079235559373,0.013152243933863,0,0,0,0.820753704101353,0.865847111874597,0,0.316136998067425,0,0,0
AIM1,0,0.912819411638394,0.792570324243075,0,0.900955550783766,0.782263259609191,0,0.818660081597595,0.77356667382435,0,0.0519111015675327,0.798421730727936,0,0,0.789564097058192,0.618799656431179,0,0.909168992913893,0.936278720206141,0,0,0,0.542355593729869,0.720796650203994,0,0.96918617135495,0,0,0
COL6A3,0,0.951846682413571,0.990176079020829,0,0.460972729224823,0.251556796220743,0,0.948625724715482,0.321773674039081,0,0.363968219884046,0.288168348722353,0,0,0.951685634528667,0.888232767876315,0,0.958073867296543,0.983465750483144,0,0,0,0.821719991410779,0.341958342280438,0,0.924790637749624,0,0,0
GPR68,0,0.960972729224823,0.982875241571827,0,0.524855056903586,0.427421086536397,0,0.8804487867726,0.599796006012454,0,0.775552931071505,0.879804595232983,0,0,0.908846897144084,0.973749194760576,0,0.921193901653425,0.379643547348078,0,0,0,0.993987545630234,0.310661369980674,0,0.892473695512132,0,0,0
MYH9,0,0.99855056903586,0.83116813399184,0,0.963925273781404,0.994417006656646,0,0.997208503328323,0.968273566673824,0,0.963549495383294,0.632005582993343,0,0,0.996779042301911,0.997584281726433,0,0.992591797294396,0.996940090186816,0,0,0,0.990068713764226,0.992001288383079,0,0.141990551857419,0,0,0
CD82,0,0.955228687996564,0.853768520506764,0,0.658739531887481,0.963603178011595,0,0.813345501395748,0.985559372986901,0,0.808997208503328,0.567962207429676,0,0,0.797777539188319,0.918026626583638,0,0.789188318660082,0.891185312432897,0,0,0,0.955336053253167,0.954477131200344,0,0.0869121752200988,0,0,0
MMP14,0,0.837449001503114,0.73802877388877,0,0.808514064848615,0.819733734163625,0,0.899559802447928,0.673716985183595,0,0.771902512347004,0.900955550783766,0,0,0.910350010736526,0.840616276572901,0,0.947391024264548,0.879214086321666,0,0,0,0.787255744041228,0.793053467897788,0,0.957912819411638,0,0,0
FLNA,0,0.922428602104359,0.930051535323169,0,0.801374275284518,0.517500536826283,0,0.92318015890058,0.431339918402405,0,0.39021902512347,0.553951041442989,0,0,0.923824350440198,0.920871805883616,0,0.874973158685849,0.947552072149452,0,0,0,0.919315009662873,0.66158471118746,0,0.243397036718918,0,0,0
PLAU,0,0.984539403049173,0.973373416362465,0,0.488350869658578,0.723480781619068,0,0.973588146875671,0.506764011165987,0,0.75617350225467,0.589542624006871,0,0,0.975305990981318,0.991840240498175,0,0.966931500966287,0.885333905948035,0,0,0,0.996510629160404,0.614397680910457,0,0.861284088468971,0,0,0
ALOX5AP,0,0.986096199269916,0.960543268198411,0,0.559158256388233,0.466072578913464,0,0.996832724930213,0.406860639896929,0,0.90363968219884,0.973856560017178,0,0,0.989639252737814,0.991142366330256,0,0.999570538973588,0.948357311573975,0,0,0,0.977292248228473,0.420442344857204,0,0.998604251664161,0,0,0
PTPRE,0,0.918187674468542,0.348829718703028,0,0.902351299119605,0.971709254885119,0,0.71483787846253,0.969347219239854,0,0.417436117672321,0.622503757783981,0,0,0.665396177796865,0.724232338415289,0,0.607633669744471,0.799388018037363,0,0,0,0.817532746403264,0.983304702598239,0,0.122181662014172,0,0,0
VCL,0,0.859029418080309,0.841421515997423,0,0.651653424951686,0.799119604895856,0,0.766748980030062,0.773083530169637,0,0.108009448142581,0.602480137427528,0,0,0.737008803951041,0.802072149452437,0,0.742162336267984,0.860264118531243,0,0,0,0.856452651921838,0.888662228902727,0,0.296059695082671,0,0,0
MICAL2,0,0.995490659222676,0.956194975305991,0,0.957805454155035,0.966555722568177,0,0.99817479063775,0.935419798153318,0,0.155196478419583,0.402082885978097,0,0,0.99602748550569,0.998818982177367,0,0.991840240498175,0.997852694867941,0,0,0,0.992001288383079,0.943203779257032,0,0.238136139145373,0,0,0
TSHZ3,0,0.841797294395534,0.986633025552931,0,0.275875026841314,0.103500107365257,0,0.85435902941808,0.291013528022332,0,0.170388662228903,0.0798260682843032,0,0,0.916416147734593,0.937889199055186,0,0.86123040584067,0.935419798153318,0,0,0,0.975037577839811,0.300193257461885,0,0.59673609619927,0,0,0
MYOF,0,0.90433755636676,0.938855486364612,0,0.573813613914537,0.617672321236848,0,0.880126691002792,0.634582349151814,0,0.586160618423878,0.806420442344857,0,0,0.871698518359459,0.818874812110801,0,0.962368477560661,0.954799226970152,0,0,0,0.764762722782907,0.626207859136783,0,0.975574404122826,0,0,0
THBS2,0,0.901062916040369,0.988243504401976,0,0.363538758857634,0.14166845608761,0,0.932359888340133,0.291013528022332,0,0.170173931715697,0.11520292033498,0,0,0.911047884904445,0.900848185527163,0,0.935688211294825,0.977668026626584,0,0,0,0.839327893493665,0.0904015460596951,0,0.830094481425811,0,0,0
IL4R,0,0.893225252308353,0.107579987116169,0,0.854573759931286,0.980674253811467,0,0.720904015460597,0.989585570109513,0,0.555239424522225,0.827786128408847,0,0,0.715106291604037,0.774855056903586,0,0.553038436761864,0.262776465535753,0,0,0,0.822739961348508,0.972997637964355,0,0.3260682843032,0,0,0
DPYD,0,0.759555507837664,0.876959415933004,0,0.53441056474125,0.632059265621645,0,0.60398325101997,0.72283659007945,0,0.0519111015675327,0.578913463603178,0,0,0.561090831007086,0.682574618853339,0,0.633186600815976,0.794234485720421,0,0,0,0.815868584925918,0.764601674898003,0,0.28296113377711,0,0,0
ITGA11,0,0.583422804380502,0.971118745973803,0,0.242645479922697,0.00273781404337556,0,0.842065707537041,0.291013528022332,0,0.190412282585355,0.150311359244149,0,0,0.836106935795577,0.896285162121537,0,0.865900794502899,0.929246295898647,0,0,0,0.863807171999141,0.0507837663732016,0,0.554434185097702,0,0,0
GPR84,0,0.865739746617994,0.0381683487223534,0,0.948303628945673,0.834174361176723,0,0.855271634099205,0.836429031565385,0,0.977399613485076,0.859727292248229,0,0,0.881200343568821,0.910242645479923,0,0.604520077302985,0.0784840025767662,0,0,0,0.873040584066996,0.6267983680481,0,0.156109083100709,0,0,0
SH3PXD2A,0,0.863860854627443,0.458503328322955,0,0.430266265836375,0.610049388018037,0,0.872879536182091,0.440895426240069,0,0.912175220098776,0.316566459093837,0,0,0.809158256388233,0.879643547348078,0,0.847380287738888,0.934668241357097,0,0,0,0.903049173287524,0.700128838307924,0,0.19637105432682,0,0,0
GNAI2,0,0.941915396177797,0.0145479922697015,0,0.936815546489156,0.97391024264548,0,0.772761434399828,0.982445780545416,0,0.989907665879321,0.946156323813614,0,0,0.840294180803092,0.93187674468542,0,0.590992054971011,0.0742430749409491,0,0,0,0.956033927421087,0.888179085248014,0,0.0529847541335624,0,0,0
ANO6,0,0.988136139145373,0.984002576766158,0,0.807386729654284,0.687620785913678,0,0.976379643547348,0.917436117672321,0,0.598829718703028,0.790906162765729,0,0,0.984915181447284,0.984002576766158,0,0.980405840669959,0.985076229332188,0,0,0,0.97933218810393,0.905625939445995,0,0.264225896499893,0,0,0
CDH11,0,0.768788919905519,0.838307923555937,0,0.366276572901009,0.0112733519433111,0,0.795683916684561,0.291013528022332,0,0.262078591367833,0.235452007730298,0,0,0.772009877603608,0.626905733304703,0,0.811251878891991,0.945082671247584,0,0,0,0.492591797294396,0.385441271204638,0,0.708288597809749,0,0,0
FHOD3,0,0.959201202490874,0.994953832939661,0,0.491786557869873,0.514172213871591,0,0.967522009877604,0.388608546274426,0,0.359995705389736,0.415771956194975,0,0,0.948410994202276,0.980030062271849,0,0.972246081168134,0.978204852909598,0,0,0,0.984646768305776,0.457429675756925,0,0.873362679836805,0,0,0
RAC2,0,0.771634099205497,0.93225252308353,0,0.462207429675757,0.376905733304703,0,0.817318015890058,0.461133777109727,0,0.418778183379858,0.944009018681555,0,0,0.810017178441056,0.888930642044234,0,0.960543268198411,0.592334120678548,0,0,0,0.934507193472192,0.412121537470475,0,0.991786557869873,0,0,0
LTBP2,0,0.897949323598883,0.973802877388877,0,0.461026411853124,0.531994846467683,0,0.97246081168134,0.55615202920335,0,0.409920549710114,0.171677045308138,0,0,0.952490873953189,0.96483787846253,0,0.963281082241787,0.983895211509556,0,0,0,0.887373845823492,0.353768520506764,0,0.616437620785914,0,0,0
TFEB,0,0.839542624006871,0.726218595662444,0,0.713334764870088,0.553682628301482,0,0.980030062271849,0.6557869873309,0,0.565922267554219,0.99382649774533,0,0,0.981962636890702,0.980244792785055,0,0.996349581275499,0.607687352372772,0,0,0,0.968649345071935,0.526733948894138,0,0.996940090186816,0,0,0
NFKB1,0,0.794073437835516,0.935956624436332,0,0.821719991410779,0.400257676615847,0,0.844105647412497,0.428387373845823,0,0.564955980244793,0.72391024264548,0,0,0.804004724071291,0.758964998926347,0,0.903371269057333,0.921462314794932,0,0,0,0.689445995275929,0.471494524371913,0,0.809480352158042,0,0,0
ARHGAP1,0,0.609727292248229,0.571505260897574,0,0.577356667382435,0.376744685419798,0,0.822203135065493,0.59093837234271,0,0.802662658363754,0.582885978097488,0,0,0.838844749838952,0.73405625939446,0,0.79745544341851,0.784517929997853,0,0,0,0.533605325316728,0.506280867511273,0,0.552555293107151,0,0,0
LIMA1,0,0.994148593515139,0.858224178655787,0,0.970796650203994,0.937620785913678,0,0.990820270560447,0.944384797079665,0,0.774425595877174,0.500483143654713,0,0,0.984002576766158,0.939338630019326,0,0.970206141292678,0.997584281726433,0,0,0,0.706087610049388,0.940143869443848,0,0.166738243504402,0,0,0
SULF2,0,0.931608331543912,0.740444492162336,0,0.889467468327249,0.730513205926562,0,0.912228902727078,0.979063774962422,0,0.0656001717844106,0.885065492806528,0,0,0.888447498389521,0.830255529310715,0,0.928602104359029,0.959147519862573,0,0,0,0.63152243933863,0.907343783551643,0,0.86015675327464,0,0,0
ITGB2,0,0.828537685205068,0.931017822632596,0,0.362465106291604,0.432843031994846,0,0.791442989048744,0.302716340992055,0,0.678333691217522,0.744363324028344,0,0,0.816029632810822,0.921784410564741,0,0.897412497315869,0.403317586429032,0,0,0,0.971977668026627,0.326766158471119,0,0.848507622933219,0,0,0
CSF1,0,0.990712905303844,0.953457161262615,0,0.93622503757784,0.842978312218166,0,0.99962422160189,0.812379214086322,0,0.767285806313077,0.567371698518359,0,0,0.998818982177367,0.999194760575478,0,0.998765299549066,0.979976379643547,0,0,0,0.98878033068499,0.67935366115525,0,0.835033283229547,0,0,0
COL8A2,0,0.792570324243075,0.931823062057118,0,0.69889413785699,0.520399398754563,0,0.899022976164913,0.534571612626154,0,0.683755636675972,0.936708181232553,0,0,0.882381361391454,0.946317371698518,0,0.94782048529096,0.849688640755851,0,0,0,0.935956624436332,0.342119390165342,0,0.80362894567318,0,0,0
VCAN,0,0.9420227614344,0.997423233841529,0,0.441432252523084,0.14746617994417,0,0.920120249087395,0.291013528022332,0,0.0534142151599742,0.243933863001933,0,0,0.927528451793,0.949538329396607,0,0.92935366115525,0.964408417436118,0,0,0,0.973373416362465,0.179192613270346,0,0.81957268627872,0,0,0
RUNX1,0,0.827249302125832,0.132220313506549,0,0.576175649559802,0.588361606184239,0,0.949484646768306,0.478795361820915,0,0.574511488082457,0.944384797079665,0,0,0.894406270130986,0.933218810392957,0,0.978526948679407,0.819357955765514,0,0,0,0.879321451578269,0.587985827786128,0,0.914805668885549,0,0,0
NEXN,0,0.87245007515568,0.872557440412283,0,0.74237706678119,0.74312862357741,0,0.765729010092334,0.701524586643762,0,0.364290315653854,0.284142151599742,0,0,0.75289886192828,0.788275713978956,0,0.70544341850977,0.892581060768735,0,0,0,0.843568821129483,0.736794073437836,0,0.329128194116384,0,0,0
AHNAK,0,0.984646768305776,0.817156968005154,0,0.934721923985398,0.96414000429461,0,0.989263474339704,0.992001288383079,0,0.543805024694009,0.897734593085677,0,0,0.980298475413356,0.984109942022761,0,0.977936439768091,0.945136353875886,0,0,0,0.969078806098347,0.971709254885119,0,0.652834442774318,0,0,0
ADCY7,0,0.926669529740176,0.906216448357312,0,0.644245222246081,0.320807386729654,0,0.941646983036289,0.324511488082457,0,0.77211724286021,0.712744255958772,0,0,0.945028988619283,0.899935580846038,0,0.966770453081383,0.837449001503114,0,0,0,0.79783122181662,0.0340347863431394,0,0.950343568821129,0,0,0
SH2B3,0,0.98802877388877,0.364236633025553,0,0.96124114236633,0.989531887481211,0,0.918456087610049,0.998013742752845,0,0.943955336053253,0.93515138501181,0,0,0.903210221172429,0.971709254885119,0,0.856023190895426,0.0707537041013528,0,0,0,0.993289671462315,0.993665449860425,0,0.34963495812755,0,0,0
ACTN1,0,0.947552072149452,0.971279793858707,0,0.464408417436118,0.619443847970797,0,0.88007300837449,0.684399828215589,0,0.234217307279364,0.224017607902083,0,0,0.897788275713979,0.947766802662658,0,0.838952115095555,0.934077732445781,0,0,0,0.977345930856775,0.698303628945673,0,0.189445995275929,0,0,0
AEBP1,0,0.991518144728366,0.993074940949109,0,0.807923555937299,0.415449860425166,0,0.991625509984969,0.608385226540691,0,0.667275069787417,0.416523512991196,0,0,0.998389521150956,0.98657934292463,0,0.985022546703887,0.989370839596307,0,0,0,0.969400901868155,0.501395748335839,0,0.768252093622504,0,0,0
ANTXR1,0,0.779954906592227,0.87754992484432,0,0.453886622289027,0.47788275713979,0,0.868907021687782,0.439445995275929,0,0.158793214515783,0.160457375993129,0,0,0.858492591797294,0.737975091260468,0,0.864934507193472,0.961670603392742,0,0,0,0.47391024264548,0.387910672106506,0,0.798045952329826,0,0,0
COL5A1,0,0.979224822847327,0.99892634743397,0,0.545898647197767,0.0127227829074511,0,0.994900150311359,0.291013528022332,0,0.133777109727292,0.175327464032639,0,0,0.988458234915181,0.996510629160404,0,0.993450719347219,0.996510629160404,0,0,0,0.986203564526519,0.0296864934507193,0,0.822954691861714,0,0,0
COL1A2,0,0.742967575692506,0.958557010951256,0,0.331382864505046,0.172643332617565,0,0.750161047884904,0.295469186171355,0,0.139682198840455,0.379482499463174,0,0,0.804541550354305,0.65074082027056,0,0.866061842387803,0.917167704530814,0,0,0,0.608009448142581,0.139306420442345,0,0.907665879321452,0,0,0
MMP2,0,0.979063774962422,0.990444492162336,0,0.584442774318231,0.187191324887266,0,0.993397036718918,0.291013528022332,0,0.713925273781404,0.385763366974447,0,0,0.994148593515139,0.961026411853124,0,0.993880180373631,0.995598024479278,0,0,0,0.766748980030062,0.016051105862143,0,0.959952759287095,0,0,0
CD4,0,0.511434399828216,0.216340992054971,0,0.545147090401546,0.689338630019326,0,0.587663732016319,0.608009448142581,0,0.887427528451793,0.789939875456302,0,0,0.718595662443633,0.676937942881684,0,0.668295039725145,0.193740605540047,0,0,0,0.719776680266266,0.60001073652566,0,0.4492699162551,0,0,0
MICALCL,0,0.92173072793644,0.806474124973159,0,0.766641614773459,0.756227184882972,0,0.926132703457161,0.488350869658578,0,0.879643547348078,0.614988189821774,0,0,0.902297616491303,0.916791926132703,0,0.934185097702384,0.872772170925489,0,0,0,0.904498604251664,0.741464462100064,0,0.867511273351943,0,0,0
LRRC15,0,0.603178011595448,0.897412497315869,0,0.438103929568392,0.49130341421516,0,0.640702168778183,0.627603607472622,0,0.38297187030277,0.348507622933219,0,0,0.665610908310071,0.709952759287095,0,0.637373845823492,0.82537041013528,0,0,0,0.764225896499893,0.462851621215375,0,0.412336267983681,0,0,0
ADAM19,0,0.513098561305562,0.902834442774318,0,0.259233412067855,0.021848829718703,0,0.758964998926347,0.292892420012884,0,0.188211294824995,0.891561090831007,0,0,0.883723427098991,0.765836375348937,0,0.950826712475843,0.823008374490015,0,0,0,0.712744255958772,0.0328000858922053,0,0.99092763581705,0,0,0
HIVEP3,0,0.774694009018682,0.217468327249302,0,0.503167275069787,0.614827141936869,0,0.75907236418295,0.580040798797509,0,0.862787202061413,0.502737814043376,0,0,0.668939231264763,0.692828000858922,0,0.815653854412712,0.878462529525446,0,0,0,0.757461885333906,0.669476057547778,0,0.780330684990337,0,0,0
ZCCHC24,0,0.976379643547348,0.975305990981318,0,0.908256388232768,0.570216877818338,0,0.991571827356667,0.631039295683917,0,0.637856989478205,0.489531887481211,0,0,0.991035001073653,0.959362250375778,0,0.987545630234056,0.997154820700021,0,0,0,0.774747691646983,0.649613485076229,0,0.65143869443848,0,0,0
ZBTB7A,0,0.989317156968005,0.971172428602104,0,0.799710113807172,0.855217951470904,0,0.975950182520936,0.799763796435473,0,0.298475413356238,0.368048099634958,0,0,0.988350869658578,0.99312862357741,0,0.949377281511703,0.945780545415503,0,0,0,0.995490659222676,0.873040584066996,0,0.22535967360962,0,0,0
FN1,0,0.930319948464677,0.986149881898218,0,0.406001717844106,0.566566459093837,0,0.963227399613485,0.598131844535108,0,0.744953832939661,0.159598453940305,0,0,0.896499892634743,0.976003865149238,0,0.930319948464677,0.979815331758643,0,0,0,0.957805454155035,0.586160618423878,0,0.126852050676401,0,0,0
LAPTM5,0,0.379911960489586,0.313506549280653,0,0.241088683701954,0.306688855486365,0,0.632059265621645,0.291013528022332,0,0.533444277431823,0.873040584066996,0,0,0.503596736096199,0.706624436332403,0,0.861659866867082,0.0540047240712905,0,0,0,0.703510843890917,0.0228687996564312,0,0.981425810607687,0,0,0
MRC2,0,0.533444277431823,0.949699377281512,0,0.283122181662014,0.00896499892634743,0,0.791228258535538,0.291013528022332,0,0.430642044234486,0.273298260682843,0,0,0.812862357741035,0.825263044878677,0,0.823867296542839,0.89746617994417,0,0,0,0.783497960060125,0.0592656216448357,0,0.679299978526949,0,0,0
TBC1D2B,0,0.639360103070646,0.739800300622719,0,0.628730942666953,0.417221387159115,0,0.821719991410779,0.291013528022332,0,0.380985613055615,0.837932145157827,0,0,0.657504831436547,0.85253382005583,0,0.881039295683917,0.761702812969723,0,0,0,0.857043160833154,0.0726325960919047,0,0.729493235988834,0,0,0
RUNX2,0,0.989424522224608,0.992054971011381,0,0.488511917543483,0.309104573759931,0,0.983519433111445,0.291013528022332,0,0.561627657290101,0.148325101996994,0,0,0.987975091260468,0.978043805024694,0,0.980727936439768,0.993235988834013,0,0,0,0.970313506549281,0.38914537255744,0,0.721923985398325,0,0,0
B4GALT1,0,0.978312218166201,0.361498818982177,0,0.943579557655143,0.96703886622289,0,0.969884045522869,0.950665664590938,0,0.441915396177797,0.854681125187889,0,0,0.950504616706034,0.96086536396822,0,0.945243719132489,0.967736740390809,0,0,0,0.937298690143869,0.995222246081168,0,0.0509984968864076,0,0,0
TNKS1BP1,0,0.909383723427099,0.51159544771312,0,0.994631737169852,0.858009448142581,0,0.954316083315439,0.979063774962422,0,0.932574618853339,0.744631737169852,0,0,0.961455872879536,0.916845608761005,0,0.835945887910672,0.961509555507838,0,0,0,0.7789886192828,0.930749409491089,0,0.0870732231050032,0,0,0
LGALS1,0,0.764762722782907,0.805293107150526,0,0.790100923341207,0.485774103500107,0,0.762400687137642,0.913517285806313,0,0.933755636675972,0.647519862572472,0,0,0.822686278720206,0.862948249946317,0,0.640809534034786,0.682950397251449,0,0,0,0.899237706678119,0.659866867081812,0,0.184185097702384,0,0,0
RAB31,0,0.569304273137213,0.866276572901009,0,0.451685634528667,0.445726862787202,0,0.708503328322955,0.350815975950183,0,0.489263474339704,0.279149667167705,0,0,0.706463388447498,0.75037577839811,0,0.616169207644406,0.790530384367619,0,0,0,0.764762722782907,0.409705819196908,0,0.318767446854198,0,0,0
ST5,0,0.985237277217093,0.934077732445781,0,0.902619712261112,0.753167275069787,0,0.995973802877389,0.858868370195405,0,0.379965643117887,0.473105003220958,0,0,0.98985398325102,0.989048743826498,0,0.994041228258536,0.996993772815117,0,0,0,0.893869443847971,0.666201417221387,0,0.876583637534894,0,0,0
C10orf55,0,0.866920764440627,0.977399613485076,0,0.241088683701954,0.217360961992699,0,0.841045737599313,0.291013528022332,0,0.540691432252523,0.436815546489156,0,0,0.841850977023835,0.93805024694009,0,0.84636031780116,0.61557869873309,0,0,0,0.979439553360533,0.139574833583852,0,0.850815975950183,0,0,0
FYB,0,0.747852694867941,0.989692935366116,0,0.364612411423663,0.361123040584067,0,0.946532102211724,0.386085462744256,0,0.360532531672751,0.670442344857204,0,0,0.93187674468542,0.951739317156968,0,0.984217307279364,0.979761649130341,0,0,0,0.904659652136569,0.0166416147734593,0,0.974608116813399,0,0,0
SYNPO,0,0.99167919261327,0.974876529954907,0,0.859244148593515,0.60833154391239,0,0.998067425381147,0.748389521150956,0,0.757032424307494,0.329987116169208,0,0,0.998765299549066,0.990390809534035,0,0.991249731586858,0.998765299549066,0,0,0,0.923126476272278,0.583261756495598,0,0.428709469615632,0,0,0
CSF1R,0,0.940251234700451,0.955175005368263,0,0.762132273996135,0.783014816405411,0,0.904820700021473,0.769325746188533,0,0.385602319089543,0.475681769379429,0,0,0.895157826927206,0.932467253596736,0,0.906323813613915,0.95614129267769,0,0,0,0.949055185741894,0.663195190036504,0,0.752737814043376,0,0,0
LACTB,0,0.90181447283659,0.819250590508911,0,0.933272493021258,0.584442774318231,0,0.921677045308138,0.559211939016534,0,0.678065278076015,0.821129482499463,0,0,0.934185097702384,0.909974232338415,0,0.89059480352158,0.813989692935366,0,0,0,0.891507408202706,0.57354520077303,0,0.707322310500322,0,0,0
FKBP15,0,0.957214945243719,0.790906162765729,0,0.898754563023406,0.829450289886193,0,0.902673394889414,0.691056474124973,0,0.857096843461456,0.943257461885334,0,0,0.882703457161263,0.897305132059266,0,0.959093837234271,0.689660725789135,0,0,0,0.930266265836375,0.770023620356453,0,0.975520721494524,0,0,0
RPAIN,0,0.676186386085463,0.23115739746618,0,0.696693150096629,0.636568606398969,0,0.773083530169637,0.755475628086751,0,0.689445995275929,0.852319089542624,0,0,0.821558943525875,0.652566029632811,0,0.727453296113378,0.294824994631737,0,0,0,0.51631951900365,0.709040154605969,0,0.712261112304058,0,0,0
CD44,0,0.985183594588791,0.996993772815117,0,0.652351299119605,0.00214730513205927,0,0.990873953188748,0.737599312862358,0,0.288222031350655,0.914054112089328,0,0,0.989209791711402,0.986257247154821,0,0.998228473266051,0.983197337341636,0,0,0,0.974769164698304,0.324887266480567,0,0.994900150311359,0,0,0
EHD2,0,0.687620785913678,0.88984324672536,0,0.603339059480352,0.564311788705175,0,0.861284088468971,0.503435688211295,0,0.270936225037578,0.654498604251664,0,0,0.858868370195405,0.903585999570539,0,0.844749838952115,0.748657934292463,0,0,0,0.925542194545845,0.656216448357312,0,0.683111445136354,0,0,0
ELK3,0,0.834442774318231,0.96956194975306,0,0.289725144943096,0.313023405625939,0,0.854573759931286,0.291013528022332,0,0.691539617779687,0.855915825638823,0,0,0.853768520506764,0.946156323813614,0,0.950289886192828,0.345608761004939,0,0,0,0.978741679192613,0.0786987330899721,0,0.984485720420872,0,0,0
TNFRSF1B,0,0.982016319519004,0.984324672535967,0,0.979493235988834,0.65906162765729,0,0.994524371913249,0.798851191754348,0,0.490605540047241,0.982445780545416,0,0,0.955013957483358,0.988243504401976,0,0.998657934292463,0.991142366330256,0,0,0,0.93332617564956,0.472031350654928,0,0.99420227614344,0,0,0
THBS1,0,0.843515138501181,0.972890272707752,0,0.372396392527378,0.25252308353017,0,0.903961777968649,0.315439123899506,0,0.36557869873309,0.297777539188319,0,0,0.864612411423663,0.867242860210436,0,0.922535967360962,0.974124973158686,0,0,0,0.718917758213442,0.0155142795791282,0,0.743880180373631,0,0,0
MSN,0,0.724822847326605,0.943042731372128,0,0.306313077088254,0.181984109942023,0,0.775552931071505,0.291013528022332,0,0.15723641829504,0.400794502898862,0,0,0.7282585355379,0.751288383079236,0,0.860478849044449,0.842012024908739,0,0,0,0.755153532316942,0.114236633025553,0,0.871269057333047,0,0,0
NCOR2,0,0.440788060983466,0.269808889843247,0,0.620088039510414,0.830309211939017,0,0.826229332188104,0.786450504616706,0,0.529954906592227,0.793214515782693,0,0,0.779954906592227,0.803467897788276,0,0.891561090831007,0.843729869014387,0,0,0,0.590401546059695,0.691002791496672,0,0.831329181876745,0,0,0
ITGA3,0,0.828484002576766,0.575585140648486,0,0.642258964998926,0.896338844749839,0,0.697927850547563,0.806903585999571,0,0.935634528666524,0.673287524157183,0,0,0.685956624436332,0.823330470259824,0,0.654928065278076,0.728473266051106,0,0,0,0.88984324672536,0.796918617135495,0,0.148325101996994,0,0,0
GALNT10,0,0.769379428816835,0.87969722997638,0,0.737706678118961,0.800139574833584,0,0.811788705175005,0.839435258750268,0,0.503865149237707,0.777109727292248,0,0,0.787363109297831,0.887803306849903,0,0.871430105217952,0.843139360103071,0,0,0,0.940841743611767,0.893439982821559,0,0.437191324887266,0,0,0
RASSF5,0,0.745866437620786,0.589381576121967,0,0.621859566244363,0.659544771312003,0,0.895104144298905,0.419422374919476,0,0.950182520936225,0.694009018681555,0,0,0.955336053253167,0.924790637749624,0,0.929138930642044,0.855003220957698,0,0,0,0.885333905948035,0.358922052823706,0,0.784893708395963,0,0,0
TLR2,0,0.942130126691003,0.974930212583208,0,0.744900150311359,0.40074082027056,0,0.935258750268413,0.314097058191969,0,0.167275069787417,0.229063774962422,0,0,0.928602104359029,0.790476701739317,0,0.932145157826927,0.984002576766158,0,0,0,0.594374060554005,0.471870302770024,0,0.879589864719777,0,0,0
CALD1,0,0.825907236418295,0.913248872664806,0,0.641238995061198,0.595071934721924,0,0.972407129053038,0.453832939660726,0,0.185366115525016,0.372986901438694,0,0,0.954638179085248,0.950504616706034,0,0.967146231479493,0.98733089972085,0,0,0,0.780330684990337,0.385817049602749,0,0.80325316727507,0,0,0
PLEC,0,0.999677904230191,0.627442559587717,0,0.906216448357312,0.957161262615418,0,0.998818982177367,0.992913893064204,0,0.976325960919047,0.704208718058836,0,0,0.998013742752845,1,0,0.99602748550569,0.990283444277432,0,0,0,1,0.898486149881898,0,0.210113807171999,0,0,0
FAS,0,0.90326390380073,0.824618853339059,0,0.518359458879107,0.823491518144728,0,0.88876959415933,0.956463388447498,0,0.386998067425381,0.586858492591797,0,0,0.85940519647842,0.775069787416792,0,0.920173931715697,0.95071934721924,0,0,0,0.603178011595448,0.787953618209148,0,0.88007300837449,0,0,0
MLX,0,0.981962636890702,0.571236847756066,0,0.975842817264333,0.970098776036075,0,0.987277217092549,0.930266265836375,0,0.98657934292463,0.982660511058621,0,0,0.991196048958557,0.993504401975521,0,0.969884045522869,0.661638393815761,0,0,0,0.988243504401976,0.831973373416362,0,0.351567532746403,0,0,0
SMAD7,0,0.999516856345287,0.954208718058836,0,0.946263689070217,0.958503328322955,0,0.999516856345287,0.836858492591797,0,0.910403693364827,0.993182306205712,0,0,0.998443203779257,0.999516856345287,0,0.999785269486794,0.994739102426455,0,0,0,0.999463173716985,0.99130341421516,0,0.885333905948035,0,0,0
TIMP2,0,0.897144084174361,0.979815331758643,0,0.44889413785699,0.401009233412068,0,0.959040154605969,0.396821988404552,0,0.891829503972514,0.327732445780545,0,0,0.978365900794503,0.958395963066352,0,0.961616920764441,0.985022546703887,0,0,0,0.92462958986472,0.376476272278291,0,0.573276787631522,0,0,0
LHFPL2,0,0.920925488511918,0.85940519647842,0,0.895265192183809,0.424468541979815,0,0.92607902082886,0.726111230405841,0,0.733197337341636,0.565707537041014,0,0,0.89419153961778,0.867564955980245,0,0.91813399184024,0.959040154605969,0,0,0,0.796650203993988,0.6123040584067,0,0.817264333261757,0,0,0
KCTD12,0,0.0518574189392313,0.854520077302985,0,0.456033927421087,0.212636890702169,0,0.607687352372772,0.300837449001503,0,0.260092334120679,0.564419153961778,0,0,0.35435902941808,0.580738672965428,0,0.697874167919261,0.818337985827786,0,0,0,0.483841528881254,0.0751019969937728,0,0.726648056688855,0,0,0
KIAA0247,0,0.551964784195834,0.423287524157183,0,0.241088683701954,0.385763366974447,0,0.753650418724501,0.291013528022332,0,0.846897144084174,0.982123684775607,0,0,0.707429675756925,0.833208073867297,0,0.929407343783552,0.0887910672106506,0,0,0,0.920871805883616,0.137105432681984,0,0.984646768305776,0,0,0
OSMR,0,0.922697015245866,0.994363324028344,0,0.354251664161477,0.0180910457375993,0,0.911423663302555,0.291013528022332,0,0.729869014386944,0.114182950397251,0,0,0.954691861713549,0.904015460596951,0,0.914054112089328,0.970152458664376,0,0,0,0.913678333691218,0.163356237921409,0,0.839059480352158,0,0,0
COL12A1,0,0.675917972943955,0.905357526304488,0,0.293268198410994,0.00257676615847112,0,0.815063345501396,0.370678548421731,0,0.620946961563238,0.329503972514494,0,0,0.752039939875456,0.879428816834872,0,0.844051964784196,0.8297187030277,0,0,0,0.875778398110372,0.333261756495598,0,0.429944170066566,0,0,0
DUSP7,0,0.866115525016105,0.921838093193043,0,0.38694438479708,0.450987760360747,0,0.888554863646124,0.566136998067425,0,0.557440412282585,0.538705175005368,0,0,0.852748550569036,0.892849473910243,0,0.916147734593086,0.810715052608976,0,0,0,0.873255314580202,0.419315009662873,0,0.829826068284303,0,0,0
PRKCD,0,0.862089327893494,0.062754992484432,0,0.913302555293107,0.9710113807172,0,0.460167489800301,0.980727936439768,0,0.810554004724071,0.741786557869873,0,0,0.562164483573116,0.40433755636676,0,0.0143869443847971,0.268735237277217,0,0,0,0.422911745759072,0.930910457375993,0,0.0191110156753275,0,0,0
KCNN4,0,0.966340992054971,0.889574833583852,0,0.814741249731587,0.881415074082027,0,0.938694438479708,0.746564311788705,0,0.768413141507408,0.986471977668027,0,0,0.958395963066352,0.972782907451149,0,0.96811251878892,0.725037577839811,0,0,0,0.986203564526519,0.687030277002362,0,0.910940519647842,0,0,0
PPFIBP1,0,0.365847111874597,0.791120893278935,0,0.498980030062272,0.444331114451364,0,0.795093407773245,0.456785484217307,0,0.524532961133777,0.190841743611767,0,0,0.538329396607258,0.773674039080953,0,0.795415503543053,0.915718273566674,0,0,0,0.497047455443418,0.115149237706678,0,0.306581490229762,0,0,0
SKI,0,0.820216877818338,0.132757139789564,0,0.966018896285162,0.97353446424737,0,0.802447927850548,0.960811681339918,0,0.900794502898862,0.627013098561306,0,0,0.803682628301482,0.820807386729654,0,0.588146875671033,0.343031994846468,0,0,0,0.786987330899721,0.945780545415503,0,0.0756388232767876,0,0,0
NRP1,0,0.908900579772386,0.975413356237921,0,0.451524586643762,0.394137856989478,0,0.887266480566889,0.413087824779901,0,0.808138286450505,0.492054971011381,0,0,0.896875671032854,0.810607687352373,0,0.938587073223105,0.964462100064419,0,0,0,0.766748980030062,0.405196478419583,0,0.906109083100709,0,0,0
ARSI,0,0.846628730942667,0.975198625724715,0,0.376046811251879,0.344266695297402,0,0.859136783336912,0.410564741249732,0,0.484324672535967,0.188587073223105,0,0,0.865310285591583,0.855969508267125,0,0.869712261112304,0.950289886192828,0,0,0,0.855378999355808,0.417114021902512,0,0.756764011165987,0,0,0
SELPLG,0,0.87862357741035,0.879750912604681,0,0.343193042731372,0.474500751556796,0,0.902566029632811,0.473319733734164,0,0.801696371054327,0.709362250375778,0,0,0.883132918187674,0.960060124543698,0,0.925220098776036,0.316834872235345,0,0,0,0.96918617135495,0.386031780115954,0,0.831973373416362,0,0,0
TLR8,0,0.6594374060554,0.801052179514709,0,0.40906162765729,0.372127979385871,0,0.786074726218596,0.341850977023835,0,0.413087824779901,0.868745973802877,0,0,0.756441915396178,0.631039295683917,0,0.930588361606184,0.683970367189178,0,0,0,0.542677689499678,0.389467468327249,0,0.979922697015246,0,0,0
CLEC7A,0,0.344159330040799,0.529740176079021,0,0.409007945028989,0.379750912604681,0,0.629106721065063,0.385763366974447,0,0.216877818337986,0.696263689070217,0,0,0.604681125187889,0.429138930642044,0,0.812969722997638,0.328054541550354,0,0,0,0.409598453940305,0.37389950611982,0,0.98260682843032,0,0,0
PLEKHO2,0,0.696102641185312,0.258911316298046,0,0.674736955121323,0.800891131629805,0,0.843139360103071,0.706678118960704,0,0.764762722782907,0.900472407129053,0,0,0.82826927206356,0.891829503972514,0,0.885441271204638,0.0887373845823492,0,0,0,0.924414859351514,0.782102211724286,0,0.87030277002362,0,0,0
MYO1F,0,0.678441056474125,0.847595018252094,0,0.328591367833369,0.25977023835087,0,0.618799656431179,0.291013528022332,0,0.739746617994417,0.647949323598883,0,0,0.666255099849689,0.565707537041014,0,0.802931071505261,0.612518788919906,0,0,0,0.56339918402405,0.0565814902297617,0,0.920925488511918,0,0,0
BCL9L,0,0.851245436976594,0.605110586214301,0,0.546596521365686,0.789939875456302,0,0.77791496671677,0.696210006441915,0,0.896768305776251,0.949699377281512,0,0,0.866008159759502,0.896553575263045,0,0.81194975305991,0.216931500966287,0,0,0,0.955336053253167,0.750697874167919,0,0.793697659437406,0,0,0
DACT1,0,0.880985613055615,0.989531887481211,0,0.327088254240928,0.103500107365257,0,0.911477345930857,0.291013528022332,0,0.0519111015675327,0.103500107365257,0,0,0.920710757998712,0.911531028559158,0,0.915825638823277,0.966770453081383,0,0,0,0.88984324672536,0.0927635817049603,0,0.772224608116813,0,0,0
PLEK2,0,0.922589649989264,0.8876959415933,0,0.820216877818338,0.733948894137857,0,0.849581275499248,0.865471333476487,0,0.653156538544127,0.579020828859781,0,0,0.807279364397681,0.836858492591797,0,0.800569035859996,0.925381146660941,0,0,0,0.820753704101353,0.797670173931716,0,0.182037792570324,0,0,0
COL1A1,0,0.980566888554864,0.979385870732231,0,0.612250375778398,0.748282155894353,0,0.98368048099635,0.836106935795577,0,0.979117457590724,0.547884904444922,0,0,0.973212368477561,0.996081168133992,0,0.970796650203994,0.92462958986472,0,0,0,0.995866437620786,0.651385011810178,0,0.629911960489586,0,0,0
PODNL1,0,0.810554004724071,0.494953832939661,0,0.589005797723857,0.626261541765085,0,0.848883401331329,0.602319089542624,0,0.649184024049817,0.612840884689714,0,0,0.887910672106506,0.881468756710329,0,0.794986042516642,0.316244363324028,0,0,0,0.853661155250161,0.498228473266051,0,0.274962422160189,0,0,0
DYSF,0,0.86885333905948,0.930588361606184,0,0.336053253167275,0.315922267554219,0,0.938157612196693,0.291013528022332,0,0.347219239853983,0.141936869229117,0,0,0.971762937513421,0.933272493021258,0,0.938479707966502,0.976970152458664,0,0,0,0.873631092978312,0.317532746403264,0,0.554004724071291,0,0,0
ETS1,0,0.946317371698518,0.99527592870947,0,0.388608546274426,0.278076014601675,0,0.963066351728581,0.291013528022332,0,0.756441915396178,0.617081812325531,0,0,0.977023835086966,0.988565600171784,0,0.97428602104359,0.912712046381791,0,0,0,0.992054971011381,0.0652780760146017,0,0.862894567318016,0,0,0
CD86,0,0.2282585355379,0.776894996779042,0,0.289886192828001,0.317801159544771,0,0.220045093407773,0.316942237491948,0,0.42173072793644,0.912443633240283,0,0,0.189821773674039,0.220850332832295,0,0.769594159330041,0.543697659437406,0,0,0,0.343139360103071,0.0975950182520936,0,0.985720420871806,0,0,0
PRRX1,0,0.908846897144084,0.961348507622933,0,0.524586643762079,0.457214945243719,0,0.872986901438694,0.482392097917114,0,0.344374060554005,0.173663302555293,0,0,0.908041657719562,0.776358170496028,0,0.861337771097273,0.963871591153103,0,0,0,0.703510843890917,0.472138715911531,0,0.728365900794503,0,0,0
ARHGAP30,0,0.634743397036719,0.0202383508696586,0,0.672160188962852,0.832134421301267,0,0.657290100923341,0.875026841314151,0,0.769540476701739,0.915503543053468,0,0,0.510038651492377,0.6630341421516,0,0.691271204638179,0.0488511917543483,0,0,0,0.578913463603178,0.831812325531458,0,0.747208503328323,0,0,0
CHST11,0,0.571451578269272,0.405303843676186,0,0.437459738028774,0.390809534034786,0,0.7137642258965,0.39891561090831,0,0.495007515567962,0.703779257032424,0,0,0.716555722568177,0.834389091689929,0,0.692881683487224,0.0533068499033713,0,0,0,0.844320377925703,0.0284517929997853,0,0.747584281726433,0,0,0
TNC,0,0.976540691432253,0.998765299549066,0,0.495812754992484,0.021956194975306,0,0.995061198196264,0.291013528022332,0,0.282853768520507,0.164376207859137,0,0,0.994524371913249,0.985452007730299,0,0.994309641400043,0.998389521150956,0,0,0,0.937083959630663,0.054165771956195,0,0.917597165557226,0,0,0
RNF19B,0,0.990068713764226,0.915288812540262,0,0.943042731372128,0.891507408202706,0,0.97718488297187,0.548851191754348,0,0.486847756066137,0.946854197981533,0,0,0.974178655786987,0.979278505475628,0,0.992323384152888,0.924146446210006,0,0,0,0.985988834013313,0.884260253382006,0,0.969078806098347,0,0,0
ITGA2,0,0.928870517500537,0.859834657504831,0,0.879911960489586,0.526626583637535,0,0.890916899291389,0.324511488082457,0,0.18042731372128,0.486633025552931,0,0,0.880502469400902,0.88984324672536,0,0.877925703242431,0.934024049817479,0,0,0,0.922160188962852,0.594374060554005,0,0.449108868370195,0,0,0
HTR7,0,0.473158685849259,0.861123040584067,0,0.329826068284303,0.131844535108439,0,0.508267124758428,0.291013528022332,0,0.548582778612841,0.432574618853339,0,0,0.529579128194116,0.582080738672965,0,0.675327464032639,0.400257676615847,0,0,0,0.698518359458879,0.133079235559373,0,0.818767446854198,0,0,0
TYMP,0,0.640970581919691,0.725789134636032,0,0.448142581060769,0.646338844749839,0,0.701202490873953,0.661906806957269,0,0.63984324672536,0.593139360103071,0,0,0.623470045093408,0.805937298690144,0,0.720313506549281,0.547294395533605,0,0,0,0.839059480352158,0.547187030277002,0,0.549871161692076,0,0,0
COL8A1,0,0.580899720850333,0.924575907236418,0,0.327786128408847,0.391453725574404,0,0.64021902512347,0.329503972514494,0,0.131092978312218,0.295147090401546,0,0,0.623523727721709,0.684077732445781,0,0.749033712690573,0.841958342280438,0,0,0,0.756817693794288,0.379589864719777,0,0.818069572686279,0,0,0
CCR1,0,0.948464676830578,0.989961348507623,0,0.450236203564527,0.305990981318445,0,0.930695726862787,0.355003220957698,0,0.239102426454799,0.820914751986257,0,0,0.96124114236633,0.858224178655787,0,0.986257247154821,0.976325960919047,0,0,0,0.828430319948465,0.318767446854198,0,0.996295898647198,0,0,0
DOK2,0,0.826605110586214,0.197176293751342,0,0.705228687996564,0.492216018896285,0,0.792194545844965,0.800783766373202,0,0.570914751986257,0.903747047455443,0,0,0.715804165771956,0.820592656216448,0,0.896446210006442,0.110908310070861,0,0,0,0.876691002791497,0.676240068713764,0,0.935580846038222,0,0,0
COTL1,0,0.853553789993558,0.933809319304273,0,0.521312003435688,0.617779686493451,0,0.89204423448572,0.559534034786343,0,0.464730513205927,0.662282585355379,0,0,0.904391238995061,0.944223749194761,0,0.888984324672536,0.844159330040799,0,0,0,0.946478419583423,0.349849688640756,0,0.749248443203779,0,0,0
IGSF6,0,0.599420227614344,0.613860854627443,0,0.431071505260898,0.486901438694438,0,0.612089327893494,0.442291174575907,0,0.596575048314365,0.700075155679622,0,0,0.673985398325102,0.562379214086322,0,0.752576766158471,0.412873094266695,0,0,0,0.564472836590079,0.367135494953833,0,0.882220313506549,0,0,0
TGFBI,0,0.987169851835946,0.552770023620356,0,0.964408417436118,0.992430749409491,0,0.892849473910243,0.991464462100064,0,0.48368048099635,0.656055400472407,0,0,0.901170281296972,0.954799226970152,0,0.624865793429246,0.887266480566889,0,0,0,0.984700450934078,0.996779042301911,0,0.0315117028129697,0,0,0
NNMT,0,0.977829074511488,0.998282155894353,0,0.613270345716126,0.296220742967576,0,0.992860210435903,0.314097058191969,0,0.260682843031995,0.175864290315654,0,0,0.995061198196264,0.979815331758643,0,0.991625509984969,0.997423233841529,0,0,0,0.935473480781619,0.0996349581275499,0,0.894352587502684,0,0,0
DSE,0,0.454745544341851,0.905411208932789,0,0.342173072793644,0.291442989048744,0,0.729546918617135,0.311090831007086,0,0.812862357741035,0.772546703886622,0,0,0.806796220742968,0.632112948249946,0,0.882005582993343,0.877281511702813,0,0,0,0.510038651492377,0.0286128408846897,0,0.906806957268628,0,0,0
AXL,0,0.850923341206785,0.870839596306635,0,0.470152458664376,0.532048529095985,0,0.891346360317801,0.65036504187245,0,0.274962422160189,0.423609619926992,0,0,0.901385011810178,0.942935366115525,0,0.887427528451793,0.834120678548422,0,0,0,0.951578269272064,0.551266910027915,0,0.508481855271634,0,0,0
CYBB,0,0.288329396607258,0.746242216018896,0,0.289617779686493,0.104197981533176,0,0.371322739961349,0.291013528022332,0,0.13114666094052,0.648217736740391,0,0,0.326121966931501,0.233358385226541,0,0.729063774962422,0.599957053897359,0,0,0,0.204960274855057,0.119604895855701,0,0.947015245866438,0,0,0
CD14,0,0.946585784840026,0.0126691002791497,0,0.877388876959416,0.962529525445566,0,0.960060124543698,0.790906162765729,0,0.979171140219025,0.899452437191325,0,0,0.986901438694438,0.969884045522869,0,0.936439768091046,0.883884474983895,0,0,0,0.970045093407773,0.980244792785055,0,0.0798797509126047,0,0,0
COL3A1,0,0.996456946532102,0.999677904230191,0,0.53371269057333,0.0139038007300837,0,0.996349581275499,0.291013528022332,0,0.232928924200129,0.151277646553575,0,0,0.994846467683058,0.989692935366116,0,0.995168563452867,0.998711616920764,0,0,0,0.973373416362465,0.101513850118102,0,0.945619497530599,0,0,0
CTSB,0,0.923609619926992,0.172643332617565,0,0.950611981962637,0.964730513205927,0,0.89601674898003,0.816351728580631,0,0.645855701095126,0.735988834013313,0,0,0.928816834872235,0.872664805668886,0,0.890916899291389,0.936869229117458,0,0,0,0.875080523942452,0.939875456302341,0,0.637105432681984,0,0,0
PMEPA1,0,0.991571827356667,0.939284947391024,0,0.768574189392313,0.80470259823921,0,0.992591797294396,0.755905089113163,0,0.655303843676186,0.448840455228688,0,0,0.994255958771741,0.98947820485291,0,0.984968864075585,0.992913893064204,0,0,0,0.967951470904015,0.814472836590079,0,0.339542624006871,0,0,0
IL10RA,0,0.0169637105432682,0.292677689499678,0,0.389252737814043,0.458020184668241,0,0.229493235988834,0.401653424951686,0,0.355110586214301,0.896070431608332,0,0,0.194009018681555,0.225091260468113,0,0.564204423448572,0.0957698088898433,0,0,0,0.348400257676616,0.427045308138286,0,0.979493235988834,0,0,0
SPSB1,0,0.999785269486794,0.992591797294396,0,0.995490659222676,0.916899291389306,0,0.997315868584926,0.958395963066352,0,0.625295254455658,0.83261756495598,0,0,0.998711616920764,0.997423233841529,0,0.98695512132274,0.979546918617135,0,0,0,0.99602748550569,0.902727077517715,0,0.762078591367833,0,0,0
ITGAV,0,0.732499463173717,0.838952115095555,0,0.70361820914752,0.61847756066137,0,0.811037148378785,0.725574404122826,0,0.490981318445351,0.318499033712691,0,0,0.702812969722998,0.799012239639253,0,0.723802877388877,0.941110156753275,0,0,0,0.676401116598669,0.411208932789349,0,0.244792785054756,0,0,0
IFI30,0,0.794878677260039,0.0582456517071076,0,0.836160618423878,0.815814902297616,0,0.76487008803951,0.808406699592012,0,0.948679407343784,0.907773244578055,0,0,0.736096199269916,0.814472836590079,0,0.821075799871162,0.12175220098776,0,0,0,0.865041872450075,0.827464032639038,0,0.437298690143869,0,0,0
PLAUR,0,0.920388662228903,0.969078806098347,0,0.503918831866008,0.551911101567533,0,0.924039080953403,0.438372342709899,0,0.58911316298046,0.444331114451364,0,0,0.89564097058192,0.948572042087181,0,0.931232553145802,0.910725789134636,0,0,0,0.957698088898432,0.479815331758643,0,0.770560446639467,0,0,0
FCGR2A,0,0.0257676615847112,0.283981103714838,0,0.241088683701954,0.315117028129697,0,0.17935366115525,0.291013528022332,0,0.833154391238995,0.886514923770668,0,0,0.282102211724286,0.341958342280438,0,0.600279149667168,0.0531458020184668,0,0,0,0.471548207000215,0.0126154176508482,0,0.966126261541765,0,0,0
STARD13,0,0.89998926347434,0.284195834228044,0,0.939177582134421,0.940841743611767,0,0.849527592870947,0.969722997637964,0,0.863324028344428,0.778827571397896,0,0,0.807923555937299,0.81050032209577,0,0.686708181232553,0.851889628516212,0,0,0,0.744631737169852,0.974608116813399,0,0.055615202920335,0,0,0
LCP1,0,0.348239209791711,0.576766158471119,0,0.262024908739532,0.274318230620571,0,0.405733304702598,0.337932145157827,0,0.401331329181877,0.892903156538544,0,0,0.35398325101997,0.419476057547778,0,0.86885333905948,0.201900365041872,0,0,0,0.544824994631737,0.330899720850333,0,0.968166201417221,0,0,0
CTSS,0,0.388501181017823,0.206194975305991,0,0.821397895640971,0.916255099849689,0,0.619497530599098,0.829181876744685,0,0.109619926991626,0.824672535967361,0,0,0.457537041013528,0.42355593729869,0,0.744846467683058,0.789993558084604,0,0,0,0.190358599957054,0.890057977238566,0,0.868638608546274,0,0,0
LAMB1,0,0.81667382435044,0.96993772815117,0,0.472246081168134,0.259555507837664,0,0.914376207859137,0.33369121752201,0,0.695351084389092,0.160350010736526,0,0,0.820109512561735,0.872396392527378,0,0.912282585355379,0.97246081168134,0,0,0,0.703081382864505,0.0641507408202706,0,0.617726003865149,0,0,0
SSC5D,0,0.95614129267769,0.164107794717629,0,0.671838093193043,0.760736525660296,0,0.883132918187674,0.642312647627228,0,0.935205067640112,0.713012669100279,0,0,0.902941808030921,0.972353446424737,0,0.754455658149023,0.036450504616706,0,0,0,0.988511917543483,0.53768520506764,0,0.180964140004295,0,0,0
SLC7A7,0,0.872611123040584,0.547401760790208,0,0.961563238136139,0.872933218810393,0,0.875939445995276,0.797240712905304,0,0.644030491732875,0.92210650633455,0,0,0.877013098561306,0.778881254026197,0,0.929461026411853,0.834281726433326,0,0,0,0.731694223749195,0.889682198840455,0,0.954799226970152,0,0,0
CSF2RA,0,0.655733304702598,0.215482070002147,0,0.931554648915611,0.519969937728151,0,0.802286879965643,0.442291174575907,0,0.278076014601675,0.516534249516856,0,0,0.832402834442774,0.535806313077088,0,0.724822847326605,0.876315224393386,0,0,0,0.273459308567747,0.631307708825424,0,0.726862787202061,0,0,0
CAP1,0,0.789564097058192,0.0214730513205927,0,0.955711831651278,0.681125187889199,0,0.921301266910028,0.860371483787846,0,0.934292462958986,0.978741679192613,0,0,0.897573545200773,0.859942022761434,0,0.908954262400687,0.0674790637749624,0,0,0,0.791120893278935,0.763205926562164,0,0.796489156109083,0,0,0
SLC16A3,0,0.986310929783122,0.218380931930427,0,0.920603392742109,0.981479493235989,0,0.972943955336053,0.977668026626584,0,0.961563238136139,0.976540691432253,0,0,0.968005153532317,0.988672965428387,0,0.970367189177582,0.88984324672536,0,0,0,0.994685419798153,0.98878033068499,0,0.266265836375349,0,0,0
CAPN2,0,0.979922697015246,0.989263474339704,0,0.819894782048529,0.803199484646768,0,0.990766587932145,0.749033712690573,0,0.742269701524587,0.798529095984539,0,0,0.984270989907666,0.995436976594374,0,0.993235988834013,0.989048743826498,0,0,0,0.989370839596307,0.645479922697015,0,0.827571397895641,0,0,0
SLC37A2,0,0.942989048743826,0.112465106291604,0,0.821666308782478,0.832724930212583,0,0.904283873738458,0.789564097058192,0,0.714032639038007,0.879536182091475,0,0,0.941378569894782,0.889574833583852,0,0.814043375563668,0.290047240712905,0,0,0,0.915020399398755,0.953564526519218,0,0.245973802877389,0,0,0
FCER1G,0,0.721172428602104,0.00434829289242001,0,0.957107579987116,0.948088898432467,0,0.948947820485291,0.91593300407988,0,0.950075155679622,0.999248443203779,0,0,0.946102641185312,0.939016534249517,0,0.970313506549281,0.0226003865149238,0,0,0,0.688103929568392,0.709899076658793,0,0.858868370195405,0,0,0
ABR,0,0.960382220313507,0.315170710757999,0,0.797992269701525,0.976003865149238,0,0.932574618853339,0.873362679836805,0,0.887910672106506,0.956570753704101,0,0,0.948035215804166,0.941861713549495,0,0.96848829718703,0.875993128623577,0,0,0,0.947498389521151,0.926293751342066,0,0.892366330255529,0,0,0
LAMA4,0,0.938103929568392,0.990390809534035,0,0.36885333905948,0.200558299334335,0,0.951202490873953,0.291013528022332,0,0.203403478634314,0.183218810392957,0,0,0.942237491947606,0.934077732445781,0,0.953510843890917,0.980996349581275,0,0,0,0.907558514064849,0.130019325746189,0,0.841958342280438,0,0,0
COL6A2,0,0.871269057333047,0.98695512132274,0,0.401062916040369,0.0104144298904874,0,0.951685634528667,0.321236847756066,0,0.193633240283444,0.149452437191325,0,0,0.952866652351299,0.906431178870517,0,0.954047670173932,0.985720420871806,0,0,0,0.784571612626154,0.0762830148164054,0,0.873523727721709,0,0,0
LAMB3,0,0.972943955336053,0.972353446424737,0,0.643923126476272,0.742162336267984,0,0.958234915181447,0.754401975520722,0,0.843568821129483,0.963710543268198,0,0,0.983573115739747,0.989102426454799,0,0.988619282800086,0.960704316083315,0,0,0,0.995436976594374,0.638179085248014,0,0.96124114236633,0,0,0
FILIP1L,0,0.910940519647842,0.964301052179515,0,0.712207429675757,0.367618638608546,0,0.952490873953189,0.412712046381791,0,0.652834442774318,0.593031994846468,0,0,0.933272493021258,0.89929138930642,0,0.967575692505905,0.979493235988834,0,0,0,0.740873953188748,0.315761219669315,0,0.914054112089328,0,0,0
ITGAL,0,0.0133132918187674,0.0924951685634529,0,0.790637749624222,0.899559802447928,0,0.368155464891561,0.849957053897359,0,0.764279579128194,0.992913893064204,0,0,0.396821988404552,0.40508911316298,0,0.685205067640112,0.103500107365257,0,0,0,0.427045308138286,0.700826712475843,0,0.976648056688855,0,0,0
ICAM1,0,0.763098561305562,0.192613270345716,0,0.759126046811252,0.641077947176294,0,0.772976164913034,0.681608331543912,0,0.764601674898003,0.995383293966073,0,0,0.768359458879107,0.824779901223964,0,0.941110156753275,0.0212583208073867,0,0,0,0.842709899076659,0.464247369551213,0,0.976701739317157,0,0,0
CTHRC1,0,0.709040154605969,0.963066351728581,0,0.301266910027915,0.381361391453726,0,0.847165557225682,0.369658578484003,0,0.205228687996564,0.307816190680696,0,0,0.86810178226326,0.907129053038437,0,0.851889628516212,0.909866867081812,0,0,0,0.887373845823492,0.110908310070861,0,0.422482284732661,0,0,0
ADAM8,0,0.824082027056045,0.931554648915611,0,0.289188318660082,0.359458879106721,0,0.732821558943526,0.372664805668886,0,0.504401975520722,0.273029847541336,0,0,0.808460382220313,0.911799441700666,0,0.671086536396822,0.3587073223105,0,0,0,0.962851621215375,0.0572793643976809,0,0.585194331114451,0,0,0
FNDC1,0,0.150311359244149,0.751019969937728,0,0.257569250590509,0.208181232553146,0,0.701900365041872,0.291013528022332,0,0.131683487223534,0.311573974661799,0,0,0.51014601674898,0.66448357311574,0,0.745812754992484,0.833530169637105,0,0,0,0.372289027270775,0.013152243933863,0,0.56194975305991,0,0,0
C3,0,0.731855271634099,0.767661584711188,0,0.584872235344642,0.486149881898218,0,0.743772815117028,0.622772170925489,0,0.413624651062916,0.669744470689285,0,0,0.755851406484861,0.843568821129483,0,0.793697659437406,0.323813613914537,0,0,0,0.876691002791497,0.472299763796435,0,0.741142366330256,0,0,0
ISLR,0,0.914913034142152,0.992001288383079,0,0.468273566673824,0.398056688855486,0,0.927260038651492,0.371591153102856,0,0.714784195834228,0.44819626368907,0,0,0.922589649989264,0.944277431823062,0,0.934668241357097,0.962636890702169,0,0,0,0.951470904015461,0.353231694223749,0,0.855969508267125,0,0,0
CD68,0,0.762132273996135,0.422643332617565,0,0.902458664376208,0.931125187889199,0,0.888715911531029,0.82789349366545,0,0.904069143225252,0.971494524371913,0,0,0.928494739102426,0.975950182520936,0,0.78585999570539,0.141238995061198,0,0,0,0.989156109083101,0.753167275069787,0,0.145050461670603,0,0,0
LOXL2,0,0.877818337985828,0.990122396392527,0,0.246832724930213,0.173233841528881,0,0.802716340992055,0.292892420012884,0,0.679675756925059,0.197981533175864,0,0,0.853500107365257,0.942989048743826,0,0.760468112518789,0.789939875456302,0,0,0,0.980888984324673,0.0589972085033283,0,0.264011165986687,0,0,0
ITGA5,0,0.888447498389521,0.974500751556796,0,0.409705819196908,0.327839811037148,0,0.943096414000429,0.388608546274426,0,0.761004938801804,0.431608331543912,0,0,0.955175005368263,0.963120034356882,0,0.941432252523083,0.905625939445995,0,0,0,0.950880395104144,0.0629160403693365,0,0.770506764011166,0,0,0
MXRA5,0,0.533390594803522,0.949538329396607,0,0.241088683701954,0.103500107365257,0,0.519272063560232,0.291013528022332,0,0.0519111015675327,0.0668348722353446,0,0,0.523835086965858,0.636675971655572,0,0.550622718488297,0.785269486794073,0,0,0,0.779901223963925,0.300193257461885,0,0.537363109297831,0,0,0
RAD51C,0,0.840079450289886,0.315600171784411,0,0.803575263044879,0.596199269916255,0,0.838576336697445,0.914107794717629,0,0.784195834228044,0.928011595447713,0,0,0.916899291389306,0.792838737384582,0,0.854949538329397,0.437781833798583,0,0,0,0.689016534249517,0.780599098131845,0,0.730459523298261,0,0,0
ANTXR2,0,0.681715696800515,0.564687567103285,0,0.668456087610049,0.60001073652566,0,0.6159544771312,0.448518359458879,0,0.515514279579128,0.445404767017393,0,0,0.567318015890058,0.616759716555723,0,0.595071934721924,0.600923341206785,0,0,0,0.698518359458879,0.742913893064204,0,0.331436547133348,0,0,0
SNX21,0,0.727668026626584,0.297616491303414,0,0.746886407558514,0.641561090831007,0,0.721279793858707,0.930373631092978,0,0.98260682843032,0.75977023835087,0,0,0.748711616920764,0.83186600815976,0,0.585999570538974,0.277968649345072,0,0,0,0.861176723212368,0.613001932574619,0,0.191646983036289,0,0,0
ADAMTS14,0,0.948142581060769,0.99855056903586,0,0.393547348078162,0.31050032209577,0,0.956194975305991,0.312057118316513,0,0.0600171784410565,0.466716770453081,0,0,0.982392097917114,0.9855056903586,0,0.975413356237921,0.972729224822847,0,0,0,0.990551857418939,0.0939982821558944,0,0.929246295898647,0,0,0
LST1,0,0.76342065707537,0.835623792140863,0,0.750805239424522,0.684077732445781,0,0.893815761219669,0.675112733519433,0,0.699001503113592,0.977829074511488,0,0,0.917650848185527,0.959845394030492,0,0.958020184668241,0.224608116813399,0,0,0,0.982767876315224,0.600171784410565,0,0.969347219239854,0,0,0
PHLDB1,0,0.826980888984325,0.925434829289242,0,0.537524157182736,0.484593085677475,0,0.894245222246081,0.424092763581705,0,0.429407343783552,0.472246081168134,0,0,0.885065492806528,0.925434829289242,0,0.841636246510629,0.886353875885763,0,0,0,0.940627013098561,0.418080309211939,0,0.393278934936655,0,0,0
GAS7,0,0.920549710113807,0.86810178226326,0,0.659598453940305,0.282853768520507,0,0.99312862357741,0.345984539403049,0,0.398003006227185,0.890809534034786,0,0,0.990551857418939,0.915181447283659,0,0.998496886407559,0.986310929783122,0,0,0,0.334603822203135,0.0120249087395319,0,0.998818982177367,0,0,0
C20orf96,0,0.71269057333047,0.41630878247799,0,0.739800300622719,0.47643332617565,0,0.499677904230191,0.569894782048529,0,0.97718488297187,0.950880395104144,0,0,0.592870946961563,0.642420012883831,0,0.713495812754993,0.0712905303843676,0,0,0,0.768681554648916,0.300676401116599,0,0.895533605325317,0,0,0
SH3TC1,0,0.996940090186816,0.802394245222246,0,0.897680910457376,0.913248872664806,0,0.98115739746618,0.946961563238136,0,0.457698088898432,0.945619497530599,0,0,0.977936439768091,0.986042516641615,0,0.994900150311359,0.951363538758858,0,0,0,0.991196048958557,0.952222460811681,0,0.981050032209577,0,0,0
ITGB6,0,0.998711616920764,0.996456946532102,0,0.978312218166201,0.547562808675113,0,0.999302125832081,0.842119390165343,0,0.253811466609405,0.643869443847971,0,0,0.999033712690573,0.998067425381147,0,0.99747691646983,0.997637964354735,0,0,0,0.987384582349152,0.658471118745974,0,0.829396607257891,0,0,0
TGFBR2,0,0.969347219239854,0.940841743611767,0,0.589220528237063,0.899184024049817,0,0.980405840669959,0.828752415718274,0,0.589596306635173,0.248228473266051,0,0,0.963656860639897,0.99565170710758,0,0.959630663517286,0.982553145802018,0,0,0,0.99382649774533,0.821827356667382,0,0.192559587717415,0,0,0
GLI3,0,0.68225252308353,0.939607043160833,0,0.328806098346575,0.103500107365257,0,0.777753918831866,0.291013528022332,0,0.219078806098347,0.104251664161477,0,0,0.721601889628516,0.662819411638394,0,0.794449216233627,0.932681984109942,0,0,0,0.51991625509985,0.0977560661369981,0,0.739746617994417,0,0,0
CCL22,0,0.787416791926133,0.213925273781404,0,0.843944599527593,0.780652780760146,0,0.743074940949109,0.889252737814043,0,0.450182520936225,0.905464891561091,0,0,0.596091904659652,0.480030062271849,0,0.840186815546489,0.641722138715912,0,0,0,0.293590294180803,0.857150526089757,0,0.902297616491303,0,0,0
BIN2,0,0.702759287094696,0.449914107794718,0,0.741571827356667,0.924307494094911,0,0.57064633884475,0.924898003006227,0,0.805990981318445,0.908739531887481,0,0,0.511541765084819,0.614290315653854,0,0.739156109083101,0.688587073223105,0,0,0,0.745222246081168,0.961509555507838,0,0.686010307064634,0,0,0
ANGPTL2,0,0.898486149881898,0.996134850762293,0,0.259609190465965,0.251664161477346,0,0.943042731372128,0.291013528022332,0,0.737277217092549,0.355003220957698,0,0,0.900794502898862,0.982445780545416,0,0.961831651277647,0.959630663517286,0,0,0,0.985290959845394,0.0622181662014172,0,0.725413356237921,0,0,0
MRVI1,0,0.765460596950827,0.595447713120034,0,0.735022546703887,0.737814043375564,0,0.851567532746403,0.598131844535108,0,0.272385656001718,0.57064633884475,0,0,0.694814258106077,0.775445565814902,0,0.857365256602963,0.912765729010092,0,0,0,0.568337985827786,0.668080309211939,0,0.823759931286236,0,0,0
APBB1IP,0,0.897197766802663,0.871322739961348,0,0.512078591367833,0.490122396392527,0,0.870946961563238,0.642312647627228,0,0.190358599957054,0.77281511702813,0,0,0.853446424736955,0.798421730727936,0,0.926240068713764,0.862089327893494,0,0,0,0.78333691217522,0.5978097487653,0,0.969025123470045,0,0,0
TLN1,0,0.887051750053683,0.372557440412283,0,0.734646768305776,0.571129482499463,0,0.917436117672321,0.786987330899721,0,0.640165342495169,0.431339918402405,0,0,0.919905518574189,0.90616276572901,0,0.781404337556367,0.366491303414215,0,0,0,0.878677260038652,0.826873523727722,0,0.140433755636676,0,0,0
COL16A1,0,0.958771741464462,0.988297187030277,0,0.452490873953189,0.655142795791282,0,0.997584281726433,0.629482499463174,0,0.995383293966073,0.343300407987975,0,0,0.993665449860425,0.999409491088684,0,0.99092763581705,0.992538114666094,0,0,0,0.998282155894353,0.47246081168134,0,0.0784840025767662,0,0,0
RFTN1,0,0.619014386944385,0.960167489800301,0,0.246295898647198,0.00552931071505261,0,0.657719561949753,0.291013528022332,0,0.829074511488082,0.793429246295899,0,0,0.640702168778183,0.758535537899936,0,0.875509984968864,0.720850332832295,0,0,0,0.869497530599098,0.124328967146231,0,0.97063560231909,0,0,0
CCDC80,0,0.705175005368263,0.581651277646554,0,0.460167489800301,0.302770023620356,0,0.810768735237277,0.323491518144728,0,0.311681339918402,0.62465106291604,0,0,0.756280867511273,0.611284088468971,0,0.877335194331114,0.609727292248229,0,0,0,0.384313936010307,0.0776250805239425,0,0.969669315009663,0,0,0
ADAMTS12,0,0.250590508911316,0.884636031780116,0,0.259931286235774,0.000590508911316298,0,0.763205926562164,0.326014601674898,0,0.258535537899936,0.335194331114451,0,0,0.678870517500537,0.768627872020614,0,0.815009662873094,0.858546274425596,0,0,0,0.612250375778398,0.0343568821129483,0,0.780706463388448,0,0,0
ROMO1,0,0.857526304487868,0.84566244363324,0,0.623255314580202,0.478151170281297,0,0.796167060339274,0.696907880609835,0,0.611498818982177,0.385656001717844,0,0,0.816781189607043,0.708557010951256,0,0.717360961992699,0.767178441056474,0,0,0,0.675488511917543,0.577786128408847,0,0.417006656645909,0,0,0
IER5,0,0.997530599098132,0.281028559158256,0,0.995007515567962,0.96193901653425,0,0.979493235988834,0.99237706678119,0,0.909544771312003,0.977399613485076,0,0,0.993450719347219,0.96956194975306,0,0.970474554434185,0.324672535967361,0,0,0,0.945780545415503,0.948303628945673,0,0.90288812540262,0,0,0
CXorf21,0,0.16233626798368,0.804917328752416,0,0.256656645909384,0.42790423019111,0,0.413463603178012,0.317640111659867,0,0.0519111015675327,0.883562379214086,0,0,0.341421515997423,0.418187674468542,0,0.848078161906807,0.66448357311574,0,0,0,0.54385870732231,0.426347433970367,0,0.970152458664376,0,0,0
FBN1,0,0.784893708395963,0.972514494309641,0,0.329396607257891,0.0113807171999141,0,0.893869443847971,0.291013528022332,0,0.185527163409921,0.104573759931286,0,0,0.912712046381791,0.853070646338845,0,0.901170281296972,0.964086321666309,0,0,0,0.724769164698304,0.0643654713334765,0,0.756227184882972,0,0,0
FAM200B,0,0.612787202061413,0.348292892420013,0,0.241088683701954,0.349849688640756,0,0.528451792999785,0.291013528022332,0,0.734163624651063,0.723212368477561,0,0,0.637051750053683,0.748765299549066,0,0.679407343783552,0.1630341421516,0,0,0,0.865041872450075,0.0814365471333477,0,0.719132488726648,0,0,0
GNA15,0,0.84093837234271,0.540369336482714,0,0.790530384367619,0.780491732875242,0,0.865686063989693,0.908524801374275,0,0.376476272278291,0.74420227614344,0,0,0.894621000644192,0.922965428387374,0,0.672428602104359,0.474715482070002,0,0,0,0.92897788275714,0.825585140648486,0,0.27571397895641,0,0,0
PTPRC,0,0.221172428602104,0.431715696800515,0,0.241088683701954,0.249946317371699,0,0.307923555937299,0.291013528022332,0,0.521795147090402,0.955121322739961,0,0,0.304112089327894,0.314258106076874,0,0.785430534678978,0.102694867940734,0,0,0,0.445028988619283,0.13587073223105,0,0.983465750483144,0,0,0
TPM4,0,0.979761649130341,0.860747262185957,0,0.684560876100494,0.4565170710758,0,0.994792785054756,0.448518359458879,0,0.541979815331759,0.616276572901009,0,0,0.998282155894353,0.977131200343569,0,0.994792785054756,0.985935151385012,0,0,0,0.860693579557655,0.36810178226326,0,0.949484646768306,0,0,0
FMNL3,0,0.858170496027486,0.562647627227829,0,0.740015031135924,0.538329396607258,0,0.941163839381576,0.439445995275929,0,0.716072578913464,0.803736310929783,0,0,0.932413570968435,0.927152673394889,0,0.946048958557011,0.319519003650419,0,0,0,0.877657290100923,0.300944814258106,0,0.89166845608761,0,0,0
ARHGEF17,0,0.956570753704101,0.604681125187889,0,0.631576121966931,0.713925273781404,0,0.944706892849474,0.488619282800086,0,0.99167919261327,0.927152673394889,0,0,0.954316083315439,0.990551857418939,0,0.946639467468327,0.0642581060768735,0,0,0,0.995920120249087,0.17318015890058,0,0.920388662228903,0,0,0
NFKB2,0,0.938748121108009,0.137803306849903,0,0.783175864290316,0.806688855486365,0,0.961616920764441,0.883830792355594,0,0.782209576980889,0.621430105217952,0,0,0.915879321451578,0.953457161262615,0,0.881683487223535,0.940895426240069,0,0,0,0.919798153317586,0.895211509555508,0,0.194975305990981,0,0,0
PIK3R5,0,0.460382220313507,0.622772170925489,0,0.373094266695297,0.307869873308997,0,0.580040798797509,0.315439123899506,0,0.375080523942452,0.931715696800515,0,0,0.569089542624007,0.335838522654069,0,0.858277861284088,0.596467683057763,0,0,0,0.190358599957054,0.0839596306635173,0,0.995168563452867,0,0,0
RASSF3,0,0.815600171784411,0.296435473480782,0,0.924414859351514,0.9855056903586,0,0.527861284088469,0.973051320592656,0,0.885172858063131,0.680051535323169,0,0,0.449967790423019,0.565922267554219,0,0.305024694009019,0.74710113807172,0,0,0,0.689445995275929,0.996134850762293,0,0.0403693364827142,0,0,0
SPN,0,0.267339488941379,0.17645479922697,0,0.391883186600816,0.48008374490015,0,0.466985183594589,0.395748335838523,0,0.452329826068284,0.958073867296543,0,0,0.389735881468757,0.335999570538974,0,0.776143439982822,0.154552286879966,0,0,0,0.279579128194116,0.418509770238351,0,0.97970796650204,0,0,0
OLR1,0,0.987116169207644,0.947122611123041,0,0.81957268627872,0.576014601674898,0,0.970742967575693,0.597702383508697,0,0.261112304058407,0.52136568606399,0,0,0.973963925273781,0.911155250161048,0,0.969025123470045,0.940143869443848,0,0,0,0.849420227614344,0.650472407129053,0,0.972031350654928,0,0,0
WWP2,0,0.291926132703457,0.0332295469186171,0,0.868638608546274,0.981855271634099,0,0.325799871161692,0.905572256817694,0,0.810178226325961,0.769862572471548,0,0,0.360317801159545,0.392366330255529,0,0.0712905303843676,0.138823276787632,0,0,0,0.407558514064849,0.902941808030921,0,0.147573545200773,0,0,0
AFAP1L2,0,0.779042301911102,0.992538114666094,0,0.303575263044879,0.332563882327679,0,0.958181232553146,0.357472621859566,0,0.367779686493451,0.117189177582134,0,0,0.91920764440627,0.982875241571827,0,0.956785484217307,0.977131200343569,0,0,0,0.967360961992699,0.0588898432467254,0,0.548045952329826,0,0,0
FMNL1,0,0.660940519647842,0.272439338630019,0,0.653961777968649,0.832939660725789,0,0.816566459093837,0.814472836590079,0,0.564794932359888,0.968434614558729,0,0,0.733143654713335,0.828806098346575,0,0.938801803736311,0.254079879750913,0,0,0,0.812164483573116,0.806313077088254,0,0.902834442774318,0,0,0
RIN3,0,0.944062701309856,0.995007515567962,0,0.556259394459953,0.336106935795577,0,0.974715482070002,0.291013528022332,0,0.117887051750054,0.446907880609835,0,0,0.942452222460812,0.974769164698304,0,0.985344642473695,0.987491947605755,0,0,0,0.954638179085248,0.0676401116598669,0,0.939821773674039,0,0,0
GLIPR1,0,0.580684990337127,0.808406699592012,0,0.43042731372128,0.483251019969938,0,0.662497315868585,0.581060768735237,0,0.244524371913249,0.740283444277432,0,0,0.630234056259394,0.638823276787632,0,0.781028559158256,0.766158471118746,0,0,0,0.663517285806313,0.541174575907236,0,0.876476272278291,0,0,0
PDLIM2,0,0.877120463817909,0.296650203993988,0,0.805937298690144,0.833369121752201,0,0.958664376207859,0.893278934936654,0,0.986471977668027,0.877764655357526,0,0,0.98368048099635,0.988136139145373,0,0.922804380502469,0.663893064204423,0,0,0,0.972621859566244,0.7934829289242,0,0.0479385870732231,0,0,0
RND2,0,0.876905733304703,0.330094481425811,0,0.931393601030706,0.788705175005368,0,0.862089327893494,0.870946961563238,0,0.481479493235989,0.573759931286236,0,0,0.849312862357741,0.887051750053683,0,0.710757998711617,0.261004938801804,0,0,0,0.893869443847971,0.870893278934937,0,0.160081597595018,0,0,0
SYNE1,0,0.823223105003221,0.972192398539833,0,0.350547562808675,0.11267983680481,0,0.808621430105218,0.291013528022332,0,0.0519111015675327,0.485613055615203,0,0,0.802340562593945,0.699967790423019,0,0.901546059695083,0.939768091045738,0,0,0,0.680105217951471,0.186386085462744,0,0.96521365686064,0,0,0
ITGAM,0,0.899184024049817,0.87175220098776,0,0.895318874812111,0.770775177152673,0,0.835409061627657,0.465374704745544,0,0.463817908524801,0.326336697444707,0,0,0.911745759072364,0.790798797509126,0,0.790369336482714,0.933540906162766,0,0,0,0.82316942237492,0.728849044449216,0,0.638447498389521,0,0,0
NDST1,0,0.982499463173717,0.943096414000429,0,0.975681769379429,0.900096628730943,0,0.992645479922697,0.755153532316942,0,0.718810392956839,0.636622289027271,0,0,0.965965213656861,0.990981318445351,0,0.952920334979601,0.978956409705819,0,0,0,0.978580631307709,0.860425166416148,0,0.0569035859995705,0,0,0
TGFB1,0,0.909491088683702,0.514601674898003,0,0.557386729654284,0.686547133347649,0,0.919476057547778,0.608009448142581,0,0.534678977882757,0.79890487438265,0,0,0.914644621000644,0.960811681339918,0,0.865256602963281,0.265245866437621,0,0,0,0.960704316083315,0.555239424522225,0,0.602587502684131,0,0,0
ZNF77,0,0.306903585999571,0.0483143654713335,0,0.241088683701954,0.00209362250375778,0,0.308353016963711,0.818767446854198,0,0.984807816190681,0.86702812969723,0,0,0.754616706033927,0.598400257676616,0,0.402404981747906,0.0139574833583852,0,0,0,0.743235988834013,0.00934077732445781,0,0.699216233626798,0,0,0
NRP2,0,0.978204852909598,0.981479493235989,0,0.712905303843676,0.466502039939875,0,0.975467038866223,0.482660511058621,0,0.182198840455229,0.358975735452008,0,0,0.985076229332188,0.937996564311789,0,0.976379643547348,0.983519433111445,0,0,0,0.874597380287739,0.453027700236204,0,0.920818123255315,0,0,0
VCAM1,0,0.976164913034142,0.989585570109513,0,0.601352802233197,0.0167489800300623,0,0.977077517715267,0.291013528022332,0,0.524479278505476,0.162389950611982,0,0,0.973695512132274,0.855325316727507,0,0.977721709254885,0.996188533390595,0,0,0,0.52608975735452,0.102694867940734,0,0.939445995275929,0,0,0
FAM198B,0,0.94889413785699,0.957805454155035,0,0.833422804380502,0.471118745973803,0,0.921247584281726,0.509448142581061,0,0.3623040584067,0.259877603607473,0,0,0.970313506549281,0.734324672535967,0,0.86412926776895,0.975520721494524,0,0,0,0.572203135065493,0.606560017178441,0,0.658417436117672,0,0,0
ABHD2,0,0.985559372986901,0.171140219025123,0,0.906055400472407,0.880878247799012,0,0.980191110156753,0.864988189821774,0,0.952329826068284,0.772063560231909,0,0,0.974554434185098,0.969293536611552,0,0.933433540906163,0.412765729010092,0,0,0,0.946102641185312,0.943794288168349,0,0.134689714408417,0,0,0
TIMP3,0,0.905357526304488,0.976540691432253,0,0.452007730298475,0.378784625295254,0,0.941969078806098,0.3369658578484,0,0.235666738243504,0.145104144298905,0,0,0.937728151170281,0.878569894782048,0,0.939660725789135,0.983143654713335,0,0,0,0.727238565600172,0.340884689714408,0,0.807762508052394,0,0,0
COL5A2,0,0.660403693364827,0.939875456302341,0,0.317479063774962,0.0150848185527163,0,0.688855486364612,0.291013528022332,0,0.163195190036504,0.195351084389092,0,0,0.678655786987331,0.592012024908739,0,0.755368262830148,0.897680910457376,0,0,0,0.554595232982607,0.147305132059266,0,0.789886192828001,0,0,0
ITGB3,0,0.927421086536397,0.989102426454799,0,0.241088683701954,0.254563023405626,0,0.906377496242216,0.291013528022332,0,0.540261971226111,0.540047240712905,0,0,0.923287524157183,0.981103714837879,0,0.918724500751557,0.363968219884046,0,0,0,0.99565170710758,0.0646875671032854,0,0.799065922267554,0,0,0
ACVR1,0,0.992054971011381,0.959952759287095,0,0.92210650633455,0.828161906806957,0,0.981211080094481,0.877872020614129,0,0.486418295039725,0.420442344857204,0,0,0.99130341421516,0.955819196907881,0,0.95399398754563,0.993933863001933,0,0,0,0.897788275713979,0.833369121752201,0,0.277109727292248,0,0,0
CES2,0,0.723641829503972,0.0944814258106077,0,0.996886407558514,0.991088683701954,0,0.699323598883401,0.986471977668027,0,0.788168348722353,0.974447068928495,0,0,0.523674039080953,0.717092548851192,0,0.396070431608332,0.191485935151385,0,0,0,0.735827786128409,0.982821558943526,0,0.0135280223319734,0,0,0
RIN1,0,0.873523727721709,0.29203349796006,0,0.946210006441915,0.880609834657505,0,0.847487652995491,0.894728365900795,0,0.994524371913249,0.959201202490874,0,0,0.953779257032424,0.966502039939875,0,0.617564955980245,0.074672535967361,0,0,0,0.986310929783122,0.638823276787632,0,0.0953403478634314,0,0,0
RHBDF2,0,0.956839166845609,0.906806957268628,0,0.795630234056259,0.722890272707752,0,0.953296113377711,0.69529740176079,0,0.958718058836161,0.999731586858493,0,0,0.96521365686064,0.989585570109513,0,0.997584281726433,0.162873094266695,0,0,0,0.996564311788705,0.395318874812111,0,1,0,0,0
PCOLCE,0,0.745759072364183,0.257193472192399,0,0.755905089113163,0.833959630663517,0,0.807171999141078,0.786396821988405,0,0.992484432037793,0.773512991196049,0,0,0.865793429246296,0.86123040584067,0,0.767607902082886,0.387105432681984,0,0,0,0.833369121752201,0.799388018037363,0,0.254509340777324,0,0,0
CYTIP,0,0.0503543053467898,0.133562379214086,0,0.337771097272922,0.490712905303844,0,0.185634528666524,0.384099205497101,0,0.452061412926777,0.874006871376423,0,0,0.101406484861499,0.109619926991626,0,0.687942881683487,0.353231694223749,0,0,0,0.190358599957054,0.562593944599528,0,0.879482499463174,0,0,0
TEP1,0,0.721333476487009,0.341528881254026,0,0.795415503543053,0.719132488726648,0,0.774318230620571,0.916952974017608,0,0.294878677260039,0.692452222460812,0,0,0.735022546703887,0.737062486579343,0,0.814741249731587,0.767929997852695,0,0,0,0.69057333047026,0.866974447068928,0,0.840992054971011,0,0,0
TLR6,0,0.764064848614988,0.43332617564956,0,0.761380717199914,0.866383938157612,0,0.811842387803307,0.713978956409706,0,0.765138501181018,0.785967360961993,0,0,0.745973802877389,0.853929568391668,0,0.785108438909169,0.403210221172429,0,0,0,0.877442559587717,0.641131629804595,0,0.847487652995491,0,0,0
KLF13,0,0.958449645694653,0.0503006227184883,0,0.992699162550999,0.964569465321022,0,0.901385011810178,0.935580846038222,0,0.806313077088254,0.97063560231909,0,0,0.873362679836805,0.685634528666524,0,0.914590938372343,0.845125617350226,0,0,0,0.366330255529311,0.93805024694009,0,0.746779042301911,0,0,0
MAP7D1,0,0.94347219239854,0.883186600815976,0,0.822149452437191,0.87175220098776,0,0.942344857204209,0.820807386729654,0,0.800783766373202,0.936386085462744,0,0,0.954369765943741,0.978419583422804,0,0.93767446854198,0.777270775177153,0,0,0,0.98405625939446,0.853875885763367,0,0.374006871376423,0,0,0
C1QTNF6,0,0.473802877388877,0.877818337985828,0,0.293858707322311,0.333959630663517,0,0.775767661584711,0.339166845608761,0,0.493933863001933,0.659007945028989,0,0,0.698679407343784,0.840079450289886,0,0.874060554004724,0.803414215159974,0,0,0,0.735827786128409,0.00633455013957483,0,0.871108009448143,0,0,0
COX5B,0,0.372289027270775,0.447229976379644,0,0.683057762508052,0.49312862357741,0,0.630019325746189,0.647412497315869,0,0.104466394674683,0.402351299119605,0,0,0.691808030921194,0.598614988189822,0,0.464730513205927,0.754777753918832,0,0,0,0.507945028988619,0.716179944170067,0,0.435044019755207,0,0,0
SYTL2,0,0.867726003865149,0.314741249731587,0,0.424039080953403,0.561090831007086,0,0.838093193042731,0.494363324028344,0,0.426508481855272,0.605969508267125,0,0,0.808191969078806,0.846628730942667,0,0.918295039725145,0.864719776680266,0,0,0,0.856721065063346,0.75327464032639,0,0.54675756925059,0,0,0
FRMD6,0,0.753167275069787,0.961670603392742,0,0.404981747906377,0.334174361176723,0,0.699430964140004,0.525660296328108,0,0.486203564526519,0.229761649130341,0,0,0.658310070861069,0.720796650203994,0,0.715643117887052,0.883991840240498,0,0,0,0.764762722782907,0.385978097487653,0,0.626959415933004,0,0,0
CILP,0,0.699484646768306,0.793805024694009,0,0.394889413785699,0.436117672321237,0,0.661047884904445,0.452598239209792,0,0.376529954906592,0.397519862572472,0,0,0.6920227614344,0.743182306205712,0,0.613592441485935,0.415825638823277,0,0,0,0.834550139574834,0.525552931071505,0,0.406377496242216,0,0,0
ARPC1B,0,0.843407773244578,0.481694223749195,0,0.727077517715267,0.863109297831222,0,0.841099420227614,0.673716985183595,0,0.759501825209362,0.84383723427099,0,0,0.77356667382435,0.83659007945029,0,0.909759501825209,0.826121966931501,0,0,0,0.81484861498819,0.847487652995491,0,0.657719561949753,0,0,0
PLXND1,0,0.567264333261757,0.839059480352158,0,0.443740605540047,0.468810392956839,0,0.657826927206356,0.518091045737599,0,0.469615632381361,0.500966287309427,0,0,0.675756925059051,0.640433755636676,0,0.769540476701739,0.856076873523728,0,0,0,0.611176723212368,0.512454369765944,0,0.720474554434185,0,0,0
BNC2,0,0.918456087610049,0.994900150311359,0,0.324887266480567,0.103500107365257,0,0.934829289242001,0.291013528022332,0,0.283551642688426,0.102694867940734,0,0,0.942666952974018,0.947122611123041,0,0.936117672321237,0.974393386300193,0,0,0,0.939660725789135,0.090723641829504,0,0.711724286021044,0,0,0
COLEC12,0,0.772493021258321,0.976164913034142,0,0.309963495812755,0.019057333047026,0,0.896499892634743,0.291013528022332,0,0.906753274640326,0.428494739102426,0,0,0.851299119604896,0.840025767661585,0,0.912389950611982,0.944814258106077,0,0,0,0.795415503543053,0.0881468756710329,0,0.79928065278076,0,0,0
SH3PXD2B,0,0.875026841314151,0.988511917543483,0,0.418509770238351,0.27319089542624,0,0.969132488726648,0.306313077088254,0,0.984539403049173,0.307547777539188,0,0,0.953027700236204,0.96703886622289,0,0.96193901653425,0.964676830577625,0,0,0,0.93332617564956,0.049602748550569,0,0.639306420442345,0,0,0
CHD9,0,0.935956624436332,0.258750268413142,0,0.823384152888125,0.896607257891346,0,0.937406055400472,0.91378569894782,0,0.544717629375134,0.8876959415933,0,0,0.882918187674469,0.923931715696801,0,0.916791926132703,0.352641185312433,0,0,0,0.86305561520292,0.921999141077947,0,0.468434614558729,0,0,0
SORCS2,0,0.867511273351943,0.986310929783122,0,0.558997208503328,0.421301266910028,0,0.783551642688426,0.445028988619283,0,0.222246081168134,0.206839166845609,0,0,0.811735022546704,0.89564097058192,0,0.733465750483144,0.889950611981963,0,0,0,0.958718058836161,0.511541765084819,0,0.256441915396178,0,0,0
SPARC,0,0.955175005368263,0.979117457590724,0,0.587663732016319,0.691324887266481,0,0.985076229332188,0.343515138501181,0,0.706678118960704,0.937889199055186,0,0,0.984861498818982,0.99527592870947,0,0.996295898647198,0.940251234700451,0,0,0,0.99420227614344,0.493289671462315,0,0.98443203779257,0,0,0
RPL19,0,0.65723641829504,0.250966287309427,0,0.507193472192399,0.577141936869229,0,0.750107365256603,0.816620141722139,0,0.366706033927421,0.938479707966502,0,0,0.721923985398325,0.78333691217522,0,0.897788275713979,0.275982392097917,0,0,0,0.80180373631093,0.748335838522654,0,0.830953403478634,0,0,0
IL21R,0,0.719293536611552,0.911155250161048,0,0.312164483573116,0.467897788275714,0,0.672428602104359,0.516534249516856,0,0.27716340992055,0.860210435902942,0,0,0.686063989692935,0.802447927850548,0,0.843354090616277,0.465965213656861,0,0,0,0.898271419368692,0.436547133347649,0,0.966018896285162,0,0,0
RPS8,0,0.941217522009878,0.0297401760790208,0,0.956463388447498,0.967522009877604,0,0.941056474124973,0.990283444277432,0,0.98695512132274,0.990981318445351,0,0,0.943686922911746,0.968703027700236,0,0.878194116383938,0.043805024694009,0,0,0,0.951792999785269,0.914429890487438,0,0.0676401116598669,0,0,0
EVC,0,0.824028344427743,0.992430749409491,0,0.310983465750483,0.154928065278076,0,0.929031565385441,0.291013528022332,0,0.913624651062916,0.0967897788275714,0,0,0.892581060768735,0.938318660081598,0,0.912443633240283,0.967951470904015,0,0,0,0.926240068713764,0.0802555293107151,0,0.386353875885763,0,0,0
PDCD1LG2,0,0.907934292462959,0.933755636675972,0,0.500161047884904,0.557171999141078,0,0.919153961777969,0.513259609190466,0,0.209147519862572,0.981801589005798,0,0,0.91448357311574,0.91593300407988,0,0.996134850762293,0.823867296542839,0,0,0,0.93949967790423,0.54783122181662,0,0.999570538973588,0,0,0
MAP4,0,0.808567747476917,0.841045737599313,0,0.647144084174361,0.706731801589006,0,0.639896929353661,0.709040154605969,0,0.133079235559373,0.411638393815761,0,0,0.733626798368048,0.746671677045308,0,0.489102426454799,0.803521580416577,0,0,0,0.855378999355808,0.656001717844106,0,0.241088683701954,0,0,0
DCBLD1,0,0.845071934721924,0.938801803736311,0,0.467683057762508,0.634260253382006,0,0.719884045522869,0.747047455443419,0,0.161853124328967,0.498443203779257,0,0,0.690788060983466,0.808245651707108,0,0.774962422160189,0.8442130126691,0,0,0,0.906484861498819,0.771634099205497,0,0.378730942666953,0,0,0
COL6A1,0,0.863807171999141,0.992645479922697,0,0.291389306420442,0.0124543697659437,0,0.842173072793644,0.291013528022332,0,0.424522224608117,0.0881468756710329,0,0,0.899130341421516,0.909168992913893,0,0.84925917972944,0.938962851621215,0,0,0,0.943955336053253,0.147358814687567,0,0.541765084818553,0,0,0
VIM,0,0.66088683701954,0.878838307923556,0,0.502200987760361,0.44057333047026,0,0.715911531028559,0.45834228043805,0,0.515406914322525,0.716931500966287,0,0,0.752845179299979,0.672965428387374,0,0.822471548207,0.833154391238995,0,0,0,0.63152243933863,0.352050676401117,0,0.792946102641185,0,0,0
AIF1,0,0.382059265621645,0.206409705819197,0,0.669798153317586,0.559265621644836,0,0.635119175434829,0.592548851191754,0,0.588952115095555,0.925756925059051,0,0,0.709362250375778,0.685312432896715,0,0.780115954477131,0.0447713120034357,0,0,0,0.767607902082886,0.534625295254456,0,0.909491088683702,0,0,0
MAP3K6,0,0.766212153747047,0.25107365256603,0,0.914000429461026,0.807655142795791,0,0.644513635387589,0.789564097058192,0,0.685205067640112,0.749409491088684,0,0,0.630126691002792,0.714676830577625,0,0.633562379214086,0.160350010736526,0,0,0,0.789349366544986,0.750590508911316,0,0.400794502898862,0,0,0
AKAP2,0,0.983841528881254,0.98298260682843,0,0.574726218595662,0.570002147305132,0,0.984378355164269,0.7717414644621,0,0.399828215589435,0.956033927421087,0,0,0.98588146875671,0.974339703671892,0,0.997315868584926,0.965965213656861,0,0,0,0.941646983036289,0.397734593085677,0,0.99565170710758,0,0,0
LYN,0,0.811788705175005,0.368316512776466,0,0.927152673394889,0.771902512347004,0,0.862411423663303,0.684131415074082,0,0.639896929353661,0.973427098990767,0,0,0.873255314580202,0.688533390594804,0,0.955497101138072,0.426025338200558,0,0,0,0.569948464676831,0.799173287524157,0,0.976218595662444,0,0,0
ZNF3,0,0.976057547777539,0.173502254670389,0,0.937996564311789,0.861498818982177,0,0.991196048958557,0.798743826497745,0,0.905142795791282,0.891077947176294,0,0,0.995866437620786,0.981801589005798,0,0.986149881898218,0.881468756710329,0,0,0,0.926991625509985,0.887105432681984,0,0.84131415074082,0,0,0
IQGAP1,0,0.774962422160189,0.244524371913249,0,0.736203564526519,0.891346360317801,0,0.675220098776036,0.926401116598669,0,0.440788060983466,0.592119390165343,0,0,0.71811251878892,0.696639467468327,0,0.466394674683273,0.327571397895641,0,0,0,0.690895426240069,0.858009448142581,0,0.144406270130986,0,0,0
TRIM47,0,0.754616706033927,0.0890057977238566,0,0.663463603178012,0.821719991410779,0,0.83261756495598,0.898110371483788,0,0.945887910672107,0.888984324672536,0,0,0.876529954906592,0.889360103070646,0,0.846789778827571,0.280384367618639,0,0,0,0.82681984109942,0.821397895640971,0,0.21048958557011,0,0,0
KLF7,0,0.962744255958772,0.970420871805884,0,0.675273781404338,0.874060554004724,0,0.852104359029418,0.867242860210436,0,0.918509770238351,0.70544341850977,0,0,0.912443633240283,0.947176293751342,0,0.834711187459738,0.919851835945888,0,0,0,0.983036289456732,0.81774747691647,0,0.22246081168134,0,0,0
LUZP1,0,0.939714408417436,0.342065707537041,0,0.941969078806098,0.948947820485291,0,0.843622503757784,0.950773029847541,0,0.29165771956195,0.607204208718059,0,0,0.776358170496028,0.802662658363754,0,0.677582134421301,0.935366115525016,0,0,0,0.766748980030062,0.983519433111445,0,0.0173394889413786,0,0,0
CDC42EP1,0,0.840294180803092,0.108385226540691,0,0.780599098131845,0.778344427743182,0,0.943364827141937,0.735559372986901,0,0.859190465965214,0.839757354520077,0,0,0.939714408417436,0.975842817264333,0,0.915610908310071,0.634904444921623,0,0,0,0.94674683272493,0.68080309211939,0,0.160296328108224,0,0,0
NCF2,0,0.560661369980674,0.150203993987546,0,0.741464462100064,0.726111230405841,0,0.339274210865364,0.661208932789349,0,0.54455658149023,0.740015031135924,0,0,0.335086965857848,0.245490659222676,0,0.309211939016534,0.176669529740176,0,0,0,0.236847756066137,0.550300622718488,0,0.725305990981318,0,0,0
FGR,0,0.420334979600601,0.101943311144514,0,0.644621000644192,0.750590508911316,0,0.57316942237492,0.930319948464677,0,0.612196693150097,0.968005153532317,0,0,0.595716126261542,0.645855701095126,0,0.780652780760146,0.0455228687996564,0,0,0,0.583905948035216,0.480620571183165,0,0.982445780545416,0,0,0
NOTCH2,0,0.638608546274426,0.925488511917543,0,0.776572901009233,0.0162121537470475,0,0.878140433755637,0.291013528022332,0,0.197552072149452,0.262561735022547,0,0,0.898647197766803,0.698464676830578,0,0.826980888984325,0.963656860639897,0,0,0,0.400418724500752,0.0855164268842603,0,0.693955336053253,0,0,0
PIH1D2,0,0.834603822203135,0.0729546918617135,0,0.96124114236633,0.992001288383079,0,0.846789778827571,0.970313506549281,0,0.918939231264763,0.904981747906378,0,0,0.689660725789135,0.823706248657934,0,0.687298690143869,0.702276143439983,0,0,0,0.825585140648486,0.995007515567962,0,0.0281833798582779,0,0,0
MICALL2,0,0.929031565385441,0.592548851191754,0,0.905142795791282,0.736310929783122,0,0.856774747691647,0.88334764870088,0,0.684292462958986,0.403210221172429,0,0,0.824672535967361,0.768413141507408,0,0.603553789993558,0.861981962636891,0,0,0,0.674844320377926,0.848024479278505,0,0.0739209791711402,0,0,0
PSMB3,0,0.418778183379858,0.116061842387803,0,0.77356667382435,0.608438909168993,0,0.861069357955766,0.712958986471978,0,0.982177367403908,0.899774532961134,0,0,0.868316512776465,0.824565170710758,0,0.834603822203135,0.0822417865578699,0,0,0,0.702115095555078,0.656914322525231,0,0.57102211724286,0,0,0
SOX12,0,0.927689499677904,0.923931715696801,0,0.913893064204423,0.6340455228688,0,0.829879750912605,0.754885119175435,0,0.915879321451578,0.92897788275714,0,0,0.861767232123685,0.907880609834657,0,0.911531028559158,0.647627227829075,0,0,0,0.958073867296543,0.586321666308782,0,0.896768305776251,0,0,0
LRRC25,0,0.886568606398969,0.013259609190466,0,0.976003865149238,0.967360961992699,0,0.651385011810178,0.986257247154821,0,0.868531243289671,0.887856989478205,0,0,0.575048314365471,0.663893064204423,0,0.117457590723642,0.0300622718488297,0,0,0,0.608009448142581,0.950021473051321,0,0.0313506549280653,0,0,0
MYO1E,0,0.813721279793859,0.840831007086107,0,0.616437620785914,0.616383938157612,0,0.716824135709684,0.68912389950612,0,0.224554434185098,0.870410135280223,0,0,0.707537041013528,0.765031135924415,0,0.884850762293322,0.790100923341207,0,0,0,0.822471548207,0.623416362465106,0,0.909652136568606,0,0,0
UPP1,0,0.926025338200558,0.759501825209362,0,0.518949967790423,0.627925703242431,0,0.8985398325102,0.384099205497101,0,0.941378569894782,0.608116813399184,0,0,0.909544771312003,0.940788060983466,0,0.850601245436977,0.916738243504402,0,0,0,0.969132488726648,0.546972299763796,0,0.294824994631737,0,0,0
TMEM200A,0,0.869229117457591,0.92065707537041,0,0.270345716126262,0.307010951256174,0,0.894943096414,0.291013528022332,0,0.109136783336912,0.181178870517501,0,0,0.858009448142581,0.948410994202276,0,0.890648486149882,0.931554648915611,0,0,0,0.966824135709684,0.432145157826927,0,0.290798797509126,0,0,0
LILRB2,0,0.137051750053683,0.364773459308568,0,0.241088683701954,0.132166630878248,0,0.119121752200988,0.291013528022332,0,0.358438909168993,0.457107579987116,0,0,0.112518788919906,0.124060554004724,0,0.331597595018252,0.113216663087825,0,0,0,0.207859136783337,0.127066781189607,0,0.745007515567962,0,0,0
MMP13,0,0.692344857204209,0.904230191110157,0,0.384528666523513,0.155411208932789,0,0.801481640541121,0.291013528022332,0,0.225198625724715,0.194975305990981,0,0,0.84566244363324,0.54058406699592,0,0.818230620571183,0.950343568821129,0,0,0,0.190358599957054,0.0978097487652995,0,0.824779901223964,0,0,0
NEDD4,0,0.73223105003221,0.833154391238995,0,0.572149452437191,0.55470259823921,0,0.794019755207215,0.596521365686064,0,0.404981747906377,0.225574404122826,0,0,0.750483143654713,0.722138715911531,0,0.734593085677475,0.920012883830792,0,0,0,0.553199484646768,0.535269486794073,0,0.374060554004724,0,0,0
ZCCHC3,0,0.786504187245007,0.515514279579128,0,0.750214730513206,0.475681769379429,0,0.61847756066137,0.577356667382435,0,0.967683057762508,0.951578269272064,0,0,0.683165127764655,0.752630448786773,0,0.799173287524157,0.0858922052823706,0,0,0,0.855969508267125,0.367618638608546,0,0.926401116598669,0,0,0
NID2,0,0.821988404552287,0.851621215374705,0,0.512991196048959,0.664751986257247,0,0.885011810178226,0.508535537899936,0,0.524908739531887,0.19057333047026,0,0,0.918348722353446,0.78516212153747,0,0.828806098346575,0.958825424092764,0,0,0,0.596789778827571,0.684829289242001,0,0.339811037148379,0,0,0
SSH1,0,0.994739102426455,0.930319948464677,0,0.96086536396822,0.980727936439768,0,0.974876529954907,0.982660511058621,0,0.280974876529955,0.988995061198196,0,0,0.983519433111445,0.989370839596307,0,0.991088683701954,0.857687352372772,0,0,0,0.995812754992484,0.982499463173717,0,0.971816620141722,0,0,0
IL1R1,0,0.997262185956624,0.99962422160189,0,0.571075799871162,0.245490659222676,0,0.998980030062272,0.291013528022332,0,0.431930427313721,0.572632596091905,0,0,0.999087395318875,0.995061198196264,0,0.999248443203779,0.998657934292463,0,0,0,0.978741679192613,0.0800944814258106,0,0.988887695941593,0,0,0
NSUN6,0,0.987975091260468,0.529632810822418,0,0.899452437191325,0.705013957483358,0,0.9927528451793,0.547025982392098,0,0.906860639896929,0.934936654498604,0,0,0.985452007730299,0.990498174790638,0,0.99312862357741,0.895211509555508,0,0,0,0.983841528881254,0.620678548421731,0,0.954047670173932,0,0,0
KIAA1644,0,0.66378569894782,0.969132488726648,0,0.249946317371699,0.220098776036075,0,0.765031135924415,0.291013528022332,0,0.212851621215375,0.295469186171355,0,0,0.757730298475413,0.884528666523513,0,0.803414215159974,0.776733948894138,0,0,0,0.925273781404338,0.059963495812755,0,0.707537041013528,0,0,0
RPL38,0,0.399076658793215,0.348990766587932,0,0.460704316083315,0.618799656431179,0,0.856721065063346,0.484700450934078,0,0.796703886622289,0.549495383293966,0,0,0.928441056474125,0.8297187030277,0,0.86015675327464,0.409598453940305,0,0,0,0.580738672965428,0.052716340992055,0,0.892956839166846,0,0,0
TNFAIP6,0,0.964408417436118,0.989907665879321,0,0.535269486794073,0.38189821773674,0,0.959684346145587,0.355003220957698,0,0.0897036718917758,0.386568606398969,0,0,0.952651921838093,0.914537255744041,0,0.975574404122826,0.985613055615203,0,0,0,0.855647412497316,0.358224178655787,0,0.952812969722998,0,0,0
PPP1R9B,0,0.887856989478205,0.100869658578484,0,0.650311359244149,0.667114021902512,0,0.892258964998926,0.639467468327249,0,0.877872020614129,0.981372127979386,0,0,0.841689929138931,0.952866652351299,0,0.938962851621215,0.0575477775391883,0,0,0,0.951309856130556,0.547348078161907,0,0.804648915610908,0,0,0
AKAP13,0,0.998657934292463,0.977721709254885,0,0.998604251664161,0.912175220098776,0,0.994846467683058,0.861445136353876,0,0.327249302125832,0.961563238136139,0,0,0.992860210435903,0.993933863001933,0,0.995222246081168,0.968327249302126,0,0,0,0.992538114666094,0.893332617564956,0,0.944438479707966,0,0,0
EDNRA,0,0.717092548851192,0.924039080953403,0,0.395426240068714,0.0156216448357312,0,0.791174575907236,0.291013528022332,0,0.25037577839811,0.224124973158686,0,0,0.762883830792356,0.508374490015031,0,0.830148164054112,0.94819626368907,0,0,0,0.273459308567747,0.123792140863217,0,0.886139145372557,0,0,0
TRAF3IP3,0,0.807547777539188,0.233948894137857,0,0.734217307279364,0.60688211294825,0,0.894030491732875,0.53296113377711,0,0.693042731372128,0.982714193686923,0,0,0.950934077732446,0.852587502684131,0,0.948679407343784,0.346950826712476,0,0,0,0.757139789564097,0.428226325960919,0,0.976111230405841,0,0,0
SPRYD3,0,0.990283444277432,0.847487652995491,0,0.910188962851621,0.893654713334765,0,0.969776680266266,0.938264977453296,0,0.935741893923126,0.652727077517715,0,0,0.990015031135924,0.961670603392742,0,0.939231264762723,0.972138715911531,0,0,0,0.934292462958986,0.893654713334765,0,0.178655786987331,0,0,0
PTOV1,0,0.766856345286665,0.404820700021473,0,0.75252308353017,0.571612626154177,0,0.872718488297187,0.740551857418939,0,0.638232767876315,0.783820055829933,0,0,0.765245866437621,0.844749838952115,0,0.872557440412283,0.880985613055615,0,0,0,0.718917758213442,0.717522009877604,0,0.476540691432253,0,0,0
PTAFR,0,0.0610908310070861,0.0192183809319304,0,0.554971011380717,0.669422374919476,0,0.154391238995061,0.622772170925489,0,0.798421730727936,0.994255958771741,0,0,0.513259609190466,0.240659222675542,0,0.695404767017393,0.00289886192828001,0,0,0,0.327464032639038,0.436654498604252,0,0.994094910886837,0,0,0
BAG3,0,0.871644835731157,0.445619497530599,0,0.645802018466824,0.716018896285162,0,0.734109942022761,0.887964354734808,0,0.725950182520936,0.715911531028559,0,0,0.804971011380717,0.808621430105218,0,0.692774318230621,0.3369658578484,0,0,0,0.90653854412712,0.882542409276358,0,0.289564097058192,0,0,0
KIRREL,0,0.649022976164913,0.913732016319519,0,0.241088683701954,0.103500107365257,0,0.728795361820915,0.291013528022332,0,0.0519111015675327,0.347702383508697,0,0,0.742860210435903,0.836697444706893,0,0.854144298904874,0.870249087395319,0,0,0,0.902673394889414,0.13442130126691,0,0.798582778612841,0,0,0
CDH3,0,0.646983036289457,0.834174361176723,0,0.408363753489371,0.382542409276358,0,0.871591153102856,0.390380073008375,0,0.458825424092764,0.30110586214301,0,0,0.786021043590294,0.723427098990767,0,0.899398754563023,0.951470904015461,0,0,0,0.402297616491303,0.3297187030277,0,0.779203349796006,0,0,0
STAMBPL1,0,0.995973802877389,0.356398969293537,0,0.999141077947176,0.955765514279579,0,0.992162336267984,0.813130770882542,0,0.613431393601031,0.938640755851406,0,0,0.986525660296328,0.897573545200773,0,0.991518144728366,0.978151170281297,0,0,0,0.54783122181662,0.901921838093193,0,0.967307279364398,0,0,0
EPAS1,0,0.959845394030492,0.820109512561735,0,0.864773459308568,0.940680695726863,0,0.839649989263474,0.938479707966502,0,0.2137642258965,0.440627013098561,0,0,0.82354520077303,0.820163195190037,0,0.675059050891132,0.936386085462744,0,0,0,0.858868370195405,0.948249946317372,0,0.132757139789564,0,0,0
C1orf106,0,0.944599527592871,0.526948679407344,0,0.515084818552716,0.758589220528237,0,0.867296542838737,0.744470689284947,0,0.844588791067211,0.992162336267984,0,0,0.855540047240713,0.943096414000429,0,0.973212368477561,0.0545415503543054,0,0,0,0.981050032209577,0.74672535967361,0,0.97788275713979,0,0,0
HTRA3,0,0.959899076658793,0.956570753704101,0,0.64746617994417,0.436063989692935,0,0.97535967360962,0.62717414644621,0,0.658363753489371,0.542946102641185,0,0,0.979546918617135,0.959147519862573,0,0.980513205926562,0.985827786128409,0,0,0,0.902834442774318,0.63152243933863,0,0.813506549280653,0,0,0
DDR2,0,0.902619712261112,0.855754777753919,0,0.453832939660726,0.310392956839167,0,0.980888984324673,0.344964569465321,0,0.567854842173073,0.679138930642044,0,0,0.94057333047026,0.928011595447713,0,0.990981318445351,0.932198840455229,0,0,0,0.551052179514709,0.010253382005583,0,0.983948894137857,0,0,0
NDUFB11,0,0.846575048314365,0.200934077732446,0,0.912658363753489,0.889574833583852,0,0.660081597595018,0.906753274640326,0,0.6123040584067,0.607526304487868,0,0,0.634152888125403,0.671569680051535,0,0.417114021902512,0.776787631522439,0,0,0,0.701470904015461,0.967414644621001,0,0.017607902082886,0,0,0
GXYLT2,0,0.776036074726219,0.931286235774104,0,0.666630878247799,0.492967575692506,0,0.917328752415718,0.557386729654284,0,0.347648700880395,0.350118101782263,0,0,0.912765729010092,0.892420012883831,0,0.920334979600601,0.953188748121108,0,0,0,0.795415503543053,0.430158900579772,0,0.782102211724286,0,0,0
ENC1,0,0.567318015890058,0.301750053682628,0,0.613324028344428,0.759126046811252,0,0.590669959201202,0.745544341850977,0,0.157558514064849,0.899559802447928,0,0,0.596628730942667,0.559104573759931,0,0.757837663732016,0.269808889843247,0,0,0,0.66013528022332,0.933809319304273,0,0.716985183594589,0,0,0
FOSL2,0,0.998121108009448,0.927850547562809,0,0.953349796006012,0.706409705819197,0,0.995759072364183,0.920442344857204,0,0.81377496242216,0.593085677474769,0,0,0.995490659222676,0.974661799441701,0,0.995007515567962,0.998228473266051,0,0,0,0.941432252523083,0.855325316727507,0,0.881361391453726,0,0,0
RRAS,0,0.872235344642474,0.4057869873309,0,0.951846682413571,0.93949967790423,0,0.876583637534894,0.963656860639897,0,0.892688426025338,0.918992913893064,0,0,0.890863216663088,0.909544771312003,0,0.807333047025982,0.434453510843891,0,0,0,0.914537255744041,0.943096414000429,0,0.146070431608332,0,0,0
AMIGO2,0,0.658095340347863,0.973427098990767,0,0.256441915396178,0.128838307923556,0,0.744470689284947,0.291013528022332,0,0.68187674468542,0.0822954691861714,0,0,0.815707537041014,0.836804809963496,0,0.759823920979171,0.899774532961134,0,0,0,0.853929568391668,0.0937835516426884,0,0.302716340992055,0,0,0
ITGAX,0,0.527646553575263,0.531243289671462,0,0.657504831436547,0.662014172213872,0,0.538705175005368,0.573437835516427,0,0.129267768949968,0.488726648056689,0,0,0.479600601245437,0.338468971440842,0,0.60398325101997,0.816566459093837,0,0,0,0.340294180803092,0.651116598668671,0,0.950289886192828,0,0,0
ADAM12,0,0.973749194760576,0.992860210435903,0,0.540369336482714,0.103500107365257,0,0.966233626798368,0.291013528022332,0,0.0519111015675327,0.152404981747906,0,0,0.969347219239854,0.867940734378355,0,0.968595662443633,0.993558084603822,0,0,0,0.716555722568177,0.142527378140434,0,0.948249946317372,0,0,0
PIR,0,0.720796650203994,0.954584496456947,0,0.360478849044449,0.217414644621001,0,0.683004079879751,0.349849688640756,0,0.362894567318016,0.293858707322311,0,0,0.684346145587288,0.618155464891561,0,0.758052394245222,0.893064204423449,0,0,0,0.63007300837449,0.328430319948465,0,0.75907236418295,0,0,0
LUM,0,0.729546918617135,0.959576980888984,0,0.386837019540477,0.186117672321237,0,0.961348507622933,0.307869873308997,0,0.0700021473051321,0.371161692076444,0,0,0.874704745544342,0.889628516212154,0,0.983089972085033,0.987438264977453,0,0,0,0.502254670388662,0.021956194975306,0,0.935044019755207,0,0,0
PI4K2A,0,0.835355378999356,0.106935795576551,0,0.793697659437406,0.898861928280009,0,0.690841743611767,0.898003006227185,0,0.899881898217737,0.574672535967361,0,0,0.667972943955336,0.742430749409491,0,0.272761434399828,0.582993343354091,0,0,0,0.700289886192828,0.888984324672536,0,0.0383830792355594,0,0,0
C12orf76,0,0.358599957053897,0.642366330255529,0,0.241088683701954,0.298099634958128,0,0.50472407129053,0.291013528022332,0,0.489907665879321,0.72573545200773,0,0,0.584281726433326,0.708986471977668,0,0.721172428602104,0.233143654713335,0,0,0,0.835892205282371,0.0179299978526949,0,0.922589649989264,0,0,0
CCL11,0,0.936815546489156,0.981694223749195,0,0.49892634743397,0.00064419153961778,0,0.961455872879536,0.291013528022332,0,0.167543482928924,0.271097272922482,0,0,0.949806742538115,0.848614988189822,0,0.967790423019111,0.990820270560447,0,0,0,0.532316942237492,0.0684453510843891,0,0.940036504187245,0,0,0
KCTD10,0,0.406645909383723,0.55760146016749,0,0.600547562808675,0.547992269701525,0,0.873094266695297,0.720259823920979,0,0.451202490873953,0.378033068499034,0,0,0.72208503328323,0.850601245436977,0,0.808030921193902,0.928333691217522,0,0,0,0.505099849688641,0.542462958986472,0,0.102963281082242,0,0,0
LSM2,0,0.86123040584067,0.157397466179944,0,0.970581919690788,0.977614343998282,0,0.937459738028774,0.983197337341636,0,0.98443203779257,0.937728151170281,0,0,0.919744470689285,0.979439553360533,0,0.815814902297616,0.105540047240713,0,0,0,0.964193686922912,0.709254885119175,0,0.0419261327034572,0,0,0
HCLS1,0,0.0125080523942452,0.651170281296972,0,0.281994846467683,0.338898432467254,0,0.189177582134421,0.350547562808675,0,0.394674683272493,0.653800730083745,0,0,0.226916469830363,0.243558084603822,0,0.446532102211724,0.616008159759502,0,0,0,0.290852480137428,0.0630234056259394,0,0.677313721279794,0,0,0
MAP3K5,0,0.856989478204853,0.141936869229117,0,0.729976379643547,0.684721923985398,0,0.73695512132274,0.642312647627228,0,0.453510843890917,0.893225252308353,0,0,0.733197337341636,0.413839381576122,0,0.816405411208933,0.130019325746189,0,0,0,0.190358599957054,0.675971655572257,0,0.958932789349367,0,0,0
GGT5,0,0.775177152673395,0.567801159544771,0,0.775391883186601,0.81050032209577,0,0.692613270345716,0.691432252523083,0,0.619658578484003,0.483089972085033,0,0,0.644674683272493,0.775767661584711,0,0.578645050461671,0.846467683057763,0,0,0,0.851835945887911,0.873738458234915,0,0.0669959201202491,0,0,0
MYLK,0,0.707161262615418,0.900257676615847,0,0.326390380073008,0.338683701954048,0,0.783122181662014,0.339166845608761,0,0.954799226970152,0.583369121752201,0,0,0.767232123684776,0.818015890057977,0,0.886514923770668,0.883240283444277,0,0,0,0.828108224178656,0.337878462529525,0,0.731640541120893,0,0,0
ANPEP,0,0.954960274855057,0.905572256817694,0,0.762400687137642,0.802823706248658,0,0.878086751127335,0.827678763152244,0,0.40363968219884,0.358599957053897,0,0,0.872718488297187,0.883777109727292,0,0.828000858922053,0.919529740176079,0,0,0,0.901170281296972,0.759931286235774,0,0.487921408632167,0,0,0
MARVELD1,0,0.584335409061628,0.459952759287095,0,0.461187459738029,0.529095984539403,0,0.674253811466609,0.485559372986901,0,0.706409705819197,0.542087180588362,0,0,0.59383723427099,0.664913034142152,0,0.688533390594804,0.401707107579987,0,0,0,0.567962207429676,0.432628301481641,0,0.546811251878892,0,0,0
AMZ2,0,0.766265836375349,0.388071719991411,0,0.81377496242216,0.82316942237492,0,0.797348078161907,0.870732231050032,0,0.929622074296758,0.909007945028989,0,0,0.672374919476058,0.799817479063775,0,0.739961348507623,0.624382649774533,0,0,0,0.689016534249517,0.55180373631093,0,0.483089972085033,0,0,0
CMTM3,0,0.764386944384797,0.782155894352587,0,0.606613699806743,0.554917328752416,0,0.79310715052609,0.483197337341636,0,0.443740605540047,0.856130556152029,0,0,0.698142581060769,0.716609405196478,0,0.919637105432682,0.853392742108654,0,0,0,0.675488511917543,0.605056903586,0,0.90433755636676,0,0,0
STRA13,0,0.92935366115525,0.0596950826712476,0,0.966985183594589,0.926508481855272,0,0.867081812325531,0.976218595662444,0,0.613162980459523,0.748389521150956,0,0,0.861015675327464,0.816727506978742,0,0.695780545415503,0.621966931500966,0,0,0,0.772707751771527,0.895694653210221,0,0.13694438479708,0,0,0
PTGIR,0,0.814365471333476,0.934668241357097,0,0.776948679407344,0.561466609405196,0,0.913570968434615,0.568445351084389,0,0.150901868155465,0.803843676186386,0,0,0.905035430534679,0.904981747906378,0,0.946263689070217,0.894674683272493,0,0,0,0.886729654283874,0.511434399828216,0,0.953940304917329,0,0,0
WBP1,0,0.968649345071935,0.00128838307923556,0,0.981050032209577,0.994631737169852,0,0.979385870732231,0.991625509984969,0,0.961777968649345,0.991732875241572,0,0,0.987652995490659,0.98405625939446,0,0.966555722568177,0.117242860210436,0,0,0,0.95614129267769,0.951309856130556,0,0.221870302770024,0,0,0
MED9,0,0.996295898647198,0.740176079020829,0,0.985290959845394,0.971333476487009,0,0.967414644621001,0.95796650203994,0,0.919583422804381,0.785001073652566,0,0,0.98115739746618,0.915503543053468,0,0.945834228043805,0.951524586643762,0,0,0,0.867672321236848,0.945404767017393,0,0.70941593300408,0,0,0
PTPRO,0,0.328806098346575,0.398271419368692,0,0.326658793214516,0.422589649989263,0,0.355217951470904,0.462636890702169,0,0.322578913463603,0.66088683701954,0,0,0.298207000214731,0.26342065707537,0,0.61267983680481,0.220206141292678,0,0,0,0.293590294180803,0.413195190036504,0,0.928387373845823,0,0,0
GNA12,0,0.875832080738673,0.934024049817479,0,0.615793429246296,0.370839596306635,0,0.870356452651922,0.291013528022332,0,0.677206356023191,0.903961777968649,0,0,0.870356452651922,0.882703457161263,0,0.95796650203994,0.835033283229547,0,0,0,0.904283873738458,0.0895963066351729,0,0.985022546703887,0,0,0
RPL23A,0,0.958986471977668,0.795469186171355,0,0.939929138930642,0.864343998282156,0,0.959469615632381,0.926884260253382,0,0.969669315009663,0.901599742323384,0,0,0.966502039939875,0.979117457590724,0,0.938533390594804,0.573384152888125,0,0,0,0.986203564526519,0.763796435473481,0,0.819894782048529,0,0,0
PML,0,0.923233841528881,0.850386514923771,0,0.648647197766803,0.52464032639038,0,0.984807816190681,0.82354520077303,0,0.811090831007086,0.41523512991196,0,0,0.981264762722783,0.976325960919047,0,0.962583208073867,0.947444706892849,0,0,0,0.862840884689714,0.526626583637535,0,0.25107365256603,0,0,0
LILRB4,0,0.0201309856130556,0.618584925917973,0,0.241088683701954,0.33079235559373,0,0.214462100064419,0.291013528022332,0,0.383240283444277,0.947391024264548,0,0,0.36412926776895,0.109619926991626,0,0.841367833369122,0.426401116598669,0,0,0,0.190358599957054,0.300193257461885,0,0.997530599098132,0,0,0
IL4I1,0,0.922213871591153,0.515192183809319,0,0.682145157826927,0.596843461455873,0,0.958825424092764,0.520184668241357,0,0.890057977238566,0.979600601245437,0,0,0.92683057762508,0.958073867296543,0,0.987384582349152,0.866061842387803,0,0,0,0.931608331543912,0.582456517071076,0,0.975896499892635,0,0,0
CTSO,0,0.941324887266481,0.828000858922053,0,0.837985827786128,0.718219884045523,0,0.877925703242431,0.704906592226755,0,0.42645479922697,0.766534249516856,0,0,0.856076873523728,0.642258964998926,0,0.943203779257032,0.962422160188963,0,0,0,0.501342065707537,0.855647412497316,0,0.880824565170711,0,0,0
PSAP,0,0.966824135709684,0.393762078591368,0,0.911155250161048,0.948464676830578,0,0.876744685419798,0.953671891775821,0,0.803789993558085,0.90471333476487,0,0,0.919422374919476,0.871591153102856,0,0.890487438264977,0.631790852480137,0,0,0,0.892581060768735,0.911853124328967,0,0.872181662014172,0,0,0
C14orf93,0,0.90868584925918,0.826605110586214,0,0.758213442130127,0.795254455658149,0,0.957375993128624,0.906001717844106,0,0.818015890057977,0.969884045522869,0,0,0.872235344642474,0.952222460811681,0,0.989317156968005,0.901385011810178,0,0,0,0.911155250161048,0.774479278505476,0,0.964462100064419,0,0,0
CCR5,0,0.178441056474125,0.240176079020829,0,0.241088683701954,0.311896070431608,0,0.0265729010092334,0.291013528022332,0,0.57789349366545,0.764601674898003,0,0,0.153532316942237,0.175810607687352,0,0.371430105217951,0.0402619712261112,0,0,0,0.284249516856345,0.0457912819411638,0,0.943955336053253,0,0,0
FGL2,0,0.885978097487653,0.0462744255958772,0,0.900579772385656,0.928118960704316,0,0.726648056688855,0.955336053253167,0,0.59673609619927,0.850386514923771,0,0,0.658900579772386,0.450397251449431,0,0.619712261112304,0.165449860425166,0,0,0,0.37824779901224,0.977829074511488,0,0.575048314365471,0,0,0
FOXP1,0,0.999248443203779,0.898056688855486,0,0.985935151385012,0.917436117672321,0,0.998657934292463,0.860049388018037,0,0.832402834442774,0.830148164054112,0,0,0.999248443203779,0.991625509984969,0,0.996993772815117,0.998013742752845,0,0,0,0.965321022117243,0.888286450504617,0,0.765138501181018,0,0,0
LYST,0,0.911745759072364,0.877925703242431,0,0.597165557225682,0.529793858707322,0,0.907397466179944,0.530867511273352,0,0.515031135924415,0.299441700665665,0,0,0.896983036289457,0.748980030062272,0,0.90906162765729,0.969615632381361,0,0,0,0.538275713978956,0.50327464032639,0,0.927152673394889,0,0,0
MFSD2A,0,0.965159974232338,0.418080309211939,0,0.968327249302126,0.991518144728366,0,0.817586429031565,0.988672965428387,0,0.743504401975521,0.695028988619283,0,0,0.87899935580846,0.894674683272493,0,0.544449216233627,0.653049173287524,0,0,0,0.953779257032424,0.997154820700021,0,0.026304487867726,0,0,0
ANKS4B,0,0.508213442130127,0.0925488511917543,0,0.887481211080094,0.838844749838952,0,0.31629804595233,0.640809534034786,0,0.67683057762508,0.451041442989049,0,0,0.27211724286021,0.327839811037148,0,0.0249087395318875,0.422213871591153,0,0,0,0.458181232553146,0.955658149022976,0,0.00875026841314151,0,0,0
BICC1,0,0.468810392956839,0.856828430319948,0,0.322364182950397,0.013259609190466,0,0.723695512132274,0.307869873308997,0,0.367081812325531,0.30470259823921,0,0,0.685849259179729,0.533444277431823,0,0.805937298690144,0.915235129911961,0,0,0,0.231694223749195,0.0756925059050891,0,0.839972085033283,0,0,0
ZSWIM6,0,0.958932789349367,0.543590294180803,0,0.537416791926133,0.863377710972729,0,0.968166201417221,0.667006656645909,0,0.933487223534464,0.809641400042946,0,0,0.991518144728366,0.987169851835946,0,0.95834228043805,0.718917758213442,0,0,0,0.989907665879321,0.678655786987331,0,0.893386300193257,0,0,0
C10orf54,0,0.416952974017608,0.539725144943096,0,0.241088683701954,0.33621430105218,0,0.436117672321237,0.291013528022332,0,0.334442774318231,0.662873094266695,0,0,0.412819411638394,0.504777753918832,0,0.797616491303414,0.542838737384582,0,0,0,0.642956839166846,0.390541120893279,0,0.956946532102212,0,0,0
CD101,0,0.737867726003865,0.601782263259609,0,0.837502684131415,0.700558299334335,0,0.734270989907666,0.713978956409706,0,0.286557869873309,0.688640755851406,0,0,0.782263259609191,0.415288812540262,0,0.74962422160189,0.91813399184024,0,0,0,0.292087180588362,0.786182091475199,0,0.812379214086322,0,0,0
MPEG1,0,0.961509555507838,0.4637642258965,0,0.917919261327035,0.485827786128409,0,0.955389735881469,0.482392097917114,0,0.211080094481426,0.915181447283659,0,0,0.938103929568392,0.666523512991196,0,0.987921408632167,0.89274210865364,0,0,0,0.23368048099635,0.627603607472622,0,0.997906377496242,0,0,0
MAST4,0,0.615149237706678,0.898647197766803,0,0.321344213012669,0.214301052179515,0,0.666684560876101,0.291013528022332,0,0.770238350869659,0.353070646338845,0,0,0.698518359458879,0.619658578484003,0,0.726594374060554,0.745329611337771,0,0,0,0.607365256602963,0.0796650203993988,0,0.821558943525875,0,0,0
VGLL3,0,0.920818123255315,0.997047455443419,0,0.350332832295469,0.103500107365257,0,0.972138715911531,0.291013528022332,0,0.0519111015675327,0.11267983680481,0,0,0.959523298260683,0.964784195834228,0,0.963012669100279,0.985452007730299,0,0,0,0.954316083315439,0.0924414859351514,0,0.821129482499463,0,0,0
FGF1,0,0.602641185312433,0.798260682843032,0,0.439714408417436,0.393762078591368,0,0.72428602104359,0.407290100923341,0,0.70834228043805,0.634367618638609,0,0,0.740015031135924,0.77319089542624,0,0.769808889843247,0.249355808460382,0,0,0,0.845394030491733,0.110210435902942,0,0.848668670818123,0,0,0
PARVA,0,0.938909168992914,0.977990122396392,0,0.677743182306206,0.4239317156968,0,0.980835301696371,0.314097058191969,0,0.117350225467039,0.276358170496028,0,0,0.959147519862573,0.949860425166416,0,0.980191110156753,0.993343354090616,0,0,0,0.823813613914537,0.341206785484217,0,0.892312647627228,0,0,0
CCR2,0,0.401062916040369,0.353553789993558,0,0.364182950397251,0.48443203779257,0,0.296328108224179,0.467253596736096,0,0.606345286665235,0.783497960060125,0,0,0.298099634958128,0.227668026626584,0,0.444653210221172,0.22680910457376,0,0,0,0.242108653639682,0.491518144728366,0,0.901868155464892,0,0,0
ETV1,0,0.86847756066137,0.94819626368907,0,0.477131200343569,0.103500107365257,0,0.846306635172858,0.291013528022332,0,0.164161477345931,0.141883186600816,0,0,0.846038222031351,0.490122396392527,0,0.860747262185957,0.968917758213442,0,0,0,0.190358599957054,0.300193257461885,0,0.916952974017608,0,0,0
SLC38A5,0,0.765245866437621,0.93767446854198,0,0.415557225681769,0.350440197552072,0,0.721655572256818,0.422697015245866,0,0.479278505475628,0.467307279364398,0,0,0.753435688211295,0.845877174146446,0,0.729815331758643,0.607150526089757,0,0,0,0.902834442774318,0.0909920549710114,0,0.633132918187674,0,0,0
MLXIP,0,0.900848185527163,0.771848829718703,0,0.620034356882113,0.883938157612197,0,0.829020828859781,0.892473695512132,0,0.81484861498819,0.984646768305776,0,0,0.9021902512347,0.916684560876101,0,0.949323598883401,0.599044449216234,0,0,0,0.949055185741894,0.66920764440627,0,0.927313721279794,0,0,0
CTSZ,0,0.787953618209148,0.30760146016749,0,0.520077302984754,0.715374704745544,0,0.654122825853554,0.816942237491948,0,0.537041013528022,0.864558728795362,0,0,0.795791281941164,0.737438264977453,0,0.616276572901009,0.221333476487009,0,0,0,0.82354520077303,0.94094910886837,0,0.116598668670818,0,0,0
PRPSAP1,0,0.987008803951041,0.912497315868585,0,0.964998926347434,0.540530384367619,0,0.999463173716985,0.841367833369122,0,0.812271848829719,0.780599098131845,0,0,0.999516856345287,0.997369551213227,0,0.998013742752845,0.995329611337771,0,0,0,0.917972943955336,0.686010307064634,0,0.636461241142366,0,0,0
LILRB1,0,0.0418187674468542,0.637159115310286,0,0.241088683701954,0.305454155035431,0,0.204101352802233,0.291013528022332,0,0.180642044234486,0.861713549495383,0,0,0.201148808245652,0.109619926991626,0,0.743397036718918,0.419261327034572,0,0,0,0.190358599957054,0.300193257461885,0,0.983895211509556,0,0,0
HTRA1,0,0.967253596736096,0.997208503328323,0,0.397680910457376,0.345769808889843,0,0.986149881898218,0.377013098561306,0,0.122020614129268,0.14929138930642,0,0,0.9782585355379,0.98802877388877,0,0.984324672535967,0.993611767232124,0,0,0,0.970313506549281,0.102480137427528,0,0.757783981103715,0,0,0
COL4A1,0,0.963495812754993,0.997637964354735,0,0.359888340133133,0.141238995061198,0,0.980298475413356,0.291013528022332,0,0.112465106291604,0.114666094051965,0,0,0.976755421945459,0.980513205926562,0,0.981103714837879,0.991840240498175,0,0,0,0.961348507622933,0.0583530169637105,0,0.821881039295684,0,0,0
CEBPB,0,0.7644943096414,0.561896070431608,0,0.814150740820271,0.937191324887267,0,0.840133132918188,0.842119390165343,0,0.861445136353876,0.654659652136569,0,0,0.786504187245007,0.848400257676616,0,0.821666308782478,0.930266265836375,0,0,0,0.803467897788276,0.821881039295684,0,0.415664590938372,0,0,0
UQCRC1,0,0.888930642044234,0.574082027056045,0,0.571236847756066,0.720581919690788,0,0.812379214086322,0.702222460811681,0,0.846145587287954,0.694706892849474,0,0,0.786611552501611,0.927313721279794,0,0.756066136998067,0.843998282155894,0,0,0,0.948249946317372,0.746349581275499,0,0.0178226325960919,0,0,0
PLXDC1,0,0.884850762293322,0.121966931500966,0,0.669744470689285,0.366759716555723,0,0.953725574404123,0.618531243289671,0,0.936815546489156,0.944223749194761,0,0,0.977399613485076,0.992645479922697,0,0.967951470904015,0.380609834657505,0,0,0,0.994631737169852,0.65288812540262,0,0.731050032209577,0,0,0
CALHM2,0,0.762024908739532,0.88189821773674,0,0.519325746188533,0.513528022331973,0,0.701739317156968,0.653478634313936,0,0.563452866652351,0.609942022761434,0,0,0.735290959845394,0.818552716340992,0,0.716502039939875,0.394459952759287,0,0,0,0.902029203349796,0.451846682413571,0,0.756549280652781,0,0,0
SEMA3C,0,0.980996349581275,0.99022976164913,0,0.664429890487438,0.287255744041228,0,0.961294824994632,0.311090831007086,0,0.324565170710758,0.19492162336268,0,0,0.966179944170067,0.921515997423234,0,0.95941593300408,0.989961348507623,0,0,0,0.894943096414,0.400150311359244,0,0.8514601674898,0,0,0
ZNF529,0,0.167811896070432,0.321129482499463,0,0.241088683701954,0.25579772385656,0,0.032209576980889,0.291013528022332,0,0.751181017822633,0.744309641400043,0,0,0.177850547562809,0.206678118960704,0,0.47788275713979,0.067103285376852,0,0,0,0.323223105003221,0.0347863431393601,0,0.902995490659223,0,0,0
TNS3,0,0.978419583422804,0.948088898432467,0,0.664215159974232,0.668939231264763,0,0.974554434185098,0.628677260038652,0,0.531350654928065,0.558030921193902,0,0,0.975144943096414,0.978741679192613,0,0.986901438694438,0.988834013313292,0,0,0,0.961187459738029,0.529793858707322,0,0.750644191539618,0,0,0
GPCPD1,0,0.905411208932789,0.375939445995276,0,0.890433755636676,0.707053897358815,0,0.735237277217093,0.720259823920979,0,0.97428602104359,0.799334335409062,0,0,0.776519218380932,0.698142581060769,0,0.678548421730728,0.384367618638609,0,0,0,0.710060124543698,0.658095340347863,0,0.345555078376637,0,0,0
SLC31A1,0,0.957161262615418,0.791442989048744,0,0.899559802447928,0.830040798797509,0,0.902243933863002,0.693257461885334,0,0.855701095125617,0.942452222460812,0,0,0.882435044019755,0.897036718917758,0,0.958825424092764,0.691539617779687,0,0,0,0.930266265836375,0.770882542409276,0,0.975091260468113,0,0,0
KIAA0513,0,0.881576121966931,0.609942022761434,0,0.894406270130986,0.791174575907236,0,0.813023405625939,0.825960919046597,0,0.332402834442774,0.710006441915396,0,0,0.740873953188748,0.682467253596736,0,0.842280438050247,0.926991625509985,0,0,0,0.532316942237492,0.688157612196693,0,0.799924844320378,0,0,0
SPG21,0,0.573813613914537,0.843354090616277,0,0.493880180373631,0.668724500751557,0,0.6630341421516,0.712422160188963,0,0.371161692076444,0.490498174790638,0,0,0.707268627872021,0.776680266265836,0,0.607526304487868,0.860478849044449,0,0,0,0.793697659437406,0.604734807816191,0,0.0899720850332832,0,0,0
RAP2B,0,0.950826712475843,0.612357741035001,0,0.692559587717415,0.692344857204209,0,0.893064204423449,0.59711187459738,0,0.72643332617565,0.728580631307709,0,0,0.942720635602319,0.951900365041872,0,0.900096628730943,0.576658793214516,0,0,0,0.979869014386944,0.544395533605325,0,0.738726648056689,0,0,0
OGFR,0,0.511810178226326,0.264064848614988,0,0.710221172428602,0.810017178441056,0,0.420227614343998,0.441485935151385,0,0.61015675327464,0.684292462958986,0,0,0.355271634099205,0.436278720206141,0,0.317586429031565,0.681608331543912,0,0,0,0.560607687352373,0.87572471548207,0,0.0854090616276573,0,0,0
AMICA1,0,0.0246940090186816,0.422535967360962,0,0.241088683701954,0.232016319519004,0,0.154552286879966,0.291013528022332,0,0.393654713334765,0.643815761219669,0,0,0.131254026197123,0.147573545200773,0,0.31377496242216,0.165074082027056,0,0,0,0.245598024479279,0.300193257461885,0,0.801857418939231,0,0,0
AFAP1,0,0.953564526519218,0.995490659222676,0,0.503006227184883,0.343031994846468,0,0.942720635602319,0.373094266695297,0,0.0682306205711832,0.23368048099635,0,0,0.937083959630663,0.963710543268198,0,0.935634528666524,0.965052608975735,0,0,0,0.972997637964355,0.32826927206356,0,0.846682413570968,0,0,0
XDH,0,0.998228473266051,0.894889413785699,0,0.999194760575478,0.966877818337986,0,0.988243504401976,0.929461026411853,0,0.217790423019111,0.452866652351299,0,0,0.986257247154821,0.908471118745974,0,0.962207429675757,0.996832724930213,0,0,0,0.745705389735882,0.977023835086966,0,0.567049602748551,0,0,0
TUBA4A,0,0.768359458879107,0.428333691217522,0,0.556366759716556,0.755099849688641,0,0.535430534678978,0.785376852050676,0,0.85290959845394,0.731962636890702,0,0,0.615149237706678,0.756978741679193,0,0.395104144298905,0.278881254026197,0,0,0,0.812164483573116,0.608116813399184,0,0.0424092763581705,0,0,0
EMILIN1,0,0.794449216233627,0.0689284947391024,0,0.990068713764226,0.78875885763367,0,0.957268627872021,0.987223534464247,0,0.920173931715697,0.911262615417651,0,0,0.970206141292678,0.940090186815546,0,0.836912175220099,0.544771312003436,0,0,0,0.720581919690788,0.899076658793215,0,0.0342495168563453,0,0,0
CDCP1,0,0.998818982177367,0.996671677045308,0,0.993880180373631,0.843300407987975,0,0.991035001073653,0.766641614773459,0,0.587019540476702,0.798260682843032,0,0,0.990659222675542,0.994148593515139,0,0.986096199269916,0.992806527807601,0,0,0,0.996134850762293,0.862733519433111,0,0.645694653210221,0,0,0
HDAC7,0,0.458395963066352,0.573115739746618,0,0.382112948249946,0.323062057118317,0,0.897573545200773,0.469132488726648,0,0.914268842602534,0.917167704530814,0,0,0.864719776680266,0.906699592012025,0,0.969078806098347,0.590616276572901,0,0,0,0.789188318660082,0.0981855271634099,0,0.960919046596521,0,0,0
ACTA2,0,0.921086536396822,0.812271848829719,0,0.744148593515139,0.836643762078591,0,0.911853124328967,0.917436117672321,0,0.448625724715482,0.922052823706249,0,0,0.903585999570539,0.784088468971441,0,0.971494524371913,0.954477131200344,0,0,0,0.596789778827571,0.771902512347004,0,0.968810392956839,0,0,0
PDPK1,0,0.771419368692291,0.176132703457161,0,0.918617135494954,0.888984324672536,0,0.532746403263904,0.725842817264333,0,0.539564097058192,0.487545630234056,0,0,0.655518574189392,0.606613699806743,0,0.0305990981318445,0.311842387803307,0,0,0,0.575585140648486,0.831275499248443,0,0.0293643976809105,0,0,0
GPR132,0,0.494255958771741,0.465857848400258,0,0.467468327249302,0.609244148593515,0,0.562808675112733,0.463603178011595,0,0.512293321881039,0.96703886622289,0,0,0.480727936439768,0.605540047240713,0,0.893815761219669,0.274210865363968,0,0,0,0.702115095555078,0.503006227184883,0,0.982928924200129,0,0,0
SLC12A4,0,0.65906162765729,0.90181447283659,0,0.500644191539618,0.5797187030277,0,0.677367403908095,0.498657934292463,0,0.961348507622933,0.405035430534679,0,0,0.733089972085033,0.809372986901439,0,0.556849903371269,0.781726433326176,0,0,0,0.881307708825424,0.483089972085033,0,0.264279579128194,0,0,0
ZNF554,0,0.0148164054112089,0.0389199055185742,0,0.241088683701954,0.388930642044234,0,0.0180373631092978,0.291013528022332,0,0.862035645265192,0.632327678763152,0,0,0.254026197122611,0.302770023620356,0,0.225305990981318,0.0961992699162551,0,0,0,0.433863001932575,0.12137642258965,0,0.315492806527808,0,0,0
CRISPLD2,0,0.943311144513635,0.994470689284947,0,0.410994202276143,0.37465106291604,0,0.983251019969938,0.35435902941808,0,0.115310285591583,0.189821773674039,0,0,0.952437191324887,0.983465750483144,0,0.982123684775607,0.99092763581705,0,0,0,0.951309856130556,0.0734378355164269,0,0.772600386514924,0,0,0
OSBPL11,0,0.963549495383294,0.458664376207859,0,0.982553145802018,0.936761863860855,0,0.808191969078806,0.951041442989049,0,0.271848829718703,0.638554863646124,0,0,0.810231908954262,0.8079772385656,0,0.659330040798798,0.66051105862143,0,0,0,0.854788490444492,0.874221601889628,0,0.219615632381361,0,0,0
LRRK2,0,0.617833369121752,0.885656001717844,0,0.350654928065278,0.292999785269487,0,0.703886622289027,0.291013528022332,0,0.0519111015675327,0.808514064848615,0,0,0.731318445351084,0.398486149881898,0,0.916899291389306,0.903585999570539,0,0,0,0.190358599957054,0.142473695512132,0,0.988458234915181,0,0,0
P4HA3,0,0.69674683272493,0.933540906162766,0,0.310554004724071,0.278237062486579,0,0.831543912389951,0.396499892634743,0,0.662765729010092,0.433594588791067,0,0,0.787846252952545,0.846145587287954,0,0.882649774532961,0.931393601030706,0,0,0,0.754509340777324,0.0238887695941593,0,0.742108653639682,0,0,0
MEFV,0,0.51487008803951,0.595179299978527,0,0.372664805668886,0.406753274640326,0,0.671569680051535,0.416469830362895,0,0.770721494524372,0.690519647841958,0,0,0.665825638823277,0.619765943740606,0,0.780545415503543,0.364075585140648,0,0,0,0.570163195190037,0.373308997208503,0,0.870517500536826,0,0,0
MS4A4A,0,0.366867081812326,0.883401331329182,0,0.241088683701954,0.229224822847327,0,0.384850762293322,0.291013528022332,0,0.0923878033068499,0.444170066566459,0,0,0.361713549495383,0.44239853983251,0,0.576121966931501,0.665288812540262,0,0,0,0.567962207429676,0.300193257461885,0,0.818606398969294,0,0,0
TICAM2,0,0.757032424307494,0.593998282155894,0,0.512937513420657,0.6087073223105,0,0.578161906806957,0.478795361820915,0,0.629106721065063,0.816459093837234,0,0,0.648271419368692,0.667543482928924,0,0.704530813828645,0.386783336912175,0,0,0,0.756388232767876,0.435741893923126,0,0.819143225252308,0,0,0
CYP27C1,0,0.614343998282156,0.966985183594589,0,0.241088683701954,0.137212797938587,0,0.573437835516427,0.291013528022332,0,0.549924844320378,0.0668348722353446,0,0,0.599473910242646,0.725681769379429,0,0.590723641829504,0.817156968005154,0,0,0,0.846628730942667,0.300193257461885,0,0.337073223105003,0,0,0
EHBP1L1,0,0.955550783766373,0.148700880395104,0,0.854197981533176,0.922804380502469,0,0.957644406270131,0.730835301696371,0,0.963925273781404,0.997637964354735,0,0,0.971709254885119,0.993558084603822,0,0.993021258320807,0.418563452866652,0,0,0,0.994792785054756,0.692989048743826,0,0.93225252308353,0,0,0
SLC9A1,0,0.876207859136783,0.067210650633455,0,0.952222460811681,0.791120893278935,0,0.937137642258965,0.929622074296758,0,0.952759287094696,0.91013528022332,0,0,0.929138930642044,0.887534893708396,0,0.923019111015675,0.88479707966502,0,0,0,0.727238565600172,0.892473695512132,0,0.231908954262401,0,0,0
TBC1D2,0,0.574779901223964,0.0303306849903371,0,0.767500536826283,0.942774318230621,0,0.347541335623792,0.836106935795577,0,0.761434399828216,0.733197337341636,0,0,0.440627013098561,0.538919905518574,0,0.0506764011165987,0.058514064848615,0,0,0,0.687567103285377,0.845608761004939,0,0.134474983895212,0,0,0
CTSD,0,0.956356023190895,0.999355808460382,0,0.241088683701954,0.16233626798368,0,0.924253811466609,0.342441485935151,0,0.865686063989693,0.119282800085892,0,0,0.972246081168134,0.988458234915181,0,0.920388662228903,0.948947820485291,0,0,0,0.997530599098132,0.143923126476272,0,0.64998926347434,0,0,0
ITPK1,0,0.85253382005583,0.112572471548207,0,0.904176508481855,0.982928924200129,0,0.481694223749195,0.98947820485291,0,0.888179085248014,0.838898432467254,0,0,0.49892634743397,0.529954906592227,0,0.3912926776895,0.163517285806313,0,0,0,0.676401116598669,0.989585570109513,0,0.0689284947391024,0,0,0
NDUFA13,0,0.837126905733305,0.108868370195405,0,0.966233626798368,0.829289242001288,0,0.8912926776895,0.902619712261112,0,0.973266051105862,0.881790852480137,0,0,0.866115525016105,0.805829933433541,0,0.816244363324028,0.298045952329826,0,0,0,0.673502254670389,0.729761649130341,0,0.567425381146661,0,0,0
ARHGEF10L,0,0.340616276572901,0.141185312432897,0,0.460328537685205,0.643976809104574,0,0.647251449430964,0.59711187459738,0,0.261327034571613,0.663356237921409,0,0,0.644621000644192,0.611552501610479,0,0.790047240712905,0.768896285162121,0,0,0,0.489692935366116,0.731103714837879,0,0.651653424951686,0,0,0
KIFC3,0,0.99457805454155,0.986901438694438,0,0.943633240283444,0.895157826927206,0,0.968219884045523,0.855915825638823,0,0.846521365686064,0.822471548207,0,0,0.964945243719132,0.994363324028344,0,0.971870302770024,0.916040369336483,0,0,0,0.998067425381147,0.920120249087395,0,0.767124758428173,0,0,0
ITGBL1,0,0.642581060768735,0.942828000858922,0,0.288490444492162,0.283390594803522,0,0.619175434829289,0.333369121752201,0,0.154283873738458,0.222890272707752,0,0,0.609619926991625,0.736042516641615,0,0.642097917114022,0.684346145587288,0,0,0,0.854788490444492,0.346306635172858,0,0.626583637534894,0,0,0
FCGR2C,0,0.0119175434829289,0.217522009877604,0,0.241088683701954,0.25,0,0.026197122611123,0.291013528022332,0,0.671945458449646,0.763689070216878,0,0,0.153049173287524,0.174683272493021,0,0.407719561949753,0.0453081382864505,0,0,0,0.283283229546919,0.0484217307279364,0,0.936332402834443,0,0,0
CSRP1,0,0.916255099849689,0.984646768305776,0,0.861928280008589,0.431823062057118,0,0.991357096843461,0.500912604681125,0,0.939070216877818,0.784947391024265,0,0,0.977614343998282,0.991464462100064,0,0.993772815117028,0.996779042301911,0,0,0,0.899022976164913,0.00225467038866223,0,0.805507837663732,0,0,0
ZEB2,0,0.893762078591368,0.987008803951041,0,0.371644835731157,0.240873953188748,0,0.882166630878248,0.291013528022332,0,0.146070431608332,0.183540906162766,0,0,0.904015460596951,0.837341636246511,0,0.902351299119605,0.962958986471978,0,0,0,0.819894782048529,0.149452437191325,0,0.926776894996779,0,0,0
TLR4,0,0.782048529095985,0.976970152458664,0,0.312862357741035,0.197927850547563,0,0.783820055829933,0.291013528022332,0,0.214623147949324,0.798475413356238,0,0,0.772063560231909,0.760790208288598,0,0.938264977453296,0.912550998496886,0,0,0,0.814526519218381,0.154391238995061,0,0.986686708181233,0,0,0
CDC42EP3,0,0.473105003220958,0.941539617779687,0,0.370517500536826,0.223266051105862,0,0.620678548421731,0.291013528022332,0,0.306742538114666,0.54240927635817,0,0,0.734109942022761,0.668992913893064,0,0.793429246295899,0.826497745329611,0,0,0,0.744148593515139,0.106184238780331,0,0.876852050676401,0,0,0
PLK3,0,0.993289671462315,0.0346789778827571,0,0.985398325101997,0.992806527807601,0,0.981103714837879,0.995598024479278,0,0.998335838522654,0.999194760575478,0,0,0.985827786128409,0.993182306205712,0,0.980352158041658,0.169046596521366,0,0,0,0.99167919261327,0.963978956409706,0,0.201685634528667,0,0,0
DFNB59,0,0.654767017393172,0.517607902082886,0,0.580309211939017,0.714032639038007,0,0.521419368692291,0.720957698088898,0,0.522654069143225,0.683540906162766,0,0,0.49672535967361,0.605056903586,0,0.649452437191325,0.372127979385871,0,0,0,0.750805239424522,0.698679407343784,0,0.681447283659008,0,0,0
SEC14L2,0,0.67173072793644,0.937083959630663,0,0.241088683701954,0.265245866437621,0,0.659759501825209,0.291013528022332,0,0.754240927635817,0.689660725789135,0,0,0.700558299334335,0.826605110586214,0,0.82499463173717,0.354895855701095,0,0,0,0.916469830362895,0.0829933433540906,0,0.830040798797509,0,0,0
AKR1C3,0,0.925649559802448,0.616330255529311,0,0.813613914537256,0.787524157182736,0,0.854842173072794,0.858599957053897,0,0.330899720850333,0.279525445565815,0,0,0.806635172858063,0.743074940949109,0,0.722943955336053,0.953779257032424,0,0,0,0.606667382435044,0.893225252308353,0,0.124973158685849,0,0,0
SLC16A4,0,0.541335623792141,0.565331758642903,0,0.441861713549495,0.536343139360103,0,0.601782263259609,0.508052394245222,0,0.504563023405626,0.482284732660511,0,0,0.676615847111875,0.711187459738029,0,0.571612626154177,0.358975735452008,0,0,0,0.772385656001718,0.442452222460812,0,0.346038222031351,0,0,0
PGAM1,0,0.818230620571183,0.458986471977668,0,0.779471762937513,0.843139360103071,0,0.657451148808246,0.855915825638823,0,0.324726218595662,0.797240712905304,0,0,0.703188748121108,0.564526519218381,0,0.756602963281082,0.676562164483573,0,0,0,0.594857204208718,0.884367618638609,0,0.781941163839382,0,0,0
RBM4B,0,0.674951685634529,0.323437835516427,0,0.694760575477775,0.72208503328323,0,0.541442989048744,0.733089972085033,0,0.925810607687352,0.66051105862143,0,0,0.475037577839811,0.680480996349581,0,0.331490229761649,0.34201202490874,0,0,0,0.658149022976165,0.543375563667597,0,0.0662980459523298,0,0,0
ZNF345,0,0.0026304487867726,0.211616920764441,0,0.241088683701954,0.300676401116599,0,0.0215804165771956,0.291013528022332,0,0.771580416577196,0.897573545200773,0,0,0.123953188748121,0.138125402619712,0,0.518252093622504,0.0299012239639253,0,0,0,0.231694223749195,0.0509984968864076,0,0.941324887266481,0,0,0
SNX10,0,0.253328322954692,0.0538436761863861,0,0.786826283014816,0.853070646338845,0,0.272868799656431,0.774157182735667,0,0.497369551213227,0.815492806527808,0,0,0.166255099849689,0.289027270775177,0,0.338844749838952,0.0707000214730513,0,0,0,0.190358599957054,0.665020399398755,0,0.773459308567747,0,0,0
HIC1,0,0.851030706463388,0.93080309211939,0,0.647627227829075,0.709576980888984,0,0.940304917328752,0.737116169207644,0,0.800515353231694,0.921891775821344,0,0,0.96558943525875,0.987116169207644,0,0.965965213656861,0.410242645479923,0,0,0,0.992269701524587,0.643976809104574,0,0.90036504187245,0,0,0
PODN,0,0.714998926347434,0.488726648056689,0,0.754777753918832,0.795898647197767,0,0.720420871805884,0.725520721494524,0,0.231694223749195,0.507408202705604,0,0,0.614612411423663,0.605271634099205,0,0.706678118960704,0.861820914751986,0,0,0,0.512347004509341,0.851191754348293,0,0.410672106506335,0,0,0
FGD2,0,0.700558299334335,0.387212797938587,0,0.720313506549281,0.719454584496457,0,0.849473910242646,0.755905089113163,0,0.831597595018252,0.944116383938158,0,0,0.861391453725574,0.760897573545201,0,0.914161477345931,0.690895426240069,0,0,0,0.530491732875242,0.654767017393172,0,0.904981747906378,0,0,0
EFEMP2,0,0.988995061198196,0.409491088683702,0,0.972997637964355,0.624328967146231,0,0.994148593515139,0.915771956194975,0,0.983089972085033,0.475628086751127,0,0,0.991947605754778,0.983251019969938,0,0.963549495383294,0.87572471548207,0,0,0,0.885387588576337,0.698357311573975,0,0.166201417221387,0,0,0
RCN3,0,0.75907236418295,0.1485398325102,0,0.817156968005154,0.793160833154391,0,0.718971440841744,0.802340562593945,0,0.906592226755422,0.82392097917114,0,0,0.760629160403693,0.730352158041658,0,0.586321666308782,0.129643547348078,0,0,0,0.707322310500322,0.848722353446425,0,0.0961455872879536,0,0,0
NIF3L1,0,0.389896929353661,0.419690788060983,0,0.54600601245437,0.448679407343784,0,0.765406914322525,0.593139360103071,0,0.629321451578269,0.789564097058192,0,0,0.690036504187245,0.842656216448357,0,0.743719132488727,0.182896714623148,0,0,0,0.8514601674898,0.611552501610479,0,0.65288812540262,0,0,0
PPAPDC1A,0,0.740068713764226,0.985774103500107,0,0.241088683701954,0.118262830148164,0,0.709684346145587,0.291013528022332,0,0.185688211294825,0.0668348722353446,0,0,0.719025123470045,0.843515138501181,0,0.715857848400258,0.8659544771312,0,0,0,0.926991625509985,0.300193257461885,0,0.472621859566244,0,0,0
RELT,0,0.986847756066137,0.160027914966717,0,0.827571397895641,0.665771956194975,0,0.995168563452867,0.984968864075585,0,0.848937083959631,0.933970367189178,0,0,0.996832724930213,0.990068713764226,0,0.997154820700021,0.896338844749839,0,0,0,0.962368477560661,0.625187889199055,0,0.985076229332188,0,0,0
FNDC3B,0,0.935419798153318,0.952490873953189,0,0.895050461670603,0.589649989263474,0,0.973856560017178,0.736740390809534,0,0.578161906806957,0.843193042731372,0,0,0.963442130126691,0.924414859351514,0,0.984485720420872,0.989263474339704,0,0,0,0.667811896070432,0.154498604251664,0,0.961026411853124,0,0,0
EPHB2,0,0.709523298260683,0.234163624651063,0,0.790423019111016,0.900794502898862,0,0.803467897788276,0.676132703457161,0,0.0519111015675327,0.536826283014816,0,0,0.640809534034786,0.827625080523942,0,0.600654928065278,0.88587073223105,0,0,0,0.848453940304917,0.933165127764655,0,0.0537363109297831,0,0,0
PDGFRB,0,0.893010521795147,0.447391024264548,0,0.916094051964784,0.905948035215804,0,0.770399398754563,0.853446424736955,0,0.4130341421516,0.468166201417221,0,0,0.737814043375564,0.830523942452222,0,0.658846897144084,0.912121537470475,0,0,0,0.848883401331329,0.865363968219884,0,0.0957161262615418,0,0,0
VNN2,0,0.042355593729869,0.556635172858063,0,0.241088683701954,0.249677904230191,0,0.207107579987116,0.291013528022332,0,0.218971440841744,0.838468971440842,0,0,0.131844535108439,0.148593515138501,0,0.642956839166846,0.306044663946747,0,0,0,0.24672535967361,0.300193257461885,0,0.923394889413786,0,0,0
LGALS3,0,0.944492162336268,0.227668026626584,0,0.982767876315224,0.93767446854198,0,0.901760790208289,0.987491947605755,0,0.56774747691647,0.755207214945244,0,0,0.888340133132918,0.718971440841744,0,0.781994846467683,0.910564741249732,0,0,0,0.41448357311574,0.986525660296328,0,0.133455013957483,0,0,0
SLC46A2,0,0.21703886622289,0.620034356882113,0,0.348614988189822,0.381254026197123,0,0.238941378569895,0.291013528022332,0,0.517822632596092,0.823008374490015,0,0,0.24130341421516,0.263098561305562,0,0.646553575263045,0.577947176293751,0,0,0,0.327464032639038,0.0738672965428387,0,0.968273566673824,0,0,0
RPS7,0,0.574243074940949,0.374865793429246,0,0.703349796006012,0.5434829289242,0,0.803360532531673,0.6087073223105,0,0.854520077302985,0.613699806742538,0,0,0.839649989263474,0.73078161906807,0,0.718327249302126,0.371698518359459,0,0,0,0.542355593729869,0.479600601245437,0,0.610264118531243,0,0,0
PECAM1,0,0.935741893923126,0.863001932574619,0,0.884260253382006,0.748657934292463,0,0.884367618638609,0.789993558084604,0,0.857633669744471,0.817801159544771,0,0,0.875993128623577,0.866330255529311,0,0.895694653210221,0.871591153102856,0,0,0,0.87389950611982,0.737975091260468,0,0.787792570324243,0,0,0
C1R,0,0.808621430105218,0.201470904015461,0,0.858009448142581,0.794449216233627,0,0.838254240927636,0.63732016319519,0,0.431662014172214,0.818606398969294,0,0,0.762024908739532,0.77426454799227,0,0.909115310285592,0.143923126476272,0,0,0,0.742162336267984,0.833208073867297,0,0.951470904015461,0,0,0
CREB3L1,0,0.805668885548636,0.895909383723427,0,0.666201417221387,0.414698303628946,0,0.946585784840026,0.412389950611982,0,0.896875671032854,0.366759716555723,0,0,0.958664376207859,0.968649345071935,0,0.934936654498604,0.941485935151385,0,0,0,0.947229976379644,0.361874597380288,0,0.246456946532102,0,0,0
TNFAIP2,0,0.953832939660726,0.958503328322955,0,0.750483143654713,0.812003435688211,0,0.953457161262615,0.660779471762937,0,0.909115310285592,0.646929353661155,0,0,0.930266265836375,0.944867940734378,0,0.958932789349367,0.981640541120893,0,0,0,0.916738243504402,0.793966072578913,0,0.545630234056259,0,0,0
NLRP3,0,0.232070002147305,0.0935688211294825,0,0.310661369980674,0.333852265406914,0,0.435580846038222,0.325424092763582,0,0.385924414859352,0.804004724071291,0,0,0.363162980459523,0.299226970152459,0,0.682520936225038,0.0380609834657505,0,0,0,0.303038436761864,0.424898003006227,0,0.951846682413571,0,0,0
NFAM1,0,0.690090186815546,0.23657934292463,0,0.745061198196264,0.915771956194975,0,0.508159759501825,0.842656216448357,0,0.94094910886837,0.97788275713979,0,0,0.449806742538115,0.547616491303414,0,0.811520292033498,0.278344427743182,0,0,0,0.60108438909169,0.861337771097273,0,0.899076658793215,0,0,0
GUCY2C,0,0.859351513850118,0.0260897573545201,0,0.949108868370195,0.973856560017178,0,0.742054971011381,0.9420227614344,0,0.386461241142366,0.644137856989478,0,0,0.696317371698518,0.460543268198411,0,0.552233197337342,0.772439338630019,0,0,0,0.278559158256388,0.984109942022761,0,0.099312862357741,0,0,0
CDC42SE1,0,0.734485720420872,0.198786772600387,0,0.799334335409062,0.897949323598883,0,0.893386300193257,0.833798582778613,0,0.956409705819197,0.7789886192828,0,0,0.893064204423449,0.848722353446425,0,0.847165557225682,0.650687137642259,0,0,0,0.779579128194116,0.901975520721495,0,0.274532961133777,0,0,0
SECTM1,0,0.831543912389951,0.0064419153961778,0,0.963227399613485,0.984700450934078,0,0.731586858492592,0.874812110800945,0,0.888554863646124,0.967790423019111,0,0,0.69347219239854,0.683218810392957,0,0.815600171784411,0.676615847111875,0,0,0,0.697659437406055,0.988136139145373,0,0.0614666094051965,0,0,0
ACSL1,0,0.995329611337771,0.811573974661799,0,0.99817479063775,0.966018896285162,0,0.981264762722783,0.957053897358815,0,0.569841099420228,0.966609405196478,0,0,0.978419583422804,0.830631307708825,0,0.992216018896285,0.993987545630234,0,0,0,0.520345716126262,0.978687996564312,0,0.962422160188963,0,0,0
TIA1,0,0.922804380502469,0.252684131415074,0,0.8297187030277,0.876368907021688,0,0.939553360532532,0.891561090831007,0,0.663517285806313,0.893654713334765,0,0,0.929299978526949,0.898861928280009,0,0.931984109942023,0.307923555937299,0,0,0,0.777485505690359,0.80507837663732,0,0.807547777539188,0,0,0
ACOX2,0,0.822739961348508,0.0913141507408203,0,0.874382649774533,0.891722138715912,0,0.7427528451793,0.931286235774104,0,0.586429031565385,0.722138715911531,0,0,0.775606613699807,0.686386085462744,0,0.529632810822418,0.592065707537041,0,0,0,0.619390165342495,0.968166201417221,0,0.0491732875241572,0,0,0
COL5A3,0,0.877496242216019,0.930158900579772,0,0.396714623147949,0.321505260897574,0,0.910188962851621,0.33476487008804,0,0.470742967575693,0.332295469186171,0,0,0.908632166630878,0.893386300193257,0,0.92790423019111,0.927635817049603,0,0,0,0.854144298904874,0.36412926776895,0,0.726111230405841,0,0,0
EHD1,0,0.980942666952974,0.0149237706678119,0,0.962797938587073,0.991571827356667,0,0.985452007730299,0.997154820700021,0,0.970742967575693,0.965374704745544,0,0,0.97283659007945,0.991786557869873,0,0.883401331329182,0.106237921408632,0,0,0,0.991786557869873,0.992591797294396,0,0.0334442774318231,0,0,0
PMP22,0,0.935205067640112,0.990551857418939,0,0.471065063345501,0.267554219454585,0,0.979117457590724,0.291013528022332,0,0.477721709254885,0.255260897573545,0,0,0.987599312862358,0.937352372772171,0,0.979278505475628,0.994685419798153,0,0,0,0.768091045737599,0.0574940949108868,0,0.921999141077947,0,0,0
JAK1,0,0.695458449645695,0.585731157397466,0,0.65471333476487,0.855540047240713,0,0.710167489800301,0.795737599312862,0,0.396553575263045,0.846897144084174,0,0,0.598239209791711,0.674898003006227,0,0.782263259609191,0.863699806742538,0,0,0,0.693794288168349,0.866437620785914,0,0.375241571827357,0,0,0
CTSH,0,0.788866222890273,0.543966072578913,0,0.73733089972085,0.878355164268843,0,0.574457805454155,0.840294180803092,0,0.66593300407988,0.717522009877604,0,0,0.557279364397681,0.62754992484432,0,0.620732231050032,0.764225896499893,0,0,0,0.757139789564097,0.840616276572901,0,0.544663946746833,0,0,0
SNRPE,0,0.801481640541121,0.538168348722353,0,0.710919046596521,0.660672106506335,0,0.89456731801589,0.788114666094052,0,0.815600171784411,0.649613485076229,0,0,0.906270130985613,0.884904444921623,0,0.803038436761864,0.817640111659867,0,0,0,0.819733734163625,0.805024694009019,0,0.137481211080094,0,0,0
HRH1,0,0.996886407558514,0.985559372986901,0,0.677582134421301,0.868745973802877,0,0.968327249302126,0.941593300407988,0,0.623792140863217,0.826712475842817,0,0,0.975789134636032,0.99457805454155,0,0.97498389521151,0.977560661369981,0,0,0,0.998335838522654,0.932198840455229,0,0.309856130556152,0,0,0
RASEF,0,0.671623362679837,0.605915825638823,0,0.480566888554864,0.790852480137427,0,0.518896285162121,0.54240927635817,0,0.677635817049603,0.200182520936225,0,0,0.52356667382435,0.636300193257462,0,0.40508911316298,0.785001073652566,0,0,0,0.779579128194116,0.749946317371698,0,0.13334764870088,0,0,0
CD180,0,0.718005153532317,0.648110371483788,0,0.319787416791926,0.280974876529955,0,0.821183165127765,0.316512776465536,0,0.73443203779257,0.841528881254026,0,0,0.840240498174791,0.846091904659652,0,0.915181447283659,0.21269057333047,0,0,0,0.8152243933863,0.013259609190466,0,0.985290959845394,0,0,0
MMP28,0,0.874812110800945,0.558299334335409,0,0.886300193257462,0.670334979600601,0,0.916201417221387,0.844535108438909,0,0.830040798797509,0.830255529310715,0,0,0.854734807816191,0.908632166630878,0,0.904444921623363,0.670496027485506,0,0,0,0.802770023620356,0.550998496886408,0,0.377818337985828,0,0,0
TLR7,0,0.911531028559158,0.951256173502255,0,0.592334120678548,0.20361820914752,0,0.956248657934292,0.291013528022332,0,0.569357955765514,0.760253382005583,0,0,0.941646983036289,0.743289671462315,0,0.98443203779257,0.98115739746618,0,0,0,0.306098346575048,0.0894889413785699,0,0.986418295039725,0,0,0
PTPN18,0,0.68370195404767,0.858009448142581,0,0.569143225252308,0.705872879536182,0,0.716931500966287,0.728312218166201,0,0.628838307923556,0.700450934077732,0,0,0.78371269057333,0.889413785698948,0,0.654015460596951,0.741249731586858,0,0,0,0.936332402834443,0.695190036504187,0,0.223802877388877,0,0,0
KANK2,0,0.876529954906592,0.932574618853339,0,0.589542624006871,0.760897573545201,0,0.940412282585355,0.798743826497745,0,0.282585355378999,0.771419368692291,0,0,0.950826712475843,0.965750483143655,0,0.957644406270131,0.941217522009878,0,0,0,0.955926562164484,0.624382649774533,0,0.730298475413356,0,0,0
C17orf75,0,0.396338844749839,0.222407129053038,0,0.628730942666953,0.745490659222676,0,0.8405625939446,0.557118316512776,0,0.869443847970797,0.897197766802663,0,0,0.839703671891776,0.899184024049817,0,0.862626154176508,0.130234056259394,0,0,0,0.862840884689714,0.535001073652566,0,0.80905089113163,0,0,0
UNK,0,0.362411423663303,0.00504616706033927,0,0.837610049388018,0.880019325746189,0,0.417919261327035,0.951954047670174,0,0.960167489800301,0.860264118531243,0,0,0.644728365900795,0.555293107150526,0,0.0126154176508482,0.00638823276787632,0,0,0,0.523620356452652,0.886998067425381,0,0.0064419153961778,0,0,0
VAV2,0,0.56812325531458,0.234646768305776,0,0.686493450719347,0.862465106291604,0,0.495168563452867,0.493880180373631,0,0.572525230835302,0.663678333691218,0,0,0.521902512347004,0.601996993772815,0,0.0829933433540906,0.45689284947391,0,0,0,0.611176723212368,0.763689070216878,0,0.0173931715696801,0,0,0
HMOX1,0,0.740176079020829,0.353661155250161,0,0.781672750697874,0.326390380073008,0,0.868692291174576,0.706731801589006,0,0.939231264762723,0.919690788060983,0,0,0.90723641829504,0.771848829718703,0,0.899774532961134,0.26487008803951,0,0,0,0.503220957698089,0.0070324243074941,0,0.974393386300193,0,0,0
FRAT2,0,0.906431178870517,0.419315009662873,0,0.799012239639253,0.967307279364398,0,0.72063560231909,0.971655572256818,0,0.549012239639253,0.75,0,0,0.700128838307924,0.767554219454584,0,0.508589220528237,0.67210650633455,0,0,0,0.853178011595448,0.991464462100064,0,0.0224393386300193,0,0,0
CCDC57,0,0.97535967360962,0.445404767017393,0,0.906001717844106,0.950397251449431,0,0.979869014386944,0.960060124543698,0,0.928709469615632,0.932681984109942,0,0,0.984807816190681,0.991947605754778,0,0.963710543268198,0.796703886622289,0,0,0,0.992323384152888,0.912121537470475,0,0.395426240068714,0,0,0
TNFRSF6B,0,0.562110800944814,0.901492377066781,0,0.241088683701954,0.300944814258106,0,0.690465965213657,0.291013528022332,0,0.951309856130556,0.587824779901224,0,0,0.729385870732231,0.852748550569036,0,0.707268627872021,0.220259823920979,0,0,0,0.932198840455229,0.0242645479922697,0,0.871537470474554,0,0,0
CD200R1,0,0.133186600815976,0.484002576766158,0,0.241088683701954,0.294986042516642,0,0.123738458234915,0.291013528022332,0,0.468756710328538,0.678011595447713,0,0,0.101406484861499,0.109619926991626,0,0.54385870732231,0.239907665879321,0,0,0,0.190358599957054,0.12610049388018,0,0.899667167704531,0,0,0
TAGLN,0,0.697874167919261,0.774371913248873,0,0.699055185741894,0.587287953618209,0,0.632327678763152,0.458073867296543,0,0.618370195404767,0.688372342709899,0,0,0.611981962636891,0.707698088898432,0,0.66485935151385,0.580470259823921,0,0,0,0.815922267554219,0.52646553575263,0,0.578913463603178,0,0,0
RPL5,0,0.850654928065278,0.896768305776251,0,0.666791926132703,0.415288812540262,0,0.933648271419369,0.656270130985613,0,0.881844535108439,0.730137427528452,0,0,0.949592012024909,0.946048958557011,0,0.921032853768521,0.820270560446639,0,0,0,0.922589649989264,0.479546918617135,0,0.804541550354305,0,0,0
SFRP2,0,0.925756925059051,0.950773029847541,0,0.888125402619712,0.453940304917329,0,0.98298260682843,0.483197337341636,0,0.375671032853769,0.293536611552502,0,0,0.972997637964355,0.848239209791711,0,0.973158685849259,0.996564311788705,0,0,0,0.281028559158256,0.475628086751127,0,0.818337985827786,0,0,0
RPS19,0,0.725252308353017,0.286665235129912,0,0.841206785484217,0.457429675756925,0,0.947766802662658,0.775284517929998,0,0.97573545200773,0.944814258106077,0,0,0.969830362894567,0.935366115525016,0,0.93080309211939,0.279042301911102,0,0,0,0.895479922697015,0.735774103500107,0,0.901707107579987,0,0,0
IRF5,0,0.705013957483358,0.636031780115955,0,0.536772600386515,0.704155035430535,0,0.535913678333691,0.751771526733949,0,0.381629804595233,0.842226755421945,0,0,0.735183594588791,0.562432896714623,0,0.738243504401976,0.755368262830148,0,0,0,0.680105217951471,0.728312218166201,0,0.882435044019755,0,0,0
INPP4B,0,0.550032209576981,0.947766802662658,0,0.256764011165987,0.0202920334979601,0,0.537363109297831,0.291013528022332,0,0.0519111015675327,0.312486579342925,0,0,0.539080953403479,0.622986901438694,0,0.567962207429676,0.802501610478849,0,0,0,0.753865149237707,0.300193257461885,0,0.589220528237063,0,0,0
SLC11A1,0,0.745061198196264,0.0951256173502255,0,0.662765729010092,0.671999141077947,0,0.795522868799656,0.716340992054971,0,0.708288597809749,0.844964569465321,0,0,0.857526304487868,0.821505260897574,0,0.795576551427958,0.216179944170067,0,0,0,0.784249516856345,0.702329826068284,0,0.696854197981533,0,0,0
ANAPC7,0,0.622074296757569,0.737975091260468,0,0.506441915396178,0.552233197337342,0,0.601889628516212,0.678280008589221,0,0.240337126905733,0.684882971870303,0,0,0.559641400042946,0.639467468327249,0,0.701739317156968,0.702115095555078,0,0,0,0.711563238136139,0.743880180373631,0,0.351138071719991,0,0,0
LUC7L,0,0.321881039295684,0.0916899291389306,0,0.665557225681769,0.741196048958557,0,0.319519003650419,0.770882542409276,0,0.868960704316083,0.892097917114022,0,0,0.396929353661155,0.466072578913464,0,0.343729869014387,0.0486364612411424,0,0,0,0.577571397895641,0.661799441700666,0,0.163893064204423,0,0,0
ZSCAN21,0,0.963388447498389,0.567156968005154,0,0.846199269916255,0.693364827141937,0,0.988297187030277,0.704906592226755,0,0.776680266265836,0.846843461455873,0,0,0.989907665879321,0.972890272707752,0,0.990605540047241,0.887642258964999,0,0,0,0.902834442774318,0.624006871376423,0,0.930480996349581,0,0,0
TCIRG1,0,0.57499463173717,0.497906377496242,0,0.971923985398325,0.732821558943526,0,0.757569250590509,0.814741249731587,0,0.548045952329826,0.699806742538115,0,0,0.548421730727936,0.764279579128194,0,0.716018896285162,0.810124543697659,0,0,0,0.74892634743397,0.835892205282371,0,0.179246295898647,0,0,0
TLR1,0,0.475467038866223,0.213281082241787,0,0.800193257461885,0.711992699162551,0,0.651116598668671,0.75107365256603,0,0.574135709684346,0.987814043375564,0,0,0.46811251878892,0.521795147090402,0,0.877066781189607,0.108599957053897,0,0,0,0.552018466824136,0.643171569680052,0,0.988136139145373,0,0,0
EGFL8,0,0.982123684775607,0.490712905303844,0,0.857418939231265,0.644782048529096,0,0.994631737169852,0.857633669744471,0,0.952598239209792,0.723266051105862,0,0,0.995007515567962,0.994685419798153,0,0.988243504401976,0.955282370624866,0,0,0,0.979922697015246,0.627281511702813,0,0.678011595447713,0,0,0
SAMD4A,0,0.942774318230621,0.756227184882972,0,0.593085677474769,0.419100279149667,0,0.928494739102426,0.431339918402405,0,0.669315009662873,0.742001288383079,0,0,0.941485935151385,0.870195404767017,0,0.960382220313507,0.860800944814258,0,0,0,0.791120893278935,0.380985613055615,0,0.956033927421087,0,0,0
SIGLEC5,0,0.0391346360317801,0.531780115954477,0,0.241088683701954,0.309748765299549,0,0.271687781833799,0.291013528022332,0,0.643601030706463,0.66813399184024,0,0,0.323759931286236,0.396875671032854,0,0.557333047025982,0.161906806957269,0,0,0,0.523620356452652,0.0302233197337342,0,0.871805883616062,0,0,0
ABI3,0,0.314902297616491,0.032316942237492,0,0.800461670603393,0.972890272707752,0,0.678655786987331,0.945351084389092,0,0.877388876959416,0.992430749409491,0,0,0.672321236847756,0.629214086321666,0,0.856345286665235,0.0256602963281082,0,0,0,0.593031994846468,0.936708181232553,0,0.910027914966717,0,0,0
BMP1,0,0.996403263903801,0.977023835086966,0,0.983412067854842,0.956248657934292,0,0.987384582349152,0.90326390380073,0,0.878569894782048,0.561735022546704,0,0,0.977506978741679,0.998711616920764,0,0.966179944170067,0.964032639038007,0,0,0,0.999570538973588,0.930051535323169,0,0.0960919046596521,0,0,0
MAST3,0,0.775069787416792,0.293590294180803,0,0.792140863216663,0.814955980244793,0,0.717736740390809,0.764923770667812,0,0.389950611981963,0.701363538758858,0,0,0.720796650203994,0.783551642688426,0,0.585086965857848,0.187620785913678,0,0,0,0.847219239853983,0.846145587287954,0,0.44964569465321,0,0,0
APCDD1L,0,0.787094696156324,0.988136139145373,0,0.241088683701954,0.130663517285806,0,0.768520506764011,0.291013528022332,0,0.159705819196908,0.127496242216019,0,0,0.764172213871591,0.881254026197123,0,0.768198410994202,0.861767232123685,0,0,0,0.949914107794718,0.300193257461885,0,0.580684990337127,0,0,0
VASN,0,0.687513420657075,0.758481855271634,0,0.794395533605325,0.602694867940734,0,0.819411638393816,0.633991840240498,0,0.796435473480782,0.617242860210436,0,0,0.76776894996779,0.781833798582779,0,0.77571397895641,0.829933433540906,0,0,0,0.729063774962422,0.611928280008589,0,0.281672750697874,0,0,0
TRIM26,0,0.512561735022547,0.167436117672321,0,0.931339918402405,0.955013957483358,0,0.184560876100494,0.980137427528452,0,0.55217951470904,0.708664376207859,0,0,0.175059050891132,0.202920334979601,0,0.0169637105432682,0.382005582993343,0,0,0,0.318445351084389,0.932413570968435,0,0.240981318445351,0,0,0
BDKRB2,0,0.63442130126691,0.638071719991411,0,0.308675112733519,0.312218166201417,0,0.686815546489156,0.291013528022332,0,0.184399828215589,0.116813399184024,0,0,0.686815546489156,0.611928280008589,0,0.719239853983251,0.896070431608332,0,0,0,0.564472836590079,0.419529740176079,0,0.543590294180803,0,0,0
RGS3,0,0.756066136998067,0.226594374060554,0,0.891077947176294,0.97283659007945,0,0.756710328537685,0.935902941808031,0,0.992054971011381,0.876744685419798,0,0,0.796811251878892,0.911101567532746,0,0.574189392312648,0.197981533175864,0,0,0,0.93660081597595,0.855110586214301,0,0.0747262185956624,0,0,0
AOC3,0,0.728365900794503,0.140111659866867,0,0.77029203349796,0.882649774532961,0,0.698518359458879,0.837341636246511,0,0.57316942237492,0.537792570324243,0,0,0.646929353661155,0.754294610264118,0,0.594964569465321,0.349473910242645,0,0,0,0.765192183809319,0.931500966287309,0,0.109244148593515,0,0,0
AMZ2P1,0,0.622772170925489,0.592441485935151,0,0.241088683701954,0.382005582993343,0,0.653800730083745,0.291013528022332,0,0.972407129053038,0.843944599527593,0,0,0.704799226970152,0.830738672965428,0,0.852050676401117,0.195565814902298,0,0,0,0.919100279149667,0.141238995061198,0,0.946156323813614,0,0,0
C1orf162,0,0.297992269701525,0.483573115739747,0,0.346467683057762,0.434077732445781,0,0.351996993772815,0.392956839166846,0,0.700934077732446,0.683648271419369,0,0,0.403908095340348,0.37465106291604,0,0.612143010521795,0.421193901653425,0,0,0,0.467522009877604,0.421945458449646,0,0.855701095125617,0,0,0
CD248,0,0.880717199914108,0.249248443203779,0,0.924039080953403,0.790530384367619,0,0.870463817908525,0.765836375348937,0,0.990176079020829,0.933433540906163,0,0,0.979815331758643,0.963495812754993,0,0.756925059050891,0.101889628516212,0,0,0,0.985774103500107,0.538973588146876,0,0.179138930642044,0,0,0
APLP2,0,0.73733089972085,0.21521365686064,0,0.780760146016749,0.853124328967146,0,0.630395104144299,0.887373845823492,0,0.310661369980674,0.627496242216019,0,0,0.641990551857419,0.642849473910243,0,0.413141507408203,0.305990981318445,0,0,0,0.609942022761434,0.783927421086536,0,0.205550783766373,0,0,0
OLFML2B,0,0.843085677474769,0.977131200343569,0,0.484646768305776,0.406001717844106,0,0.968595662443633,0.332885978097488,0,0.541711402190251,0.422643332617565,0,0,0.938855486364612,0.970313506549281,0,0.978097487652996,0.97428602104359,0,0,0,0.910027914966717,0.381683487223534,0,0.775391883186601,0,0,0
RNPEP,0,0.773029847541336,0.0713442130126691,0,0.876315224393386,0.978365900794503,0,0.735935151385012,0.991571827356667,0,0.942720635602319,0.922965428387374,0,0,0.652351299119605,0.743021258320807,0,0.724715482070002,0.277485505690359,0,0,0,0.734217307279364,0.992323384152888,0,0.107633669744471,0,0,0
ITGB7,0,0.980244792785055,0.569680051535323,0,0.911262615417651,0.633293966072579,0,0.977936439768091,0.774157182735667,0,0.955175005368263,0.967253596736096,0,0,0.961026411853124,0.946800515353232,0,0.975305990981318,0.631737169851836,0,0,0,0.84856130556152,0.546703886622289,0,0.96558943525875,0,0,0
TGM2,0,0.995436976594374,0.628569894782048,0,0.946424736955121,0.955658149022976,0,0.996242216018896,0.835892205282371,0,0.874221601889628,0.846414000429461,0,0,0.993397036718918,0.99855056903586,0,0.987975091260468,0.88732016319519,0,0,0,0.997852694867941,0.946585784840026,0,0.177743182306206,0,0,0
PTPN22,0,0.829933433540906,0.258052394245222,0,0.7789886192828,0.741732875241572,0,0.848776036074726,0.557869873308997,0,0.738565600171784,0.955980244792785,0,0,0.801266910027915,0.823867296542839,0,0.89709040154606,0.213066351728581,0,0,0,0.745705389735882,0.679461026411853,0,0.783444277431823,0,0,0
BST1,0,0.986525660296328,0.390809534034786,0,0.905464891561091,0.926186386085463,0,0.955658149022976,0.830684990337127,0,0.528720206141293,0.780867511273352,0,0,0.965267339488941,0.862733519433111,0,0.933165127764655,0.945887910672107,0,0,0,0.752308353016964,0.927528451793,0,0.742216018896285,0,0,0
LATS2,0,0.923448572042087,0.970581919690788,0,0.577141936869229,0.628677260038652,0,0.921086536396822,0.463871591153103,0,0.19674683272493,0.264601674898003,0,0,0.925810607687352,0.9420227614344,0,0.889091689929139,0.952222460811681,0,0,0,0.945887910672107,0.666791926132703,0,0.539080953403479,0,0,0
TNFSF12-TNFSF13,0,0.293429246295899,0.520345716126262,0,0.241088683701954,0.29638179085248,0,0.371966931500966,0.291013528022332,0,0.704799226970152,0.808299334335409,0,0,0.52136568606399,0.633562379214086,0,0.613216663087825,0.0773029847541336,0,0,0,0.77716340992055,0.00499248443203779,0,0.92210650633455,0,0,0
NT5E,0,0.847272922482285,0.893708395963066,0,0.33224178655787,0.337717414644621,0,0.859673609619927,0.358277861284088,0,0.207859136783337,0.476111230405841,0,0,0.823115739746618,0.873953188748121,0,0.923287524157183,0.573437835516427,0,0,0,0.88984324672536,0.335355378999356,0,0.962797938587073,0,0,0
PRKRA,0,0.669905518574189,0.503543053467898,0,0.606935795576551,0.735720420871806,0,0.529095984539403,0.737116169207644,0,0.535967360961993,0.701470904015461,0,0,0.501932574618853,0.610961992699163,0,0.652404981747906,0.3695512132274,0,0,0,0.756012454369766,0.719293536611552,0,0.670388662228903,0,0,0
CACNA1C,0,0.825155679622074,0.937942881683487,0,0.472031350654928,0.00429461026411853,0,0.837556366759717,0.380609834657505,0,0.0909920549710114,0.215857848400258,0,0,0.832134421301267,0.682789349366545,0,0.849151814472837,0.944975305990981,0,0,0,0.530974876529955,0.324296757569251,0,0.869014386944385,0,0,0
C1S,0,0.829396607257891,0.571451578269272,0,0.868531243289671,0.716340992054971,0,0.794180803092119,0.761380717199914,0,0.445780545415504,0.498872664805669,0,0,0.753757783981104,0.73223105003221,0,0.755958771741464,0.71811251878892,0,0,0,0.711294824994632,0.816620141722139,0,0.510736525660296,0,0,0
C15orf61,0,0.67355593729869,0.726916469830363,0,0.461831651277647,0.628730942666953,0,0.497637964354735,0.647895640970582,0,0.9855056903586,0.708234915181447,0,0,0.69239853983251,0.616169207644406,0,0.407182735666738,0.418348722353446,0,0,0,0.760307064633884,0.65723641829504,0,0.178602104359029,0,0,0
HK1,0,0.648217736740391,0.86847756066137,0,0.344051964784196,0.404230191110157,0,0.814043375563668,0.415557225681769,0,0.405894352587503,0.584442774318231,0,0,0.804863646124114,0.794341850977024,0,0.88694438479708,0.88259609190466,0,0,0,0.7210113807172,0.46558943525875,0,0.756334550139575,0,0,0
DUSP6,0,0.989692935366116,0.301696371054327,0,0.994363324028344,0.979278505475628,0,0.972031350654928,0.992323384152888,0,0.783981103714838,0.736633025552931,0,0,0.944062701309856,0.902780760146017,0,0.934721923985398,0.961348507622933,0,0,0,0.730352158041658,0.991947605754778,0,0.203296113377711,0,0,0
GPC2,0,0.728204852909598,0.23588146875671,0,0.722943955336053,0.917650848185527,0,0.51052179514709,0.92897788275714,0,0.741035001073653,0.684990337126906,0,0,0.38984324672536,0.539295683916685,0,0.51701739317157,0.343729869014387,0,0,0,0.572203135065493,0.83551642688426,0,0.735344642473695,0,0,0
NALCN,0,0.700128838307924,0.953886622289027,0,0.405894352587503,0.405464891561091,0,0.69094910886837,0.405142795791282,0,0.293053467897788,0.526680266265836,0,0,0.629321451578269,0.753006227184883,0,0.79020828859781,0.818606398969294,0,0,0,0.864612411423663,0.423019111015675,0,0.801266910027915,0,0,0
IL7R,0,0.693633240283444,0.981425810607687,0,0.241088683701954,0.239102426454799,0,0.686010307064634,0.291013528022332,0,0.689660725789135,0.37754992484432,0,0,0.684024049817479,0.809534034786343,0,0.804273137212798,0.846789778827571,0,0,0,0.906753274640326,0.300193257461885,0,0.820861069357956,0,0,0
SNRPC,0,0.860908310070861,0.185580846038222,0,0.967414644621001,0.903156538544127,0,0.870839596306635,0.953671891775821,0,0.744148593515139,0.898056688855486,0,0,0.870034356882113,0.777324457805454,0,0.864182950397251,0.735183594588791,0,0,0,0.560607687352373,0.912765729010092,0,0.310929783122182,0,0,0
GPR124,0,0.595125617350226,0.883079235559373,0,0.241088683701954,0.211777968649345,0,0.576766158471119,0.291013528022332,0,0.66813399184024,0.521258320807387,0,0,0.620624865793429,0.746886407558514,0,0.706839166845609,0.28768520506764,0,0,0,0.86305561520292,0.0928709469615632,0,0.807333047025982,0,0,0
BCL2A1,0,0.237116169207644,0.0577088254240928,0,0.463281082241787,0.721870302770024,0,0.184346145587288,0.416469830362895,0,0.705497101138072,0.981908954262401,0,0,0.20216877818338,0.212475842817264,0,0.645855701095126,0.0220098776036075,0,0,0,0.316029632810822,0.53806098346575,0,0.953349796006012,0,0,0
PTGS1,0,0.788436761863861,0.822901009233412,0,0.426884260253382,0.423394889413786,0,0.866867081812326,0.355701095125617,0,0.853285376852051,0.453135065492807,0,0,0.791067210650633,0.784195834228044,0,0.883240283444277,0.926401116598669,0,0,0,0.546703886622289,0.148164054112089,0,0.615256602963281,0,0,0
ACVRL1,0,0.846843461455873,0.89456731801589,0,0.644084174361177,0.613968219884045,0,0.773996134850762,0.585033283229547,0,0.325960919046597,0.524318230620571,0,0,0.756549280652781,0.768359458879107,0,0.764386944384797,0.891077947176294,0,0,0,0.818713764225896,0.770184668241357,0,0.486794073437836,0,0,0
AGBL5,0,0.779257032424307,0.0225467038866223,0,0.995973802877389,0.827249302125832,0,0.977453296113378,0.928602104359029,0,0.801857418939231,0.864612411423663,0,0,0.984646768305776,0.967253596736096,0,0.851406484861499,0.308567747476916,0,0,0,0.836160618423878,0.892849473910243,0,0.0551857418939231,0,0,0
JPH2,0,0.66051105862143,0.946156323813614,0,0.33476487008804,0.277485505690359,0,0.658632166630878,0.349151814472837,0,0.633669744470689,0.507891346360318,0,0,0.768896285162121,0.726218595662444,0,0.821451578269272,0.844374060554005,0,0,0,0.819411638393816,0.415503543053468,0,0.762991196048959,0,0,0
FLVCR2,0,0.729224822847327,0.133132918187674,0,0.876046811251879,0.920066566459094,0,0.685527163409921,0.757998711616921,0,0.922160188962852,0.957805454155035,0,0,0.654498604251664,0.642903156538544,0,0.863001932574619,0.122772170925489,0,0,0,0.730352158041658,0.873577410350011,0,0.958610693579558,0,0,0
IL1RAP,0,0.973266051105862,0.988082456517071,0,0.830416577195619,0.429192613270346,0,0.943203779257032,0.457322310500322,0,0.119282800085892,0.274425595877174,0,0,0.94347219239854,0.875295254455658,0,0.90723641829504,0.982499463173717,0,0,0,0.838844749838952,0.470098776036075,0,0.779042301911102,0,0,0
SERPINE1,0,0.981211080094481,0.973695512132274,0,0.853929568391668,0.754079879750913,0,0.965696800515353,0.813184453510844,0,0.920496027485506,0.573115739746618,0,0,0.97680910457376,0.989209791711402,0,0.925488511917543,0.954691861713549,0,0,0,0.995114880824565,0.917704530813829,0,0.180642044234486,0,0,0
SNED1,0,0.533283229546919,0.855915825638823,0,0.531726433326176,0.305776250805239,0,0.890433755636676,0.339166845608761,0,0.643547348078162,0.306903585999571,0,0,0.904767017393172,0.742699162550999,0,0.89891561090831,0.964354734807816,0,0,0,0.23368048099635,0.0479922697015246,0,0.718971440841744,0,0,0
PLA2G15,0,0.964462100064419,0.932789349366545,0,0.677957912819412,0.670227614343998,0,0.871913248872665,0.871161692076444,0,0.863377710972729,0.888501181017823,0,0,0.877710972729225,0.903800730083745,0,0.884743397036719,0.700021473051321,0,0,0,0.942505905089113,0.638232767876315,0,0.875187889199055,0,0,0
SLC43A3,0,0.687835516426884,0.964998926347434,0,0.241088683701954,0.257139789564097,0,0.763098561305562,0.291013528022332,0,0.86740390809534,0.383079235559373,0,0,0.784142151599742,0.896446210006442,0,0.831436547133348,0.393762078591368,0,0,0,0.959093837234271,0.177743182306206,0,0.74747691646983,0,0,0
GREM1,0,0.989585570109513,0.999570538973588,0,0.406592226755422,0.26159544771312,0,0.984968864075585,0.299602748550569,0,0.466931500966287,0.446210006441915,0,0,0.984754133562379,0.986149881898218,0,0.989907665879321,0.991625509984969,0,0,0,0.990122396392527,0.30615202920335,0,0.962851621215375,0,0,0
CSF2RB,0,0.580523942452222,0.543268198410994,0,0.36015675327464,0.405196478419583,0,0.602372772170925,0.462368477560661,0,0.4202812969723,0.611981962636891,0,0,0.529632810822418,0.598453940304917,0,0.739102426454799,0.197444706892849,0,0,0,0.683863001932575,0.441271204638179,0,0.901062916040369,0,0,0
COMP,0,0.739907665879321,0.75579772385656,0,0.595877174146446,0.690304917328752,0,0.769594159330041,0.71848829718703,0,0.322525230835302,0.239531887481211,0,0,0.726916469830363,0.801911101567533,0,0.707107579987116,0.879428816834872,0,0,0,0.808943525875027,0.671247584281726,0,0.28043805024694,0,0,0
P2RX7,0,0.827302984754134,0.294771312003436,0,0.94454584496457,0.781404337556367,0,0.90471333476487,0.907075370410135,0,0.497315868584926,0.888876959415933,0,0,0.960435902941808,0.886461241142366,0,0.891936869229117,0.469669315009663,0,0,0,0.737008803951041,0.582671247584282,0,0.801750053682628,0,0,0
CYP1B1,0,0.953188748121108,0.569733734163625,0,0.657182735666738,0.549065922267554,0,0.987652995490659,0.291013528022332,0,0.416899291389306,0.614666094051965,0,0,0.964784195834228,0.960650633455014,0,0.9927528451793,0.993450719347219,0,0,0,0.825209362250376,0.482070002147305,0,0.873147949323599,0,0,0
MLKL,0,0.698786772600386,0.45904015460597,0,0.609351513850118,0.668348722353446,0,0.631254026197123,0.5905625939446,0,0.212207429675757,0.698786772600386,0,0,0.5942130126691,0.66485935151385,0,0.73078161906807,0.350547562808675,0,0,0,0.783873738458235,0.647197766802663,0,0.86520292033498,0,0,0
DAB2,0,0.91340992054971,0.995114880824565,0,0.443150096628731,0.305024694009019,0,0.923502254670389,0.36305561520292,0,0.273888769594159,0.181125187889199,0,0,0.951792999785269,0.934238780330685,0,0.915879321451578,0.97063560231909,0,0,0,0.947444706892849,0.374490015031136,0,0.72283659007945,0,0,0
TRPV2,0,0.632166630878248,0.204369765943741,0,0.933433540906163,0.912228902727078,0,0.913195190036504,0.812379214086322,0,0.360478849044449,0.908524801374275,0,0,0.870839596306635,0.7862357741035,0,0.903156538544127,0.861176723212368,0,0,0,0.438372342709899,0.841045737599313,0,0.828645050461671,0,0,0
MYD88,0,0.971601889628516,0.375671032853769,0,0.935312432896715,0.938157612196693,0,0.847541335623792,0.970528237062487,0,0.441808030921194,0.519594159330041,0,0,0.840401546059695,0.773244578054541,0,0.561896070431608,0.913678333691218,0,0,0,0.777968649345072,0.96848829718703,0,0.0494953832939661,0,0,0
DOCK2,0,0.486042516641615,0.869014386944385,0,0.293375563667597,0.314043375563668,0,0.535215804165772,0.342924629589865,0,0.339596306635173,0.409383723427099,0,0,0.515729010092334,0.540637749624222,0,0.603016963710543,0.785591582563882,0,0,0,0.583905948035216,0.363431393601031,0,0.806474124973159,0,0,0
MS4A7,0,0.024747691646983,0.270023620356453,0,0.279901223963925,0.395802018466824,0,0.214247369551213,0.334281726433326,0,0.780277002362036,0.957268627872021,0,0,0.129589864719777,0.129428816834872,0,0.774318230620571,0.0769808889843247,0,0,0,0.204960274855057,0.400526089757355,0,0.987062486579343,0,0,0
TICAM1,0,0.715482070002147,0.450182520936225,0,0.660779471762937,0.816190680695727,0,0.935473480781619,0.54638179085248,0,0.8007300837449,0.988297187030277,0,0,0.905840669959201,0.886890702168778,0,0.984002576766158,0.886998067425381,0,0,0,0.702651921838093,0.639091689929139,0,0.9094374060554,0,0,0
TM7SF3,0,0.733519433111445,0.241518144728366,0,0.709093837234271,0.874704745544342,0,0.551964784195834,0.88442130126691,0,0.910779471762937,0.748013742752845,0,0,0.837717414644621,0.612894567318016,0,0.541872450075156,0.314794932359888,0,0,0,0.57789349366545,0.696048958557011,0,0.280277002362036,0,0,0
LY86,0,0.944331114451364,0.935688211294825,0,0.603124328967146,0.237116169207644,0,0.929568391668456,0.299602748550569,0,0.477238565600172,0.758106076873524,0,0,0.942935366115525,0.617350225467039,0,0.978956409705819,0.965643117887052,0,0,0,0.190358599957054,0.0545415503543054,0,0.996671677045308,0,0,0
IRF8,0,0.847433970367189,0.355701095125617,0,0.970152458664376,0.967790423019111,0,0.745168563452867,0.988726648056689,0,0.82681984109942,0.991625509984969,0,0,0.648325101996994,0.784034786343139,0,0.915503543053468,0.75687137642259,0,0,0,0.876691002791497,0.974554434185098,0,0.94454584496457,0,0,0
TCEA2,0,0.723802877388877,0.562432896714623,0,0.659330040798798,0.732499463173717,0,0.736901438694438,0.810446639467468,0,0.961724286021044,0.877227829074511,0,0,0.656806957268628,0.804917328752416,0,0.719722997637964,0.304165771956195,0,0,0,0.873255314580202,0.744094910886837,0,0.464730513205927,0,0,0
NGLY1,0,0.983251019969938,0.955013957483358,0,0.759716555722568,0.622020614129268,0,0.966931500966287,0.667919261327035,0,0.556903585999571,0.829826068284303,0,0,0.954584496456947,0.959093837234271,0,0.981640541120893,0.935634528666524,0,0,0,0.932789349366545,0.495329611337771,0,0.97680910457376,0,0,0
LMOD1,0,0.914805668885549,0.366330255529311,0,0.751771526733949,0.9782585355379,0,0.928602104359029,0.947444706892849,0,0.754294610264118,0.825155679622074,0,0,0.859727292248229,0.953188748121108,0,0.896553575263045,0.759609190465965,0,0,0,0.93912389950612,0.931339918402405,0,0.261863860854627,0,0,0
CD93,0,0.996349581275499,0.995973802877389,0,0.785484217307279,0.188426025338201,0,0.998711616920764,0.291013528022332,0,0.185580846038222,0.208073867296543,0,0,0.99892634743397,0.949055185741894,0,0.998604251664161,0.999892634743397,0,0,0,0.504455658149023,0.0587824779901224,0,0.990873953188748,0,0,0
STK10,0,0.458127549924844,0.240659222675542,0,0.712744255958772,0.821558943525875,0,0.702759287094696,0.808084603822203,0,0.493021258320807,0.697659437406055,0,0,0.533659007945029,0.538383079235559,0,0.78296113377711,0.69454584496457,0,0,0,0.207859136783337,0.703510843890917,0,0.966824135709684,0,0,0
KLF10,0,0.838844749838952,0.26197122611123,0,0.828752415718274,0.986042516641615,0,0.667328752415718,0.925756925059051,0,0.805185741893923,0.582027056044664,0,0,0.795361820914752,0.758589220528237,0,0.509555507837664,0.839811037148379,0,0,0,0.794180803092119,0.903210221172429,0,0.071558943525875,0,0,0
TRIM8,0,0.790100923341207,0.493182306205712,0,0.676776894996779,0.53951041442989,0,0.71558943525875,0.795039725144943,0,0.524801374275285,0.69239853983251,0,0,0.709899076658793,0.791174575907236,0,0.747906377496242,0.658256388232768,0,0,0,0.826497745329611,0.666255099849689,0,0.727668026626584,0,0,0
C19orf44,0,0.193955336053253,0.0914751986257247,0,0.695190036504187,0.837073223105003,0,0.147788275713979,0.768949967790423,0,0.781619068069573,0.709899076658793,0,0,0.24382649774533,0.192828000858922,0,0.0166952974017608,0.0993665449860425,0,0,0,0.190358599957054,0.770721494524372,0,0.108116813399184,0,0,0
P4HA2,0,0.986042516641615,0.998335838522654,0,0.661906806957269,0.433057762508052,0,0.979224822847327,0.50037577839811,0,0.38914537255744,0.29745544341851,0,0,0.990390809534035,0.987652995490659,0,0.953188748121108,0.98878033068499,0,0,0,0.990068713764226,0.56339918402405,0,0.36992699162551,0,0,0
DBI,0,0.838522654069143,0.133025552931072,0,0.897949323598883,0.963978956409706,0,0.704799226970152,0.796542838737385,0,0.55362894567318,0.838844749838952,0,0,0.809372986901439,0.708932789349367,0,0.615471333476487,0.396338844749839,0,0,0,0.780760146016749,0.904015460596951,0,0.372772170925489,0,0,0
NACC2,0,0.608922052823706,0.866222890272708,0,0.595608761004939,0.384367618638609,0,0.713388447498389,0.610639896929354,0,0.89929138930642,0.602265406914323,0,0,0.712636890702169,0.803306849903371,0,0.765782692720636,0.798475413356238,0,0,0,0.765192183809319,0.145587287953618,0,0.279793858707322,0,0,0
HMHA1,0,0.919529740176079,0.396607257891346,0,0.860103070646339,0.940143869443848,0,0.901546059695083,0.97970796650204,0,0.900418724500752,0.97718488297187,0,0,0.913356237921409,0.972138715911531,0,0.892688426025338,0.388286450504617,0,0,0,0.974339703671892,0.760897573545201,0,0.37389950611982,0,0,0
IPCEF1,0,0.914215159974232,0.794288168348722,0,0.731372127979386,0.558191969078806,0,0.915127764655358,0.82392097917114,0,0.464891561090831,0.912497315868585,0,0,0.881254026197123,0.841743611767232,0,0.964301052179515,0.832295469186171,0,0,0,0.721440841743612,0.721923985398325,0,0.941163839381576,0,0,0
ADAMTS4,0,0.499355808460382,0.000912604681125188,0,0.937191324887267,0.969239853983251,0,0.88624651062916,0.973373416362465,0,0.983573115739747,0.999570538973588,0,0,0.878677260038652,0.894298904874383,0,0.938211294824995,0.0227614343998282,0,0,0,0.552823706248658,0.816781189607043,0,0.568176937942882,0,0,0
PTPRJ,0,0.977023835086966,0.769969937728151,0,0.909974232338415,0.926991625509985,0,0.960328537685205,0.973963925273781,0,0.825692505905089,0.706033927421087,0,0,0.970850332832295,0.964569465321022,0,0.932628301481641,0.972890272707752,0,0,0,0.953403478634314,0.976648056688855,0,0.107365256602963,0,0,0
ARHGAP23,0,0.930749409491089,0.810339274210865,0,0.631790852480137,0.435366115525016,0,0.967844105647413,0.345125617350225,0,0.877764655357526,0.890165342495169,0,0,0.970689284947391,0.95109512561735,0,0.986364612411424,0.70399398754563,0,0,0,0.856721065063346,0.0329074511488082,0,0.984754133562379,0,0,0
GNRHR2,0,0.0417650848185527,0.26739317156968,0,0.241088683701954,0.300300622718488,0,0.23223105003221,0.291013528022332,0,0.864719776680266,0.646499892634743,0,0,0.286772600386515,0.349044449216234,0,0.240981318445351,0.0291496671677045,0,0,0,0.477668026626584,0.0216340992054971,0,0.858438909168993,0,0,0
CBR1,0,0.655840669959201,0.893601030706463,0,0.241088683701954,0.236471977668027,0,0.585892205282371,0.291013528022332,0,0.96993772815117,0.60580846038222,0,0,0.665181447283659,0.791496671677045,0,0.745490659222676,0.257676615847112,0,0,0,0.896929353661155,0.0242645479922697,0,0.760307064633884,0,0,0
ABLIM3,0,0.932735666738243,0.994255958771741,0,0.254563023405626,0.112035645265192,0,0.917275069787417,0.291013528022332,0,0.589327893493665,0.0736525660296328,0,0,0.912175220098776,0.977506978741679,0,0.867135494953833,0.741625509984969,0,0,0,0.994524371913249,0.169690788060983,0,0.323491518144728,0,0,0
PARP9,0,0.813613914537256,0.643601030706463,0,0.582027056044664,0.75832080738673,0,0.782477990122396,0.625509984968864,0,0.425917972943955,0.895211509555508,0,0,0.74130341421516,0.843193042731372,0,0.914698303628946,0.622718488297187,0,0,0,0.894245222246081,0.722621859566244,0,0.961616920764441,0,0,0
RUNX1T1,0,0.450665664590938,0.605486364612411,0,0.244846467683058,0.103500107365257,0,0.807010951256174,0.291013528022332,0,0.513796435473481,0.0677474769164698,0,0,0.67500536826283,0.83369121752201,0,0.822256817693794,0.924736955121323,0,0,0,0.667436117672321,0.0265729010092334,0,0.320700021473051,0,0,0
HSPA6,0,0.010360747262186,0.070216877818338,0,0.241088683701954,0.352050676401117,0,0.272063560231909,0.291013528022332,0,0.967360961992699,0.989585570109513,0,0,0.419637105432682,0.514386944384797,0,0.762347004509341,0.00327464032639038,0,0,0,0.658149022976165,0.00316727506978742,0,0.995007515567962,0,0,0
SSPN,0,0.722353446424737,0.951631951900365,0,0.306635172858063,0.00187889199055186,0,0.784625295254456,0.291013528022332,0,0.61123040584067,0.275875026841314,0,0,0.849366544986042,0.792892420012884,0,0.809963495812755,0.8985398325102,0,0,0,0.788597809748765,0.0714515782692721,0,0.73947820485291,0,0,0
LIPA,0,0.847970796650204,0.334550139574834,0,0.97573545200773,0.863538758857634,0,0.789456731801589,0.745759072364183,0,0.796542838737385,0.772976164913034,0,0,0.754885119175435,0.564311788705175,0,0.744739102426455,0.808943525875027,0,0,0,0.411853124328967,0.823062057118316,0,0.58841528881254,0,0,0
MXRA8,0,0.864934507193472,0.510897573545201,0,0.704745544341851,0.921193901653425,0,0.864934507193472,0.965965213656861,0,0.77501610478849,0.669583422804381,0,0,0.88587073223105,0.936869229117458,0,0.782531672750698,0.761380717199914,0,0,0,0.959684346145587,0.959040154605969,0,0.0447176293751342,0,0,0
LRRC32,0,0.613270345716126,0.512185956624436,0,0.454906592226755,0.509448142581061,0,0.808299334335409,0.454584496456947,0,0.695190036504187,0.967736740390809,0,0,0.656431178870517,0.716126261541765,0,0.933916684560876,0.691593300407988,0,0,0,0.507945028988619,0.390165342495169,0,0.971601889628516,0,0,0
ABHD11,0,0.989263474339704,0.15761219669315,0,0.988619282800086,0.982392097917114,0,0.954047670173932,0.920388662228903,0,0.996456946532102,0.80652780760146,0,0,0.946317371698518,0.935419798153318,0,0.81919690788061,0.304273137212798,0,0,0,0.882864505046167,0.928172643332618,0,0.0611981962636891,0,0,0
NAPSB,0,0.0181984109942023,0.180695726862787,0,0.241088683701954,0.353822203135066,0,0.0832080738672965,0.291013528022332,0,0.776733948894138,0.980405840669959,0,0,0.491732875241572,0.212100064419154,0,0.757998711616921,0.0156753274640326,0,0,0,0.330255529310715,0.0185205067640112,0,0.994363324028344,0,0,0
MAN1A1,0,0.687567103285377,0.893225252308353,0,0.448947820485291,0.470689284947391,0,0.629911960489586,0.364612411423663,0,0.399720850332832,0.172697015245866,0,0,0.627818337985828,0.63259609190466,0,0.587019540476702,0.86085462744256,0,0,0,0.719776680266266,0.521097272922482,0,0.381629804595233,0,0,0
ITPR2,0,0.826551427957913,0.901760790208289,0,0.619282800085892,0.567425381146661,0,0.811090831007086,0.543214515782693,0,0.753757783981104,0.797938587073223,0,0,0.793912389950612,0.849688640755851,0,0.926347433970367,0.897358814687567,0,0,0,0.879106721065063,0.586751127335194,0,0.898432467253597,0,0,0
MBD2,0,0.776519218380932,0.284571612626154,0,0.679568391668456,0.674683272493021,0,0.879482499463174,0.635441271204638,0,0.691324887266481,0.983143654713335,0,0,0.869980674253811,0.802931071505261,0,0.962744255958772,0.435956624436332,0,0,0,0.689445995275929,0.831704960274855,0,0.971655572256818,0,0,0
PIK3AP1,0,0.288973588146876,0.501717844105647,0,0.535054756280868,0.47718488297187,0,0.333422804380502,0.498013742752845,0,0.473158685849259,0.726594374060554,0,0,0.282316942237492,0.248604251664161,0,0.630234056259394,0.413893064204423,0,0,0,0.303951041442989,0.485076229332188,0,0.879375134206571,0,0,0
AOAH,0,0.272009877603607,0.354466394674683,0,0.329933433540906,0.482875241571827,0,0.247745329611338,0.469400901868155,0,0.117081812325531,0.920442344857204,0,0,0.13876959415933,0.157075370410135,0,0.71848829718703,0.231586858492592,0,0,0,0.25907236418295,0.572525230835302,0,0.953188748121108,0,0,0
PDRG1,0,0.466555722568177,0.482177367403908,0,0.386139145372557,0.487760360747262,0,0.665127764655358,0.291013528022332,0,0.987652995490659,0.555990981318445,0,0,0.78081382864505,0.831275499248443,0,0.655303843676186,0.183165127764655,0,0,0,0.850171784410565,0.134099205497101,0,0.326605110586214,0,0,0
IL17RA,0,0.982445780545416,0.941378569894782,0,0.951900365041872,0.713120034356882,0,0.929246295898647,0.648271419368692,0,0.663893064204423,0.499087395318875,0,0,0.943257461885334,0.811090831007086,0,0.874865793429246,0.986847756066137,0,0,0,0.678655786987331,0.697444706892849,0,0.38189821773674,0,0,0
CKAP4,0,0.742484432037793,0.935741893923126,0,0.408310070861069,0.414215159974232,0,0.803145802018467,0.362572471548207,0,0.2210113807172,0.863860854627443,0,0,0.844964569465321,0.75687137642259,0,0.953671891775821,0.874704745544342,0,0,0,0.785376852050676,0.438426025338201,0,0.989692935366116,0,0,0
TSNAXIP1,0,0.361498818982177,0.0866974447068928,0,0.764923770667812,0.807547777539188,0,0.624543697659437,0.855271634099205,0,0.959362250375778,0.935097702383509,0,0,0.683916684560876,0.70399398754563,0,0.592656216448357,0.0626476272278291,0,0,0,0.681071505260898,0.696639467468327,0,0.68080309211939,0,0,0
CD37,0,0.436386085462744,0.0811681339918402,0,0.669046596521366,0.759340777324458,0,0.305776250805239,0.631790852480137,0,0.542999785269487,0.868370195404767,0,0,0.237008803951041,0.270130985613056,0,0.45506764011166,0.0382220313506549,0,0,0,0.401223963925274,0.620141722138716,0,0.926937942881684,0,0,0
GATA3,0,0.754455658149023,0.838683701954048,0,0.506334550139575,0.696693150096629,0,0.674683272493021,0.68912389950612,0,0.0548636461241142,0.582456517071076,0,0,0.58551642688426,0.719830362894567,0,0.768896285162121,0.833422804380502,0,0,0,0.802233197337342,0.743772815117028,0,0.418885548636461,0,0,0
EIF1,0,0.886031780115955,0.871913248872665,0,0.626154176508482,0.717897788275714,0,0.892688426025338,0.471440841743612,0,0.958395963066352,0.933004079879751,0,0,0.887266480566889,0.948303628945673,0,0.946102641185312,0.727560661369981,0,0,0,0.966716770453081,0.506710328537685,0,0.885065492806528,0,0,0
FAM162A,0,0.896070431608332,0.0204530813828645,0,0.798099634958128,0.909007945028989,0,0.87572471548207,0.893869443847971,0,0.977131200343569,0.948249946317372,0,0,0.739531887481211,0.75107365256603,0,0.856935795576551,0.0586751127335194,0,0,0,0.613699806742538,0.936386085462744,0,0.482660511058621,0,0,0
SPI1,0,0.745329611337771,0.812969722997638,0,0.516534249516856,0.506925059050891,0,0.763742752845179,0.570807386729654,0,0.711080094481426,0.414590938372343,0,0,0.798743826497745,0.766856345286665,0,0.691110156753275,0.760736525660296,0,0,0,0.729815331758643,0.469347219239854,0,0.280491732875242,0,0,0
GIMAP8,0,0.192720635602319,0.265997423233842,0,0.329987116169208,0.517339488941379,0,0.340992054971011,0.451792999785269,0,0.559319304273137,0.864773459308568,0,0,0.388125402619712,0.369229117457591,0,0.65326390380073,0.202222460811681,0,0,0,0.427045308138286,0.352641185312433,0,0.954906592226755,0,0,0
C1QTNF1,0,0.942613270345716,0.776250805239424,0,0.516373201631952,0.676615847111875,0,0.894674683272493,0.548475413356238,0,0.858761004938802,0.308943525875027,0,0,0.941271204638179,0.948249946317372,0,0.85795576551428,0.960919046596521,0,0,0,0.971279793858707,0.740068713764226,0,0.131361391453726,0,0,0
ANKRD22,0,0.971762937513421,0.277592870946962,0,0.998980030062272,0.79638179085248,0,0.979278505475628,0.543805024694009,0,0.620410135280223,0.881629804595233,0,0,0.958449645694653,0.841689929138931,0,0.9782585355379,0.96558943525875,0,0,0,0.443096414000429,0.712744255958772,0,0.939284947391024,0,0,0
MRGPRF,0,0.89639252737814,0.965804165771956,0,0.521902512347004,0.383884474983895,0,0.981479493235989,0.311090831007086,0,0.111713549495383,0.26556796220743,0,0,0.962958986471978,0.954155035430535,0,0.981694223749195,0.987545630234056,0,0,0,0.760307064633884,0.048153317586429,0,0.88624651062916,0,0,0
NCKAP1L,0,0.469669315009663,0.435956624436332,0,0.342924629589865,0.369819626368907,0,0.482177367403908,0.413087824779901,0,0.391453725574404,0.531672750697874,0,0,0.418939231264763,0.335301696371054,0,0.641024264547992,0.264655357526304,0,0,0,0.312271848829719,0.381415074082027,0,0.849742323384153,0,0,0
CAST,0,0.92897788275714,0.473158685849259,0,0.781189607043161,0.805293107150526,0,0.869604895855701,0.639896929353661,0,0.877657290100923,0.566512776465536,0,0,0.860800944814258,0.737706678118961,0,0.843729869014387,0.779901223963925,0,0,0,0.651385011810178,0.87137642258965,0,0.749194760575478,0,0,0
ENTPD7,0,0.987921408632167,0.966018896285162,0,0.956678118960704,0.960167489800301,0,0.966340992054971,0.82537041013528,0,0.694975305990981,0.899935580846038,0,0,0.961616920764441,0.973427098990767,0,0.952222460811681,0.979171140219025,0,0,0,0.98512991196049,0.97863431393601,0,0.15616276572901,0,0,0
CNRIP1,0,0.634636031780116,0.964354734807816,0,0.241088683701954,0.17790423019111,0,0.628784625295254,0.291013528022332,0,0.210435902941808,0.256602963281082,0,0,0.646983036289457,0.774103500107365,0,0.707698088898432,0.752630448786773,0,0,0,0.883401331329182,0.134313936010307,0,0.727560661369981,0,0,0
GPSM3,0,0.82102211724286,0.0595340347863431,0,0.890809534034786,0.907075370410135,0,0.934131415074082,0.946532102211724,0,0.927689499677904,0.846038222031351,0,0,0.923985398325102,0.923394889413786,0,0.906216448357312,0.838522654069143,0,0,0,0.803467897788276,0.737169851835946,0,0.609190465965214,0,0,0
STAB1,0,0.962422160188963,0.967629375134207,0,0.676401116598669,0.69819626368907,0,0.905572256817694,0.691056474124973,0,0.237008803951041,0.289295683916685,0,0,0.898808245651707,0.94782048529096,0,0.860586214301052,0.917811896070432,0,0,0,0.97353446424737,0.772439338630019,0,0.26921838093193,0,0,0
LZTS1,0,0.706409705819197,0.979278505475628,0,0.388823276787632,0.359512561735023,0,0.783390594803522,0.368960704316083,0,0.515299549065922,0.230674253811467,0,0,0.799334335409062,0.873470045093408,0,0.795469186171355,0.907826927206356,0,0,0,0.907987975091261,0.13152243933863,0,0.430749409491089,0,0,0
HVCN1,0,0.539027270775177,0.425703242430749,0,0.402297616491303,0.45689284947391,0,0.677098990766588,0.400257676615847,0,0.515245866437621,0.912389950611982,0,0,0.602480137427528,0.648056688855486,0,0.873416362465106,0.169905518574189,0,0,0,0.606667382435044,0.329235559372987,0,0.986310929783122,0,0,0
DYRK3,0,0.809963495812755,0.186976594374061,0,0.955389735881469,0.837878462529525,0,0.771902512347004,0.61665235129912,0,0.496671677045308,0.895318874812111,0,0,0.790369336482714,0.653908095340348,0,0.730244792785055,0.360371483787846,0,0,0,0.528720206141293,0.558889843246725,0,0.798690143869444,0,0,0
NLRP12,0,0.810124543697659,0.944062701309856,0,0.385333905948035,0.414322525230835,0,0.800032209576981,0.599420227614344,0,0.216233626798368,0.146875671032854,0,0,0.806581490229762,0.851943311144514,0,0.740015031135924,0.876905733304703,0,0,0,0.900042946102641,0.57499463173717,0,0.434292462958986,0,0,0
DPT,0,0.752147305132059,0.938103929568392,0,0.374543697659437,0.340455228687997,0,0.797670173931716,0.379482499463174,0,0.26121966931501,0.409598453940305,0,0,0.741786557869873,0.676186386085463,0,0.871269057333047,0.936117672321237,0,0,0,0.54783122181662,0.362572471548207,0,0.844051964784196,0,0,0
PTK6,0,0.625402619712261,0.178172643332618,0,0.724071290530384,0.914805668885549,0,0.404552286879966,0.977345930856775,0,0.845716126261542,0.888823276787632,0,0,0.412819411638394,0.504777753918832,0,0.356023190895426,0.130717199914108,0,0,0,0.642956839166846,0.90326390380073,0,0.47573545200773,0,0,0
GPR153,0,0.789993558084604,0.873792140863217,0,0.760414429890487,0.522546703886622,0,0.647144084174361,0.597326605110586,0,0.689553360532532,0.371054326819841,0,0,0.649720850332832,0.640487438264977,0,0.509823920979171,0.832832295469186,0,0,0,0.692720635602319,0.553951041442989,0,0.31667382435044,0,0,0
PITPNM1,0,0.914000429461026,0.0026304487867726,0,0.9927528451793,0.98657934292463,0,0.788329396607258,0.977614343998282,0,0.856184238780331,0.95979171140219,0,0,0.772761434399828,0.630985613055615,0,0.593622503757784,0.466072578913464,0,0,0,0.330255529310715,0.957751771526734,0,0.0337663732016319,0,0,0
COL15A1,0,0.745705389735882,0.967199914107795,0,0.372289027270775,0.00660296328108224,0,0.902458664376208,0.291013528022332,0,0.240283444277432,0.124543697659437,0,0,0.906001717844106,0.850654928065278,0,0.900418724500752,0.948840455228688,0,0,0,0.743235988834013,0.0813291818767447,0,0.822901009233412,0,0,0
ZMIZ1,0,0.993235988834013,0.0299549065922268,0,0.964945243719132,0.997960060124544,0,0.975091260468113,0.987116169207644,0,0.865525016104788,0.750322095769809,0,0,0.992216018896285,0.970152458664376,0,0.890057977238566,0.947659437406055,0,0,0,0.936332402834443,0.990337126905733,0,0.0149237706678119,0,0,0
PLA2G5,0,0.621269057333047,0.565922267554219,0,0.915342495168563,0.641775821344213,0,0.828215589435259,0.695673180158901,0,0.0856237921408632,0.461187459738029,0,0,0.659168992913893,0.781404337556367,0,0.771580416577196,0.911208932789349,0,0,0,0.566405411208933,0.628838307923556,0,0.309211939016534,0,0,0
IL2RA,0,0.0123470045093408,0.101030706463388,0,0.480459523298261,0.603231694223749,0,0.550944814258106,0.360371483787846,0,0.616598668670818,0.95614129267769,0,0,0.497852694867941,0.473963925273781,0,0.830040798797509,0.0403693364827142,0,0,0,0.437942881683487,0.468810392956839,0,0.991410779471763,0,0,0
MRPL12,0,0.982553145802018,0.0554004724071291,0,0.997906377496242,0.928011595447713,0,0.975037577839811,0.999141077947176,0,0.93622503757784,0.820270560446639,0,0,0.971440841743612,0.967092548851192,0,0.831919690788061,0.639199055185742,0,0,0,0.95216877818338,0.981372127979386,0,0.0192720635602319,0,0,0
CIITA,0,0.692881683487224,0.0632918187674469,0,0.883293966072579,0.881307708825424,0,0.545737599312862,0.854949538329397,0,0.52426454799227,0.988458234915181,0,0,0.401277646553575,0.548636461241142,0,0.696854197981533,0.0221709254885119,0,0,0,0.572203135065493,0.869980674253811,0,0.748013742752845,0,0,0
SIRT5,0,0.656860639896929,0.305722568176938,0,0.48223105003221,0.590723641829504,0,0.765997423233842,0.646821988404552,0,0.556205711831651,0.370732231050032,0,0,0.773996134850762,0.825638823276788,0,0.695028988619283,0.373738458234915,0,0,0,0.874597380287739,0.691861713549495,0,0.355056903586,0,0,0
ARHGAP27,0,0.560231908954262,0.280277002362036,0,0.513742752845179,0.713871591153103,0,0.590723641829504,0.863377710972729,0,0.50472407129053,0.781243289671462,0,0,0.409866867081812,0.477238565600172,0,0.726057547777539,0.269325746188533,0,0,0,0.413570968434615,0.789832510199699,0,0.789725144943096,0,0,0
MARK2,0,0.952598239209792,0.33041657719562,0,0.882005582993343,0.952812969722998,0,0.909330040798798,0.963656860639897,0,0.630180373631093,0.862518788919906,0,0,0.875885763366974,0.910081597595018,0,0.949108868370195,0.961455872879536,0,0,0,0.870410135280223,0.91813399184024,0,0.332724930212583,0,0,0
RARRES2,0,0.865256602963281,0.552662658363754,0,0.495007515567962,0.795683916684561,0,0.932789349366545,0.965482070002147,0,0.498228473266051,0.670818123255315,0,0,0.947498389521151,0.900472407129053,0,0.962905303843676,0.929138930642044,0,0,0,0.754831436547133,0.702598239209792,0,0.867833369121752,0,0,0
VPS72,0,0.534034786343139,0.238565600171784,0,0.832993343354091,0.908256388232768,0,0.818552716340992,0.559211939016534,0,0.78081382864505,0.8767983680481,0,0,0.869658578484003,0.907021687781834,0,0.791872450075156,0.226701739317157,0,0,0,0.91051105862143,0.692935366115525,0,0.343246725359674,0,0,0
WDFY1,0,0.953296113377711,0.119336482714194,0,0.981479493235989,0.902941808030921,0,0.962583208073867,0.951792999785269,0,0.84818552716341,0.691056474124973,0,0,0.941969078806098,0.895802018466824,0,0.888876959415933,0.839166845608761,0,0,0,0.572203135065493,0.937942881683487,0,0.148647197766803,0,0,0
HEG1,0,0.997745329611338,0.999302125832081,0,0.833637534893708,0.51594374060554,0,0.999248443203779,0.539027270775177,0,0.650311359244149,0.733036289456732,0,0,0.99855056903586,0.998496886407559,0,0.999677904230191,0.999355808460382,0,0,0,0.987814043375564,0.330362894567318,0,0.986633025552931,0,0,0
CNIH4,0,0.309802447927851,0.0473480781619068,0,0.510038651492377,0.714462100064419,0,0.598937083959631,0.552340562593945,0,0.758052394245222,0.779418080309212,0,0,0.643923126476272,0.725037577839811,0,0.497906377496242,0.21193901653425,0,0,0,0.767607902082886,0.830953403478634,0,0.0650633455013958,0,0,0
MFRP,0,0.968434614558729,0.926132703457161,0,0.804112089327893,0.627872020614129,0,0.923770667811896,0.677957912819412,0,0.896714623147949,0.492108653639682,0,0,0.957805454155035,0.888554863646124,0,0.876744685419798,0.957375993128624,0,0,0,0.879321451578269,0.734324672535967,0,0.438372342709899,0,0,0
ESYT1,0,0.637051750053683,0.0238350869658578,0,0.875456302340563,0.553306849903371,0,0.74382649774533,0.678280008589221,0,0.715750483143655,0.983412067854842,0,0,0.829665020399399,0.762722782907451,0,0.835409061627657,0.0471870302770024,0,0,0,0.766748980030062,0.8767983680481,0,0.805024694009019,0,0,0
RASA3,0,0.98657934292463,0.99382649774533,0,0.816029632810822,0.426240068713764,0,0.976272278290745,0.476755421945458,0,0.32537041013528,0.613592441485935,0,0,0.982553145802018,0.954906592226755,0,0.983197337341636,0.9927528451793,0,0,0,0.90363968219884,0.114612411423663,0,0.951256173502255,0,0,0
LCP2,0,0.438372342709899,0.83551642688426,0,0.241088683701954,0.216179944170067,0,0.442130126691003,0.291013528022332,0,0.441646983036289,0.514601674898003,0,0,0.480030062271849,0.585999570538974,0,0.593300407987975,0.299978526948679,0,0,0,0.731962636890702,0.0815439123899506,0,0.869980674253811,0,0,0
RIPK3,0,0.569411638393816,0.00917972943955336,0,0.962475842817264,0.977292248228473,0,0.490551857418939,0.899130341421516,0,0.519272063560232,0.822149452437191,0,0,0.353500107365257,0.377764655357526,0,0.2355056903586,0.195190036504187,0,0,0,0.330255529310715,0.969991410779472,0,0.132220313506549,0,0,0
CCR4,0,0.735827786128409,0.286128408846897,0,0.796220742967576,0.679622074296758,0,0.737491947605755,0.785698947820485,0,0.468703027700236,0.680910457375993,0,0,0.646446210006442,0.485290959845394,0,0.805883616061842,0.409007945028989,0,0,0,0.236847756066137,0.598937083959631,0,0.947391024264548,0,0,0
ETV6,0,0.85940519647842,0.750053682628302,0,0.825155679622074,0.788812540261971,0,0.738619282800086,0.720581919690788,0,0.382112948249946,0.763152243933863,0,0,0.700987760360747,0.77791496671677,0,0.767446854197982,0.849581275499248,0,0,0,0.864290315653854,0.888554863646124,0,0.241571827356667,0,0,0
COX5A,0,0.820377925703242,0.0391346360317801,0,0.738887695941593,0.534303199484647,0,0.823062057118316,0.995007515567962,0,0.979976379643547,0.946693150096629,0,0,0.77426454799227,0.857848400257677,0,0.74710113807172,0.362035645265192,0,0,0,0.821129482499463,0.77319089542624,0,0.0768735237277217,0,0,0
HDDC3,0,0.95071934721924,0.554434185097702,0,0.790906162765729,0.64274210865364,0,0.956302340562594,0.823008374490015,0,0.854251664161477,0.630878247799012,0,0,0.961187459738029,0.961616920764441,0,0.839274210865364,0.77426454799227,0,0,0,0.899237706678119,0.481211080094481,0,0.142903156538544,0,0,0
PAPPA,0,0.878408846897144,0.994685419798153,0,0.279632810822418,0.103500107365257,0,0.826605110586214,0.291013528022332,0,0.768788919905519,0.0816512776465536,0,0,0.855003220957698,0.922643332617565,0,0.827410350010736,0.93187674468542,0,0,0,0.964193686922912,0.173287524157183,0,0.29455658149023,0,0,0
SMAP2,0,0.529042301911102,0.483197337341636,0,0.673394889413786,0.530921193901653,0,0.578645050461671,0.405142795791282,0,0.402458664376208,0.881683487223535,0,0,0.780867511273352,0.370249087395319,0,0.820377925703242,0.723266051105862,0,0,0,0.314419153961778,0.457483358385227,0,0.965321022117243,0,0,0
TAGAP,0,0.448840455228688,0.291389306420442,0,0.615686063989693,0.791818767446854,0,0.496832724930213,0.866544986042517,0,0.0946424736955121,0.863270345716126,0,0,0.355915825638823,0.361659866867082,0,0.780760146016749,0.629643547348078,0,0,0,0.190358599957054,0.775982392097917,0,0.835301696371054,0,0,0
IFNAR2,0,0.921677045308138,0.483895211509556,0,0.929138930642044,0.921838093193043,0,0.942183809319304,0.935580846038222,0,0.378730942666953,0.903156538544127,0,0,0.905733304702598,0.866383938157612,0,0.963334764870088,0.924683272493021,0,0,0,0.667436117672321,0.77136568606399,0,0.973266051105862,0,0,0
INO80C,0,0.992806527807601,0.827141936869229,0,0.895157826927206,0.753650418724501,0,0.988995061198196,0.574457805454155,0,0.711348507622933,0.906055400472407,0,0,0.991840240498175,0.976862787202061,0,0.99382649774533,0.970581919690788,0,0,0,0.963388447498389,0.826766158471119,0,0.854520077302985,0,0,0
CDC42BPG,0,0.955658149022976,0.00289886192828001,0,0.944384797079665,0.99565170710758,0,0.942130126691003,0.964515782692721,0,0.878516212153747,0.954316083315439,0,0,0.933487223534464,0.959308567747477,0,0.847219239853983,0.0346252952544557,0,0,0,0.976755421945459,0.998818982177367,0,0.106130556152029,0,0,0
WDSUB1,0,0.810983465750483,0.438426025338201,0,0.582188103929568,0.674790637749624,0,0.835784840025768,0.537363109297831,0,0.820109512561735,0.33041657719562,0,0,0.746134850762293,0.776411853124329,0,0.773459308567747,0.944760575477775,0,0,0,0.651385011810178,0.635172858063131,0,0.326766158471119,0,0,0
GMNN,0,0.96848829718703,0.755744041228259,0,0.917006656645909,0.861928280008589,0,0.941378569894782,0.892903156538544,0,0.343085677474769,0.736096199269916,0,0,0.928011595447713,0.831007086106936,0,0.949699377281512,0.963227399613485,0,0,0,0.642956839166846,0.949216233626798,0,0.754240927635817,0,0,0
RHOH,0,0.233787846252953,0.616920764440627,0,0.312593944599528,0.379965643117887,0,0.377066781189607,0.460650633455014,0,0.230835301696371,0.997262185956624,0,0,0.174575907236418,0.249302125832081,0,0.958288597809749,0.390111659866867,0,0,0,0.277056044663947,0.346950826712476,0,0.999946317371698,0,0,0
TNFSF11,0,0.69347219239854,0.575960919046597,0,0.331275499248443,0.324350440197552,0,0.842548851191754,0.291013528022332,0,0.721709254885119,0.681286235774104,0,0,0.865149237706678,0.744846467683058,0,0.935097702383509,0.867940734378355,0,0,0,0.533605325316728,0.18660081597595,0,0.91630878247799,0,0,0
IER3,0,0.962368477560661,0.0879858277861284,0,0.858975735452008,0.876852050676401,0,0.989907665879321,0.988995061198196,0,0.989746617994417,0.996242216018896,0,0,0.991786557869873,0.99747691646983,0,0.996617994417007,0.395587287953618,0,0,0,0.994255958771741,0.901492377066781,0,0.708073867296543,0,0,0
FAM20C,0,0.637266480566889,0.87245007515568,0,0.387642258964999,0.306259394459953,0,0.789671462314795,0.328054541550354,0,0.295147090401546,0.142473695512132,0,0,0.752630448786773,0.774532961133777,0,0.786289456731802,0.917597165557226,0,0,0,0.673502254670389,0.0783229546918617,0,0.579503972514494,0,0,0
GPA33,0,0.43080309211939,0.0175542194545845,0,0.85070861069358,0.836804809963496,0,0.27646553575263,0.605003220957698,0,0.297187030277002,0.576121966931501,0,0,0.3623040584067,0.204638179085248,0,0.0332832295469186,0.271204638179085,0,0,0,0.320538973588147,0.934024049817479,0,0.0406377496242216,0,0,0
TOR3A,0,0.48802877388877,0.886407558514065,0,0.4094374060554,0.547348078161907,0,0.600654928065278,0.541711402190251,0,0.55760146016749,0.789242001288383,0,0,0.558567747476917,0.676132703457161,0,0.825101996993773,0.779418080309212,0,0,0,0.788597809748765,0.531619068069573,0,0.870571183165128,0,0,0
DLC1,0,0.97063560231909,0.990068713764226,0,0.744524371913249,0.305722568176938,0,0.982177367403908,0.358116813399184,0,0.101674898003006,0.237169851835946,0,0,0.974017607902083,0.919583422804381,0,0.982499463173717,0.995544341850977,0,0,0,0.714784195834228,0.0960382220313507,0,0.940304917328752,0,0,0
DCXR,0,0.959040154605969,0.115041872450075,0,0.9782585355379,0.935312432896715,0,0.867887051750054,0.985237277217093,0,0.463442130126691,0.78516212153747,0,0,0.86267983680481,0.845018252093622,0,0.748496886407559,0.540530384367619,0,0,0,0.845071934721924,0.898164054112089,0,0.267446854197982,0,0,0
MCTP1,0,0.267446854197982,0.271258320807387,0,0.241088683701954,0.219776680266266,0,0.300085892205282,0.291013528022332,0,0.588630019325746,0.858653639682199,0,0,0.253650418724501,0.302233197337342,0,0.683165127764655,0.0332832295469186,0,0,0,0.433433540906163,0.300193257461885,0,0.947444706892849,0,0,0
CAMK2A,0,0.803843676186386,0.925703242430749,0,0.497208503328323,0.475574404122826,0,0.774157182735667,0.5905625939446,0,0.402297616491303,0.23657934292463,0,0,0.755529310715053,0.779632810822418,0,0.74892634743397,0.912282585355379,0,0,0,0.802233197337342,0.593944599527593,0,0.410725789134636,0,0,0
TPM1,0,0.97283659007945,0.637105432681984,0,0.893654713334765,0.920388662228903,0,0.958395963066352,0.946693150096629,0,0.441432252523084,0.496940090186816,0,0,0.956248657934292,0.955389735881469,0,0.872020614129268,0.89419153961778,0,0,0,0.920442344857204,0.881254026197123,0,0.122342709899077,0,0,0
TRAF4,0,0.915771956194975,0.270721494524372,0,0.888286450504617,0.929783122181662,0,0.944116383938158,0.924146446210006,0,0.95544341850977,0.939284947391024,0,0,0.952920334979601,0.974554434185098,0,0.937083959630663,0.342119390165342,0,0,0,0.980030062271849,0.873362679836805,0,0.737760360747262,0,0,0
ASPSCR1,0,0.934346145587288,0.241732875241572,0,0.93767446854198,0.966233626798368,0,0.93370195404767,0.993933863001933,0,0.808675112733519,0.753865149237707,0,0,0.881415074082027,0.906968005153532,0,0.770453081382865,0.854251664161477,0,0,0,0.75107365256603,0.919476057547778,0,0.018949967790423,0,0,0
SNHG1,0,0.186493450719347,0.0997960060124544,0,0.241088683701954,0.356291604036934,0,0.282477990122396,0.291013528022332,0,0.888930642044234,0.760199699377281,0,0,0.386675971655572,0.469991410779472,0,0.494094910886837,0.0269486794073438,0,0,0,0.594374060554005,0.0711831651277647,0,0.678763152243934,0,0,0
TMEM97,0,0.711509555507838,0.355110586214301,0,0.591958342280438,0.62389950611982,0,0.827302984754134,0.509984968864076,0,0.892581060768735,0.774532961133777,0,0,0.777485505690359,0.908041657719562,0,0.84346145587288,0.739317156968005,0,0,0,0.903049173287524,0.514011165986687,0,0.184829289242001,0,0,0
SNAI1,0,0.783551642688426,0.761917543482929,0,0.959254885119175,0.758213442130127,0,0.965321022117243,0.774479278505476,0,0.51487008803951,0.523137212797939,0,0,0.92462958986472,0.965159974232338,0,0.90074082027056,0.9057869873309,0,0,0,0.907773244578055,0.711724286021044,0,0.150096628730943,0,0,0
SPON2,0,0.821236847756066,0.830899720850333,0,0.79203349796006,0.755207214945244,0,0.922643332617565,0.728312218166201,0,0.838683701954048,0.899345071934722,0,0,0.889896929353661,0.904820700021473,0,0.97138715911531,0.958557010951256,0,0,0,0.801642688426025,0.633616061842388,0,0.918348722353446,0,0,0
PDLIM5,0,0.947605754777754,0.830416577195619,0,0.898808245651707,0.729922697015246,0,0.942828000858922,0.620839596306635,0,0.556581490229762,0.371108009448143,0,0,0.906377496242216,0.898378784625295,0,0.925059050891132,0.979224822847327,0,0,0,0.744631737169852,0.541013528022332,0,0.670334979600601,0,0,0
SLC35D1,0,0.769325746188533,0.886998067425381,0,0.635602319089543,0.628194116383938,0,0.7717414644621,0.595501395748336,0,0.397949323598883,0.329557655142796,0,0,0.657826927206356,0.838683701954048,0,0.691432252523083,0.870356452651922,0,0,0,0.860371483787846,0.601191754348293,0,0.345823491518145,0,0,0
NEK6,0,0.99962422160189,0.99167919261327,0,0.944814258106077,0.801911101567533,0,0.99892634743397,0.727453296113378,0,0.72573545200773,0.903854412712046,0,0,0.999677904230191,0.999302125832081,0,0.996886407558514,0.984163624651063,0,0,0,0.99855056903586,0.784678977882757,0,0.712475842817264,0,0,0
ITGA1,0,0.638125402619712,0.751717844105647,0,0.579074511488082,0.648700880395104,0,0.706463388447498,0.701202490873953,0,0.0519111015675327,0.330899720850333,0,0,0.622879536182091,0.704262400687138,0,0.66340992054971,0.864290315653854,0,0,0,0.609190465965214,0.68042731372128,0,0.23588146875671,0,0,0
ACBD6,0,0.841743611767232,0.577839811037148,0,0.775875026841314,0.629106721065063,0,0.781243289671462,0.67065707537041,0,0.751986257247155,0.898593515138501,0,0,0.906592226755422,0.689338630019326,0,0.882059265621645,0.566244363324028,0,0,0,0.624919476057548,0.424844320377926,0,0.965106291604037,0,0,0
SLC9A9,0,0.273298260682843,0.810661369980674,0,0.290369336482714,0.179622074296758,0,0.460596950826712,0.291013528022332,0,0.0741893923126476,0.67607902082886,0,0,0.403049173287524,0.299441700665665,0,0.72788275713979,0.782316942237492,0,0,0,0.190358599957054,0.129321451578269,0,0.913893064204423,0,0,0
SNAPIN,0,0.710006441915396,0.0128838307923556,0,0.849903371269057,0.873470045093408,0,0.832188103929568,0.821666308782478,0,0.909168992913893,0.92683057762508,0,0,0.903424951685635,0.787899935580846,0,0.837126905733305,0.163732016319519,0,0,0,0.583100708610694,0.772654069143225,0,0.323115739746618,0,0,0
AGPAT9,0,0.570485290959845,0.945995275928709,0,0.241088683701954,0.145104144298905,0,0.550085892205282,0.291013528022332,0,0.386300193257462,0.0946424736955121,0,0,0.566083315439124,0.688103929568392,0,0.570753704101353,0.743450719347219,0,0,0,0.819411638393816,0.171623362679837,0,0.454906592226755,0,0,0
PXN,0,0.973802877388877,0.849688640755851,0,0.875832080738673,0.796489156109083,0,0.979439553360533,0.819465321022117,0,0.967468327249302,0.906645909383723,0,0,0.988941378569895,0.991249731586858,0,0.969454584496457,0.911745759072364,0,0,0,0.989317156968005,0.854144298904874,0,0.228580631307709,0,0,0
ZNF517,0,0.307333047025982,0.267071075799871,0,0.241088683701954,0.311305561520292,0,0.176991625509985,0.291013528022332,0,0.716394674683272,0.785269486794073,0,0,0.301374275284518,0.368048099634958,0,0.356291604036934,0.0258750268413141,0,0,0,0.496779042301911,0.00842817264333262,0,0.836429031565385,0,0,0
LAT2,0,0.6485398325102,0.356560017178441,0,0.525123470045093,0.647144084174361,0,0.547509126046811,0.713978956409706,0,0.608761004938802,0.930588361606184,0,0,0.564097058191969,0.579074511488082,0,0.70689284947391,0.168724500751557,0,0,0,0.608385226540691,0.48115739746618,0,0.897197766802663,0,0,0
LPAR5,0,0.656968005153532,0.148593515138501,0,0.928387373845823,0.975252308353017,0,0.605164268842603,0.782639038007301,0,0.562916040369337,0.873094266695297,0,0,0.661906806957269,0.651975520721495,0,0.592924629589865,0.421623362679837,0,0,0,0.726272278290745,0.972299763796435,0,0.172589649989263,0,0,0
OLFML3,0,0.833583852265407,0.958825424092764,0,0.596682413570968,0.381790852480137,0,0.902727077517715,0.463603178011595,0,0.22246081168134,0.60833154391239,0,0,0.91775821344213,0.846252952544557,0,0.941969078806098,0.950665664590938,0,0,0,0.733251019969938,0.323223105003221,0,0.897036718917758,0,0,0
FAM129B,0,0.999570538973588,0.999838952115096,0,0.744470689284947,0.348131844535108,0,0.998282155894353,0.535967360961993,0,0.921569680051535,0.714891561090831,0,0,0.999570538973588,0.998443203779257,0,0.999355808460382,0.999033712690573,0,0,0,0.997369551213227,0.484539403049173,0,0.928226325960919,0,0,0
IL2RG,0,0.533497960060125,0.881951900365042,0,0.429568391668456,0.272546703886622,0,0.577034571612626,0.304595232982607,0,0.265299549065922,0.613538758857634,0,0,0.534840025767662,0.49565170710758,0,0.769111015675327,0.783766373201632,0,0,0,0.528720206141293,0.130878247799012,0,0.874758428172643,0,0,0
ENG,0,0.878086751127335,0.984485720420872,0,0.351513850118102,0.429568391668456,0,0.92897788275714,0.399398754563023,0,0.317425381146661,0.483895211509556,0,0,0.922535967360962,0.97933218810393,0,0.938157612196693,0.90363968219884,0,0,0,0.982338415288812,0.0640433755636676,0,0.573813613914537,0,0,0
SPTBN1,0,0.997208503328323,0.518305776250805,0,0.993933863001933,0.976487008803951,0,0.995705389735882,0.748121108009448,0,0.866222890272708,0.944760575477775,0,0,0.99420227614344,0.989156109083101,0,0.990659222675542,0.825638823276788,0,0,0,0.988082456517071,0.903747047455443,0,0.914698303628946,0,0,0
FCGR3A,0,0.00477775391883187,0.0618423878033069,0,0.241088683701954,0.322739961348508,0,0.115095555078377,0.291013528022332,0,0.905518574189392,0.965052608975735,0,0,0.240766587932145,0.284034786343139,0,0.659974232338415,0.00767661584711187,0,0,0,0.415181447283659,0.0110049388018037,0,0.992484432037793,0,0,0
SYNJ2,0,0.98443203779257,0.993772815117028,0,0.647519862572472,0.376529954906592,0,0.994953832939661,0.797723856560017,0,0.595018252093622,0.324189392312648,0,0,0.984217307279364,0.987277217092549,0,0.98733089972085,0.995812754992484,0,0,0,0.942989048743826,0.649452437191325,0,0.564043375563668,0,0,0
RBM25,0,0.38297187030277,0.253865149237707,0,0.588576336697445,0.425595877174146,0,0.731372127979386,0.676508481855272,0,0.937459738028774,0.74167919261327,0,0,0.766910027914967,0.622181662014172,0,0.704477131200344,0.346897144084174,0,0,0,0.44637105432682,0.595877174146446,0,0.586482714193687,0,0,0
C20orf196,0,0.906860639896929,0.218971440841744,0,0.981318445351084,0.812593944599528,0,0.857311573974662,0.684131415074082,0,0.946693150096629,0.980727936439768,0,0,0.869121752200988,0.676669529740176,0,0.951739317156968,0.712153747047455,0,0,0,0.534571612626154,0.76921838093193,0,0.973588146875671,0,0,0
ST3GAL2,0,0.93515138501181,0.898486149881898,0,0.63732016319519,0.6992699162551,0,0.931178870517501,0.675434829289242,0,0.944975305990981,0.937352372772171,0,0,0.952598239209792,0.947283659007945,0,0.96666308782478,0.695887910672107,0,0,0,0.958288597809749,0.55035430534679,0,0.94384797079665,0,0,0
BDKRB1,0,0.957805454155035,0.992162336267984,0,0.337556366759717,0.316190680695727,0,0.959093837234271,0.303306849903371,0,0.660618423878033,0.242162336267984,0,0,0.968756710328538,0.973158685849259,0,0.970420871805884,0.983412067854842,0,0,0,0.97208503328323,0.346038222031351,0,0.714891561090831,0,0,0
GNGT2,0,0.316136998067425,0.0320485290959845,0,0.801481640541121,0.973427098990767,0,0.682896714623148,0.945673180158901,0,0.881200343568821,0.992645479922697,0,0,0.675542194545845,0.632488726648057,0,0.858438909168993,0.0253382005582993,0,0,0,0.595340347863431,0.936869229117458,0,0.911423663302555,0,0,0
PTPRCAP,0,0.770614129267769,0.0785376852050676,0,0.989048743826498,0.989263474339704,0,0.916791926132703,0.801857418939231,0,0.756227184882972,0.875778398110372,0,0,0.873631092978312,0.866437620785914,0,0.788383079235559,0.76052179514709,0,0,0,0.671891775821344,0.907129053038437,0,0.20071934721924,0,0,0
LCMT1,0,0.708073867296543,0.215321022117243,0,0.846091904659652,0.865471333476487,0,0.685688211294825,0.579503972514494,0,0.77608975735452,0.83224178655787,0,0,0.554004724071291,0.703779257032424,0,0.754187245007516,0.842495168563453,0,0,0,0.743235988834013,0.849527592870947,0,0.151385011810178,0,0,0
ATP6V1A,0,0.514816405411209,0.6485398325102,0,0.564258106076874,0.304809963495813,0,0.497315868584926,0.368584925917973,0,0.170549710113807,0.82537041013528,0,0,0.681608331543912,0.511702812969723,0,0.71124114236633,0.197927850547563,0,0,0,0.65471333476487,0.333637534893708,0,0.903371269057333,0,0,0
TK2,0,0.672858063130771,0.835999570538974,0,0.4710113807172,0.448947820485291,0,0.763152243933863,0.291013528022332,0,0.749838952115096,0.880019325746189,0,0,0.747745329611338,0.867994417006657,0,0.880234056259394,0.181984109942023,0,0,0,0.941969078806098,0.312701309856131,0,0.962744255958772,0,0,0
SASH3,0,0.740337126905733,0.539832510199699,0,0.648754563023406,0.728097487652996,0,0.598400257676616,0.767124758428173,0,0.0999033712690573,0.853339059480352,0,0,0.522600386514924,0.379106721065063,0,0.781780115954477,0.838307923555937,0,0,0,0.384904444921623,0.804219454584497,0,0.830899720850333,0,0,0
KDM1A,0,0.830255529310715,0.879053038436762,0,0.63007300837449,0.0201309856130556,0,0.935205067640112,0.525660296328108,0,0.627442559587717,0.666094051964784,0,0,0.947229976379644,0.945404767017393,0,0.928870517500537,0.837180588361606,0,0,0,0.927689499677904,0.454208718058836,0,0.648164054112089,0,0,0
IFT81,0,0.597326605110586,0.900418724500752,0,0.783444277431823,0.491947605754778,0,0.971065063345501,0.479600601245437,0,0.173448572042087,0.706839166845609,0,0,0.967683057762508,0.937406055400472,0,0.98657934292463,0.98260682843032,0,0,0,0.740390809534035,0.340240498174791,0,0.950773029847541,0,0,0
RARG,0,0.970742967575693,0.636568606398969,0,0.918187674468542,0.648808245651707,0,0.949430964140004,0.88259609190466,0,0.975681769379429,0.896553575263045,0,0,0.935902941808031,0.912175220098776,0,0.934024049817479,0.688157612196693,0,0,0,0.842978312218166,0.665771956194975,0,0.89311788705175,0,0,0
LIMK1,0,0.98405625939446,0.992216018896285,0,0.653585999570539,0.705604466394675,0,0.969025123470045,0.736257247154821,0,0.803736310929783,0.711348507622933,0,0,0.959308567747477,0.980996349581275,0,0.960167489800301,0.938264977453296,0,0,0,0.992645479922697,0.776197122611123,0,0.813828645050462,0,0,0
ITGA4,0,0.169261327034572,0.371805883616062,0,0.241088683701954,0.103500107365257,0,0.214193686922912,0.291013528022332,0,0.23985398325102,0.690036504187245,0,0,0.142527378140434,0.161692076444063,0,0.601621215374705,0.132542409276358,0,0,0,0.265621644835731,0.300193257461885,0,0.956624436332403,0,0,0
BTK,0,0.655625939445995,0.205980244792785,0,0.7572471548207,0.332724930212583,0,0.833476487008804,0.291013528022332,0,0.834764870088039,0.795898647197767,0,0,0.817371698518359,0.564204423448572,0,0.88876959415933,0.267124758428173,0,0,0,0.190358599957054,0.493343354090616,0,0.903210221172429,0,0,0
TSEN54,0,0.654981747906378,0.226540691432253,0,0.764333261756496,0.885656001717844,0,0.672911745759072,0.888876959415933,0,0.830523942452222,0.458020184668241,0,0,0.675273781404338,0.756119819626369,0,0.322525230835302,0.339327893493665,0,0,0,0.721440841743612,0.855915825638823,0,0.0125617350225467,0,0,0
PDZD7,0,0.808728795361821,0.0520184668241357,0,0.868960704316083,0.964408417436118,0,0.874006871376423,0.929192613270346,0,0.8369658578484,0.890004294610264,0,0,0.875671032853769,0.859512561735023,0,0.800246940090187,0.704155035430535,0,0,0,0.796918617135495,0.916469830362895,0,0.155518574189392,0,0,0
SAT1,0,0.994900150311359,0.534625295254456,0,0.948840455228688,0.890165342495169,0,0.983626798368048,0.853714837878463,0,0.587556366759717,0.789403049173288,0,0,0.989692935366116,0.94889413785699,0,0.983841528881254,0.936654498604252,0,0,0,0.925273781404338,0.872181662014172,0,0.912282585355379,0,0,0
ECM1,0,0.872342709899077,0.422858063130771,0,0.959630663517286,0.855378999355808,0,0.839220528237063,0.857150526089757,0,0.655411208932789,0.592924629589865,0,0,0.819519003650419,0.732553145802018,0,0.650203993987546,0.825853553789994,0,0,0,0.571129482499463,0.864719776680266,0,0.1376959415933,0,0,0
PTK7,0,0.555132059265622,0.75289886192828,0,0.467146231479493,0.503704101352802,0,0.782692720635602,0.575853553789994,0,0.801266910027915,0.659115310285592,0,0,0.688479707966502,0.844427743182306,0,0.790154605969508,0.670334979600601,0,0,0,0.786611552501611,0.409007945028989,0,0.63914537255744,0,0,0
GLB1,0,0.882810822417866,0.532531672750698,0,0.94239853983251,0.940412282585355,0,0.836053253167275,0.871591153102856,0,0.275391883186601,0.939660725789135,0,0,0.895211509555508,0.767929997852695,0,0.964462100064419,0.83551642688426,0,0,0,0.805346789778828,0.858385226540691,0,0.993504401975521,0,0,0
CCNB1IP1,0,0.833959630663517,0.62282585355379,0,0.692774318230621,0.659491088683702,0,0.903585999570539,0.739102426454799,0,0.978526948679407,0.940304917328752,0,0,0.915288812540262,0.926240068713764,0,0.938426025338201,0.810822417865579,0,0,0,0.907075370410135,0.697337341636246,0,0.876046811251879,0,0,0
DNMBP,0,0.977721709254885,0.515782692720636,0,0.948679407343784,0.932467253596736,0,0.948786772600386,0.777753918831866,0,0.356774747691647,0.861874597380288,0,0,0.965374704745544,0.929299978526949,0,0.94239853983251,0.742430749409491,0,0,0,0.92462958986472,0.814633884474984,0,0.899828215589435,0,0,0
ELL2,0,0.681393601030706,0.758159759501825,0,0.652458664376208,0.730996349581275,0,0.605486364612411,0.391829503972514,0,0.640111659866867,0.706463388447498,0,0,0.576336697444707,0.681662014172214,0,0.671569680051535,0.806044663946747,0,0,0,0.808191969078806,0.710543268198411,0,0.271526733948894,0,0,0
DIDO1,0,0.40906162765729,0.136568606398969,0,0.74962422160189,0.568015890057977,0,0.806903585999571,0.565492806527808,0,0.931393601030706,0.921623362679837,0,0,0.868370195404767,0.753650418724501,0,0.785323169422375,0.188533390594804,0,0,0,0.496779042301911,0.108814687567103,0,0.719025123470045,0,0,0
ABL1,0,0.973641829503972,0.373308997208503,0,0.940143869443848,0.892634743397037,0,0.939607043160833,0.78006227184883,0,0.972621859566244,0.820324243074941,0,0,0.927474769164698,0.879965643117887,0,0.933379858277861,0.927152673394889,0,0,0,0.893601030706463,0.949967790423019,0,0.825853553789994,0,0,0
CD53,0,0.879589864719777,0.948357311573975,0,0.498013742752845,0.243289671462315,0,0.8659544771312,0.316512776465536,0,0.107150526089757,0.244953832939661,0,0,0.859834657504831,0.529525445565815,0,0.89311788705175,0.970957698088898,0,0,0,0.207859136783337,0.301481640541121,0,0.943525875026841,0,0,0
POP7,0,0.555722568176938,0.103661155250161,0,0.733841528881254,0.545844964569465,0,0.708234915181447,0.777324457805454,0,0.837717414644621,0.564687567103285,0,0,0.785430534678978,0.756388232767876,0,0.286021043590294,0.035001073652566,0,0,0,0.695404767017393,0.662121537470475,0,0.176240068713764,0,0,0
DSN1,0,0.840133132918188,0.764977453296113,0,0.639735881468757,0.770399398754563,0,0.86450504616706,0.80110586214301,0,0.945190036504187,0.859942022761434,0,0,0.772868799656431,0.857043160833154,0,0.900633455013958,0.735290959845394,0,0,0,0.865900794502899,0.733895211509556,0,0.656699592012025,0,0,0
WISP1,0,0.862465106291604,0.863162980459523,0,0.457698088898432,0.409652136568606,0,0.929461026411853,0.471065063345501,0,0.437513420657075,0.22680910457376,0,0,0.900633455013958,0.910564741249732,0,0.897895640970582,0.855217951470904,0,0,0,0.822471548207,0.460274855056904,0,0.668456087610049,0,0,0
TTC7A,0,0.995866437620786,0.814955980244793,0,0.993074940949109,0.989424522224608,0,0.9855056903586,0.971816620141722,0,0.733036289456732,0.908149022976165,0,0,0.965643117887052,0.986418295039725,0,0.978902727077518,0.950182520936225,0,0,0,0.985452007730299,0.993558084603822,0,0.386085462744256,0,0,0
NARF,0,0.751234700450934,0.106398969293537,0,0.757086106935796,0.895479922697015,0,0.453779257032424,0.846467683057763,0,0.805024694009019,0.910188962851621,0,0,0.636890702168778,0.698303628945673,0,0.313291818767447,0.0369873308997209,0,0,0,0.78585999570539,0.628033068499034,0,0.282692720635602,0,0,0
CWC25,0,0.0273244578054542,0.0489585570109513,0,0.702598239209792,0.828215589435259,0,0.526358170496028,0.967575692505905,0,0.909920549710114,0.833476487008804,0,0,0.667865578698733,0.558514064848615,0,0.130985613055615,0.0445028988619283,0,0,0,0.444384797079665,0.844803521580417,0,0.0597487652995491,0,0,0
GNPDA1,0,0.935795576551428,0.463549495383294,0,0.989209791711402,0.941861713549495,0,0.832778612840885,0.912658363753489,0,0.793268198410994,0.756978741679193,0,0,0.788436761863861,0.647251449430964,0,0.739639252737814,0.920710757998712,0,0,0,0.548421730727936,0.962100064419154,0,0.0880931930427314,0,0,0
LYZ,0,0.860693579557655,0.391829503972514,0,0.719776680266266,0.535269486794073,0,0.758642903156539,0.505958771741464,0,0.451041442989049,0.331758642903157,0,0,0.77464032639038,0.597541335623792,0,0.588093193042731,0.447605754777754,0,0,0,0.507032424307494,0.521258320807387,0,0.705872879536182,0,0,0
TNFAIP8L2,0,0.413517285806313,0.103016963710543,0,0.800407987975091,0.833100708610694,0,0.677152673394889,0.442774318230621,0,0.790100923341207,0.865793429246296,0,0,0.774694009018682,0.729439553360533,0,0.70109512561735,0.0778398110371484,0,0,0,0.729385870732231,0.643762078591368,0,0.614236633025553,0,0,0
BHLHE40,0,0.978795361820915,0.524855056903586,0,0.892258964998926,0.98443203779257,0,0.972299763796435,0.89204423448572,0,0.703296113377711,0.952974017607902,0,0,0.961670603392742,0.986686708181233,0,0.957859136783337,0.927313721279794,0,0,0,0.99237706678119,0.966126261541765,0,0.241786557869873,0,0,0
CD2,0,0.00708610693579558,0.312003435688211,0,0.364558728795362,0.275284517929998,0,0.488995061198196,0.292892420012884,0,0.339059480352158,0.643976809104574,0,0,0.365632381361391,0.382005582993343,0,0.669261327034572,0.149130341421516,0,0,0,0.190358599957054,0.0256066136998067,0,0.936386085462744,0,0,0
S100A11,0,0.748818982177367,0.548851191754348,0,0.668939231264763,0.646553575263045,0,0.719669315009663,0.779149667167705,0,0.695673180158901,0.914590938372343,0,0,0.855110586214301,0.454208718058836,0,0.899452437191325,0.886139145372557,0,0,0,0.263796435473481,0.692774318230621,0,0.911799441700666,0,0,0
LRCH1,0,0.681823062057118,0.323491518144728,0,0.861552501610479,0.965750483143655,0,0.713281082241787,0.926025338200558,0,0.226701739317157,0.497315868584926,0,0,0.646338844749839,0.675917972943955,0,0.652351299119605,0.860425166416148,0,0,0,0.605378999355808,0.961294824994632,0,0.330953403478634,0,0,0
CYTH4,0,0.817264333261757,0.765299549065922,0,0.347004509340777,0.371591153102856,0,0.852963281082242,0.434721923985398,0,0.539778827571398,0.886783336912175,0,0,0.940627013098561,0.918992913893064,0,0.952276143439983,0.631576121966931,0,0,0,0.958503328322955,0.411692076444063,0,0.98223105003221,0,0,0
SNF8,0,0.762293321881039,0.294019755207215,0,0.808997208503328,0.318821129482499,0,0.925273781404338,0.710382220313507,0,0.81339918402405,0.498765299549066,0,0,0.860478849044449,0.887964354734808,0,0.776411853124329,0.430642044234486,0,0,0,0.710060124543698,0.343783551642688,0,0.389735881468757,0,0,0
FOXL1,0,0.795469186171355,0.924146446210006,0,0.4637642258965,0.400901868155465,0,0.919798153317586,0.413087824779901,0,0.286128408846897,0.45216877818338,0,0,0.848722353446425,0.916094051964784,0,0.926132703457161,0.928011595447713,0,0,0,0.82316942237492,0.0713442130126691,0,0.795254455658149,0,0,0
LSM4,0,0.934507193472192,0.0398325101996994,0,0.983465750483144,0.99022976164913,0,0.8767983680481,0.990659222675542,0,0.745544341850977,0.976111230405841,0,0,0.852802233197337,0.895050461670603,0,0.786933648271419,0.0740283444277432,0,0,0,0.915664590938372,0.99672535967361,0,0.217683057762508,0,0,0
PTPRN,0,0.80545415503543,0.783068499033713,0,0.494846467683058,0.559641400042946,0,0.745329611337771,0.601191754348293,0,0.80942666952974,0.496779042301911,0,0,0.782102211724286,0.814955980244793,0,0.656270130985613,0.404552286879966,0,0,0,0.858063130770883,0.595769808889843,0,0.21773674039081,0,0,0
SNHG11,0,0.887588576336697,0.903908095340348,0,0.241088683701954,0.359351513850118,0,0.944009018681555,0.291013528022332,0,0.999409491088684,0.905303843676186,0,0,0.94492162336268,0.990176079020829,0,0.96124114236633,0.0796113377710973,0,0,0,0.997799012239639,0.0324779901223964,0,0.928816834872235,0,0,0
KIAA1217,0,0.668617135494954,0.971709254885119,0,0.454745544341851,0.450075155679622,0,0.919368692291175,0.439016534249517,0,0.856935795576551,0.217629375134207,0,0,0.829826068284303,0.96628730942667,0,0.890433755636676,0.959576980888984,0,0,0,0.956946532102212,0.36085462744256,0,0.26411853124329,0,0,0
ZNF594,0,0.153049173287524,0.162712046381791,0,0.241088683701954,0.265621644835731,0,0.00531458020184668,0.291013528022332,0,0.60978097487653,0.906914322525231,0,0,0.121537470474554,0.135333905948035,0,0.472246081168134,0.0155142795791282,0,0,0,0.226755421945458,0.00875026841314151,0,0.969508267124758,0,0,0
TNFRSF12A,0,0.899237706678119,0.322578913463603,0,0.636407558514065,0.842226755421945,0,0.840508911316298,0.860371483787846,0,0.987491947605755,0.882005582993343,0,0,0.873147949323599,0.945565814902298,0,0.874490015031136,0.172160188962852,0,0,0,0.979600601245437,0.798368048099635,0,0.614934507193472,0,0,0
FHOD1,0,0.867994417006657,0.489746617994417,0,0.939338630019326,0.779901223963925,0,0.886890702168778,0.937513420657075,0,0.852855915825639,0.725252308353017,0,0,0.805400472407129,0.919315009662873,0,0.830846038222031,0.785537899935581,0,0,0,0.877979385870732,0.865095555078377,0,0.140004294610264,0,0,0
TSPAN1,0,0.835892205282371,0.00740820270560447,0,0.786557869873309,0.932843031994846,0,0.608814687567103,0.762883830792356,0,0.926240068713764,0.819841099420228,0,0,0.670334979600601,0.761917543482929,0,0.469454584496457,0.0956624436332403,0,0,0,0.875080523942452,0.95941593300408,0,0.0317801159544771,0,0,0
IL10,0,0.848453940304917,0.263689070216878,0,0.660940519647842,0.851728580631308,0,0.696424736955121,0.847219239853983,0,0.420871805883616,0.984754133562379,0,0,0.730996349581275,0.756656645909384,0,0.910296328108224,0.077464032639038,0,0,0,0.855647412497316,0.784517929997853,0,0.979976379643547,0,0,0
APBB2,0,0.983089972085033,0.967360961992699,0,0.895909383723427,0.437620785913678,0,0.98985398325102,0.488565600171784,0,0.9420227614344,0.804487867726004,0,0,0.970581919690788,0.936278720206141,0,0.983734163624651,0.975091260468113,0,0,0,0.775552931071505,0.420120249087395,0,0.890541120893279,0,0,0
P2RY13,0,0.436815546489156,0.903210221172429,0,0.269325746188533,0.139574833583852,0,0.519325746188533,0.291013528022332,0,0.0750483143654713,0.249731586858493,0,0,0.480620571183165,0.52791496671677,0,0.638071719991411,0.774586643762079,0,0,0,0.574243074940949,0.126852050676401,0,0.75977023835087,0,0,0
NR1I2,0,0.62862357741035,0.222729224822847,0,0.719347219239854,0.936010307064634,0,0.419261327034572,0.824672535967361,0,0.396177796864934,0.620463817908525,0,0,0.322042087180588,0.407021687781834,0,0.312271848829719,0.55180373631093,0,0,0,0.515031135924415,0.958288597809749,0,0.062862357741035,0,0,0
C3AR1,0,0.851889628516212,0.870732231050032,0,0.59276358170496,0.404659652136569,0,0.88479707966502,0.466448357311574,0,0.588522654069143,0.89456731801589,0,0,0.889360103070646,0.872503757783981,0,0.955336053253167,0.656914322525231,0,0,0,0.866920764440627,0.521526733948894,0,0.934024049817479,0,0,0
DOCK9,0,0.91883186600816,0.940251234700451,0,0.654552286879966,0.755529310715053,0,0.763313291818767,0.796542838737385,0,0.613109297831222,0.281028559158256,0,0,0.83116813399184,0.864397680910457,0,0.56629804595233,0.908417436117672,0,0,0,0.925273781404338,0.761649130341422,0,0.0698947820485291,0,0,0
FAM104B,0,0.680212583208074,0.914107794717629,0,0.241088683701954,0.103500107365257,0,0.64311788705175,0.291013528022332,0,0.708449645694653,0.470904015460597,0,0,0.659866867081812,0.786074726218596,0,0.75107365256603,0.322149452437191,0,0,0,0.892581060768735,0.300193257461885,0,0.648593515138501,0,0,0
CARD6,0,0.820592656216448,0.425971655572257,0,0.66088683701954,0.787792570324243,0,0.837932145157827,0.814741249731587,0,0.842012024908739,0.61160618423878,0,0,0.857902082885978,0.861391453725574,0,0.820431608331544,0.783283229546919,0,0,0,0.858599957053897,0.6847756066137,0,0.651331329181877,0,0,0
VAV1,0,0.777968649345072,0.0983465750483144,0,0.71521365686064,0.867564955980245,0,0.620732231050032,0.84093837234271,0,0.331919690788061,0.887964354734808,0,0,0.590992054971011,0.705872879536182,0,0.708181232553146,0.161262615417651,0,0,0,0.818230620571183,0.818445351084389,0,0.883991840240498,0,0,0
PHLPP1,0,0.727077517715267,0.842548851191754,0,0.372986901438694,0.576712475842817,0,0.713227399613485,0.746564311788705,0,0.888071719991411,0.564955980244793,0,0,0.782800085892205,0.799656431178871,0,0.625241571827357,0.333261756495598,0,0,0,0.897305132059266,0.597219239853983,0,0.570431608331544,0,0,0
IFT20,0,0.633401331329182,0.336429031565385,0,0.678709469615632,0.60580846038222,0,0.830094481425811,0.450611981962637,0,0.969347219239854,0.901116598668671,0,0,0.832939660725789,0.926508481855272,0,0.870410135280223,0.32102211724286,0,0,0,0.92462958986472,0.366598668670818,0,0.35543268198411,0,0,0
P2RY10,0,0.283068499033713,0.792248228473266,0,0.290047240712905,0.262454369765944,0,0.432628301481641,0.291013528022332,0,0.0519111015675327,0.391722138715912,0,0,0.309534034786343,0.310231908954262,0,0.602855915825639,0.770453081382865,0,0,0,0.190358599957054,0.113646124114237,0,0.920871805883616,0,0,0
DFNA5,0,0.955819196907881,0.354251664161477,0,0.977775391883187,0.978312218166201,0,0.914000429461026,0.938587073223105,0,0.436439768091046,0.879643547348078,0,0,0.891077947176294,0.73802877388877,0,0.950665664590938,0.93332617564956,0,0,0,0.523620356452652,0.945941593300408,0,0.977668026626584,0,0,0
IL2RB,0,0.3804487867726,0.490659222675542,0,0.307386729654284,0.370195404767017,0,0.612787202061413,0.320431608331544,0,0.473105003220958,0.86305561520292,0,0,0.682843031994846,0.637803306849903,0,0.829772385656002,0.325692505905089,0,0,0,0.490337126905733,0.00520721494524372,0,0.955711831651278,0,0,0
CD320,0,0.538383079235559,0.0252308353016964,0,0.864021902512347,0.842495168563453,0,0.558567747476917,0.955604466394675,0,0.880770882542409,0.83659007945029,0,0,0.526411853124329,0.479278505475628,0,0.0646875671032854,0.0157290100923341,0,0,0,0.43080309211939,0.96048958557011,0,0.0588898432467254,0,0,0
CHST3,0,0.959630663517286,0.749194760575478,0,0.833744900150311,0.860693579557655,0,0.912014172213872,0.721816620141722,0,0.379321451578269,0.914161477345931,0,0,0.9637642258965,0.88914537255744,0,0.969400901868155,0.93912389950612,0,0,0,0.917167704530814,0.852372772170925,0,0.98840455228688,0,0,0
SPHK1,0,0.992484432037793,0.97138715911531,0,0.922697015245866,0.503543053467898,0,0.997691646983036,0.759394459952759,0,0.60543268198411,0.736686708181233,0,0,0.998604251664161,0.995490659222676,0,0.996081168133992,0.981586858492592,0,0,0,0.970313506549281,0.532907451148808,0,0.913302555293107,0,0,0
SAMSN1,0,0.371537470474554,0.877013098561306,0,0.267661584711187,0.00134206570753704,0,0.392258964998926,0.469669315009663,0,0.0534142151599742,0.532585355378999,0,0,0.359083100708611,0.402673394889414,0,0.618960704316083,0.708181232553146,0,0,0,0.512830148164054,0.301213227399613,0,0.885226540691432,0,0,0
DENND3,0,0.765890057977239,0.293160833154391,0,0.785806313077088,0.627066781189607,0,0.745759072364183,0.525660296328108,0,0.528183379858278,0.983304702598239,0,0,0.637427528451793,0.555507837663732,0,0.93622503757784,0.233251019969938,0,0,0,0.491088683701954,0.517715267339489,0,0.996832724930213,0,0,0
MOXD1,0,0.721923985398325,0.967736740390809,0,0.404283873738458,0.383830792355594,0,0.679622074296758,0.382220313506549,0,0.144137856989478,0.253865149237707,0,0,0.671354949538329,0.780277002362036,0,0.709576980888984,0.856560017178441,0,0,0,0.875778398110372,0.396929353661155,0,0.785269486794073,0,0,0
MCHR1,0,0.969293536611552,0.79493235988834,0,0.756119819626369,0.795093407773245,0,0.982821558943526,0.817371698518359,0,0.581597595018252,0.887803306849903,0,0,0.983089972085033,0.970098776036075,0,0.990551857418939,0.934614558728795,0,0,0,0.908256388232768,0.767339488941379,0,0.929622074296758,0,0,0
H2AFJ,0,0.992645479922697,0.807655142795791,0,0.920925488511918,0.648593515138501,0,0.996295898647198,0.738297187030277,0,0.514333261756496,0.868262830148164,0,0,0.997691646983036,0.981050032209577,0,0.995490659222676,0.928870517500537,0,0,0,0.885119175434829,0.578913463603178,0,0.977453296113378,0,0,0
PLXNA2,0,0.907558514064849,0.861874597380288,0,0.859029418080309,0.756764011165987,0,0.821075799871162,0.959362250375778,0,0.561198196263689,0.665825638823277,0,0,0.794395533605325,0.876959415933004,0,0.824940949108868,0.596950826712476,0,0,0,0.927689499677904,0.805937298690144,0,0.723641829503972,0,0,0
ADRB2,0,0.782853768520507,0.336482714193687,0,0.649398754563023,0.711348507622933,0,0.731640541120893,0.59093837234271,0,0.847272922482285,0.504938801803736,0,0,0.820377925703242,0.832885978097488,0,0.679031565385441,0.395694653210221,0,0,0,0.911155250161048,0.84276358170496,0,0.195780545415504,0,0,0
FBXO36,0,0.518359458879107,0.923716985183595,0,0.507945028988619,0.478580631307709,0,0.838683701954048,0.522976164913034,0,0.803360532531673,0.698518359458879,0,0,0.801320592656216,0.782209576980889,0,0.88007300837449,0.949806742538115,0,0,0,0.636139145372557,0.462636890702169,0,0.435902941808031,0,0,0
SLC26A11,0,0.853016963710543,0.788544127120464,0,0.65906162765729,0.781726433326176,0,0.900794502898862,0.636837019540477,0,0.554541550354305,0.89419153961778,0,0,0.811466609405196,0.925810607687352,0,0.951202490873953,0.795039725144943,0,0,0,0.919798153317586,0.692828000858922,0,0.859942022761434,0,0,0
COQ3,0,0.854197981533176,0.555346789778828,0,0.535430534678978,0.603500107365257,0,0.864397680910457,0.605862143010522,0,0.773459308567747,0.801696371054327,0,0,0.888984324672536,0.847433970367189,0,0.887481211080094,0.582456517071076,0,0,0,0.747799012239639,0.598400257676616,0,0.425917972943955,0,0,0
ARL4C,0,0.747691646983036,0.929192613270346,0,0.409544771312003,0.507300837449001,0,0.823330470259824,0.522976164913034,0,0.692344857204209,0.691700665664591,0,0,0.781350654928065,0.823491518144728,0,0.903478634313936,0.894137856989478,0,0,0,0.834120678548422,0.461026411853124,0,0.943042731372128,0,0,0
CTLA4,0,0.581704960274855,0.455121322739961,0,0.468756710328538,0.432574618853339,0,0.684668241357097,0.436386085462744,0,0.274747691646983,0.65616276572901,0,0,0.598990766587932,0.486633025552931,0,0.799495383293966,0.384206570753704,0,0,0,0.399667167704531,0.444867940734378,0,0.956356023190895,0,0,0
SP6,0,0.778559158256388,0.282853768520507,0,0.738726648056689,0.651599742323384,0,0.879267768949968,0.652995490659223,0,0.580148164054112,0.842817264333262,0,0,0.804273137212798,0.858438909168993,0,0.865095555078377,0.360961992699163,0,0,0,0.73840455228688,0.561573974661799,0,0.756656645909384,0,0,0
PDE4DIP,0,0.953510843890917,0.541496671677045,0,0.945243719132489,0.912765729010092,0,0.95071934721924,0.836429031565385,0,0.0519111015675327,0.653317586429032,0,0,0.938264977453296,0.691110156753275,0,0.937835516426884,0.988082456517071,0,0,0,0.190358599957054,0.877120463817909,0,0.896124114236633,0,0,0
ARHGAP31,0,0.894030491732875,0.53441056474125,0,0.767822632596092,0.951846682413571,0,0.857043160833154,0.948464676830578,0,0.457912819411638,0.880717199914108,0,0,0.891131629804595,0.815707537041014,0,0.885333905948035,0.929192613270346,0,0,0,0.744148593515139,0.914537255744041,0,0.567586429031565,0,0,0
CST6,0,0.966126261541765,0.933594588791067,0,0.842870946961563,0.536396821988405,0,0.976701739317157,0.792194545844965,0,0.992806527807601,0.84636031780116,0,0,0.981479493235989,0.995222246081168,0,0.940734378355164,0.831490229761649,0,0,0,0.993182306205712,0.636031780115955,0,0.067210650633455,0,0,0
TM7SF2,0,0.56232553145802,0.0233519433111445,0,0.925488511917543,0.854520077302985,0,0.919637105432682,0.952598239209792,0,0.994094910886837,0.991786557869873,0,0,0.958234915181447,0.928387373845823,0,0.928226325960919,0.0675864290315654,0,0,0,0.780760146016749,0.838952115095555,0,0.79890487438265,0,0,0
CYTH3,0,0.833154391238995,0.958771741464462,0,0.502039939875456,0.294234485720421,0,0.854627442559588,0.329503972514494,0,0.652404981747906,0.433111445136354,0,0,0.84925917972944,0.814311788705175,0,0.871913248872665,0.891614773459309,0,0,0,0.796918617135495,0.133991840240498,0,0.899022976164913,0,0,0
ZSWIM1,0,0.525123470045093,0.265031135924415,0,0.765514279579128,0.691539617779687,0,0.754079879750913,0.775821344213013,0,0.943042731372128,0.909920549710114,0,0,0.814526519218381,0.87754992484432,0,0.720957698088898,0.0786450504616706,0,0,0,0.877442559587717,0.535698947820485,0,0.356076873523728,0,0,0
PPP2R3A,0,0.950504616706034,0.549226970152459,0,0.863646124114237,0.781243289671462,0,0.822739961348508,0.952974017607902,0,0.606291604036934,0.359619926991625,0,0,0.831060768735237,0.603178011595448,0,0.710328537685205,0.953403478634314,0,0,0,0.487277217092549,0.88334764870088,0,0.221065063345501,0,0,0
GRB14,0,0.373792140863217,0.59818552716341,0,0.301535323169422,0.441593300407988,0,0.641990551857419,0.291013528022332,0,0.209362250375778,0.0930856774747692,0,0,0.515621644835731,0.465750483143655,0,0.669905518574189,0.883562379214086,0,0,0,0.190358599957054,0.341743611767232,0,0.654498604251664,0,0,0
COL4A2,0,0.963603178011595,0.997691646983036,0,0.359888340133133,0.141238995061198,0,0.980620571183165,0.291013528022332,0,0.112465106291604,0.114666094051965,0,0,0.976970152458664,0.980674253811467,0,0.98115739746618,0.991893923126476,0,0,0,0.96193901653425,0.0582993343354091,0,0.821881039295684,0,0,0
DNAJC28,0,0.902995490659223,0.51411853124329,0,0.831919690788061,0.46086536396822,0,0.926991625509985,0.5905625939446,0,0.276626583637535,0.788007300837449,0,0,0.885602319089543,0.902673394889414,0,0.923663302555293,0.320592656216448,0,0,0,0.868907021687782,0.608814687567103,0,0.9021902512347,0,0,0
MTMR4,0,0.763152243933863,0.0818660081597595,0,0.636837019540477,0.767339488941379,0,0.645802018466824,0.55180373631093,0,0.43622503757784,0.829503972514494,0,0,0.716179944170067,0.840294180803092,0,0.68767446854198,0.332402834442774,0,0,0,0.922750697874168,0.626368907021688,0,0.35070861069358,0,0,0
NKIRAS2,0,0.896285162121537,0.566566459093837,0,0.932520936225038,0.00649559802447928,0,0.973802877388877,0.536450504616706,0,0.94239853983251,0.923931715696801,0,0,0.985290959845394,0.962905303843676,0,0.966072578913464,0.380878247799012,0,0,0,0.877442559587717,0.0223319733734164,0,0.949216233626798,0,0,0
ATP5H,0,0.955872879536182,0.0170710757998712,0,0.977668026626584,0.999248443203779,0,0.912443633240283,0.996671677045308,0,0.961080094481426,0.984539403049173,0,0,0.936654498604252,0.944653210221172,0,0.762722782907451,0.0236203564526519,0,0,0,0.9202812969723,0.980620571183165,0,0.0579235559372987,0,0,0
INPP1,0,0.893547348078162,0.571666308782478,0,0.861498818982177,0.817908524801374,0,0.813291818767447,0.922374919476058,0,0.245866437620786,0.882810822417866,0,0,0.773727721709255,0.695726862787202,0,0.850118101782263,0.85833154391239,0,0,0,0.661047884904445,0.932037792570324,0,0.456678118960704,0,0,0
C1orf213,0,0.8587073223105,0.921462314794932,0,0.241088683701954,0.350977023835087,0,0.765836375348937,0.291013528022332,0,0.758964998926347,0.832832295469186,0,0,0.82789349366545,0.930266265836375,0,0.908417436117672,0.453510843890917,0,0,0,0.975574404122826,0.0482070002147305,0,0.811842387803307,0,0,0
SLAMF1,0,0.148593515138501,0.418724500751557,0,0.262937513420657,0.322793643976809,0,0.189338630019326,0.340401546059695,0,0.201202490873953,0.750751556796221,0,0,0.101406484861499,0.109619926991626,0,0.629160403693365,0.182198840455229,0,0,0,0.190358599957054,0.331114451363539,0,0.977077517715267,0,0,0
LTA,0,0.916416147734593,0.820377925703242,0,0.764816405411209,0.810231908954262,0,0.936654498604252,0.770882542409276,0,0.713656860639897,0.991840240498175,0,0,0.9420227614344,0.977721709254885,0,0.983251019969938,0.240873953188748,0,0,0,0.989746617994417,0.67607902082886,0,0.982392097917114,0,0,0
RBM47,0,0.963120034356882,0.0433755636675972,0,0.974822847326605,0.989692935366116,0,0.941271204638179,0.982016319519004,0,0.664268842602534,0.931554648915611,0,0,0.889306420442345,0.817801159544771,0,0.958234915181447,0.811788705175005,0,0,0,0.606667382435044,0.96558943525875,0,0.978526948679407,0,0,0
LAMC2,0,0.941271204638179,0.936493450719347,0,0.578108224178656,0.428816834872235,0,0.966770453081383,0.514064848614988,0,0.270721494524372,0.476379643547348,0,0,0.952383508696586,0.95544341850977,0,0.964354734807816,0.980566888554864,0,0,0,0.912389950611982,0.512830148164054,0,0.785645265192184,0,0,0
NHS,0,0.730191110156753,0.878516212153747,0,0.281833798582779,0.392956839166846,0,0.757837663732016,0.571183165127765,0,0.208020184668241,0.264279579128194,0,0,0.662228902727078,0.81232553145802,0,0.811412926776895,0.796918617135495,0,0,0,0.82316942237492,0.441324887266481,0,0.651170281296972,0,0,0
LILRA1,0,0.0563130770882542,0.625241571827357,0,0.241088683701954,0.274532961133777,0,0.176562164483573,0.291013528022332,0,0.197015245866438,0.685902941808031,0,0,0.127442559587717,0.109619926991626,0,0.595125617350226,0.404176508481855,0,0,0,0.190358599957054,0.300193257461885,0,0.93805024694009,0,0,0
MYO1A,0,0.574350440197552,0.0926025338200558,0,0.855862143010522,0.967897788275714,0,0.386783336912175,0.963334764870088,0,0.222192398539832,0.78768520506764,0,0,0.287094696156324,0.2789886192828,0,0.389091689929139,0.308245651707108,0,0,0,0.343890916899291,0.982392097917114,0,0.608116813399184,0,0,0
MR1,0,0.975574404122826,0.923019111015675,0,0.895426240068714,0.703725574404123,0,0.941432252523083,0.847219239853983,0,0.212046381790852,0.734163624651063,0,0,0.947874167919261,0.841636246510629,0,0.940680695726863,0.971709254885119,0,0,0,0.696048958557011,0.716824135709684,0,0.934507193472192,0,0,0
DUS4L,0,0.846145587287954,0.635924414859351,0,0.591099420227614,0.77319089542624,0,0.720957698088898,0.672589649989264,0,0.365847111874597,0.509394459952759,0,0,0.700343568821129,0.766212153747047,0,0.755099849688641,0.704638179085248,0,0,0,0.856237921408632,0.85070861069358,0,0.412228902727078,0,0,0
FAM117A,0,0.559587717414645,0.0837985827786128,0,0.928333691217522,0.745329611337771,0,0.852694867940734,0.718917758213442,0,0.47208503328323,0.856989478204853,0,0,0.80180373631093,0.681447283659008,0,0.850332832295469,0.714945243719132,0,0,0,0.314419153961778,0.756495598024479,0,0.734324672535967,0,0,0
CSTA,0,0.911423663302555,0.834818552716341,0,0.680856774747692,0.169368692291175,0,0.894084174361177,0.399398754563023,0,0.332671247584282,0.642903156538544,0,0,0.878891990551857,0.586751127335194,0,0.920871805883616,0.945941593300408,0,0,0,0.326497745329611,0.499141077947176,0,0.952598239209792,0,0,0
ANKRD16,0,0.276733948894138,0.320055829933434,0,0.421247584281726,0.557010951256174,0,0.238887695941593,0.564150740820271,0,0.86412926776895,0.928065278076015,0,0,0.444170066566459,0.321290530384368,0,0.674146446210006,0.138447498389521,0,0,0,0.440519647841958,0.485827786128409,0,0.944653210221172,0,0,0
GAMT,0,0.872503757783981,0.368423878033068,0,0.824243074940949,0.791550354305347,0,0.933809319304273,0.929836804809963,0,0.985988834013313,0.708610693579558,0,0,0.92607902082886,0.951148808245652,0,0.77646553575263,0.880341421515997,0,0,0,0.941754348292892,0.939660725789135,0,0.01014601674898,0,0,0
TALDO1,0,0.865041872450075,0.464730513205927,0,0.957751771526734,0.857150526089757,0,0.623094266695297,0.838307923555937,0,0.714301052179515,0.516910027914967,0,0,0.669153961777969,0.683916684560876,0,0.215750483143655,0.76701739317157,0,0,0,0.760629160403693,0.803199484646768,0,0.0184131415074082,0,0,0
PIGU,0,0.83551642688426,0.736310929783122,0,0.660564741249732,0.61665235129912,0,0.715643117887052,0.628462529525446,0,0.734646768305776,0.588683701954048,0,0,0.851996993772815,0.720850332832295,0,0.682037792570324,0.541496671677045,0,0,0,0.768091045737599,0.631629804595233,0,0.666523512991196,0,0,0
NCF4,0,0.316888554863646,0.0519111015675327,0,0.423448572042087,0.540100923341207,0,0.516802662658364,0.291013528022332,0,0.963012669100279,0.961294824994632,0,0,0.441969078806098,0.535376852050676,0,0.738136139145373,0.00311359244148594,0,0,0,0.671891775821344,0.342065707537041,0,0.983841528881254,0,0,0
TUB,0,0.642795791281941,0.946424736955121,0,0.300569035859996,0.199484646768306,0,0.651868155464892,0.308997208503328,0,0.221440841743612,0.26014601674898,0,0,0.656216448357312,0.646177796864934,0,0.73657934292463,0.844481425810608,0,0,0,0.718166201417221,0.174092763581705,0,0.764977453296113,0,0,0
IL6ST,0,0.968380931930427,0.949806742538115,0,0.916040369336483,0.581275499248443,0,0.975144943096414,0.442291174575907,0,0.879804595232983,0.749194760575478,0,0,0.942291174575907,0.88442130126691,0,0.978687996564312,0.976594374060554,0,0,0,0.750322095769809,0.530652780760146,0,0.980888984324673,0,0,0
FZD1,0,0.340079450289886,0.615041872450075,0,0.307333047025982,0.45361820914752,0,0.781941163839382,0.291013528022332,0,0.651546059695083,0.244255958771741,0,0,0.805132059265622,0.780384367618639,0,0.707912819411638,0.721762937513421,0,0,0,0.616115525016105,0.0506227184882972,0,0.649398754563023,0,0,0
TLR5,0,0.946639467468327,0.204423448572042,0,0.922374919476058,0.829772385656002,0,0.979063774962422,0.82537041013528,0,0.798368048099635,0.761649130341422,0,0,0.941110156753275,0.8695512132274,0,0.988995061198196,0.982821558943526,0,0,0,0.190358599957054,0.699699377281512,0,0.842065707537041,0,0,0
PRNP,0,0.883562379214086,0.976003865149238,0,0.592226755421945,0.426186386085463,0,0.87465106291604,0.450880395104144,0,0.890272707751771,0.507515567962207,0,0,0.842119390165343,0.86885333905948,0,0.870141722138716,0.899022976164913,0,0,0,0.909168992913893,0.434721923985398,0,0.818284303199485,0,0,0
SERPINB8,0,0.471279793858707,0.920979171140219,0,0.297294395533605,0.189607043160833,0,0.482284732660511,0.291013528022332,0,0.411208932789349,0.644621000644192,0,0,0.587287953618209,0.58911316298046,0,0.741947605754778,0.753865149237707,0,0,0,0.671086536396822,0.0078913463603178,0,0.837341636246511,0,0,0
TDP2,0,0.930051535323169,0.185688211294825,0,0.983358385226541,0.96848829718703,0,0.751019969937728,0.914590938372343,0,0.568445351084389,0.791228258535538,0,0,0.741840240498175,0.650687137642259,0,0.555668885548636,0.566781189607043,0,0,0,0.63007300837449,0.970796650203994,0,0.0505690358599957,0,0,0
LPCAT2,0,0.830040798797509,0.967790423019111,0,0.375671032853769,0.140809534034786,0,0.94057333047026,0.291013528022332,0,0.629482499463174,0.191056474124973,0,0,0.904981747906378,0.885280223319734,0,0.945082671247584,0.977292248228473,0,0,0,0.621215374704746,0.0268949967790423,0,0.770721494524372,0,0,0
SKIL,0,0.974930212583208,0.93370195404767,0,0.87389950611982,0.869658578484003,0,0.974339703671892,0.880341421515997,0,0.790637749624222,0.817693794288168,0,0,0.920120249087395,0.992269701524587,0,0.975842817264333,0.965374704745544,0,0,0,0.989800300622719,0.860210435902942,0,0.387373845823491,0,0,0
MDFIC,0,0.733358385226541,0.778451792999785,0,0.375295254455658,0.245598024479279,0,0.864988189821774,0.291013528022332,0,0.423072793643977,0.890755851406485,0,0,0.752200987760361,0.656001717844106,0,0.96993772815117,0.820485290959845,0,0,0,0.381092978312218,0.0864290315653854,0,0.994524371913249,0,0,0
IL1RN,0,0.616115525016105,0.421193901653425,0,0.685902941808031,0.760307064633884,0,0.463173716985184,0.676132703457161,0,0.51776894996779,0.542462958986472,0,0,0.421784410564741,0.341743611767232,0,0.478687996564312,0.730566888554864,0,0,0,0.388340133132918,0.7717414644621,0,0.433004079879751,0,0,0
TNFSF14,0,0.54638179085248,0.240766587932145,0,0.341528881254026,0.404552286879966,0,0.493289671462315,0.409007945028989,0,0.532048529095985,0.976487008803951,0,0,0.535323169422375,0.625778398110372,0,0.872235344642474,0.0139038007300837,0,0,0,0.72680910457376,0.0226003865149238,0,0.990498174790638,0,0,0
KRT8,0,0.993665449860425,0.15288812540262,0,0.885065492806528,0.97208503328323,0,0.962905303843676,0.876637320163195,0,0.806688855486365,0.445726862787202,0,0,0.978204852909598,0.973266051105862,0,0.914215159974232,0.971279793858707,0,0,0,0.981372127979386,0.985344642473695,0,0.0291496671677045,0,0,0
CENPV,0,0.844105647412497,0.167704530813829,0,0.982016319519004,0.987438264977453,0,0.873845823491518,0.960972729224823,0,0.300032209576981,0.807708825424093,0,0,0.792087180588362,0.734109942022761,0,0.691324887266481,0.908095340347863,0,0,0,0.443686922911746,0.974447068928495,0,0.0817049602748551,0,0,0
MFGE8,0,0.867672321236848,0.989424522224608,0,0.451417221387159,0.333261756495598,0,0.83621430105218,0.431339918402405,0,0.38189821773674,0.791389306420442,0,0,0.85580846038222,0.945512132273996,0,0.91630878247799,0.743182306205712,0,0,0,0.98298260682843,0.103500107365257,0,0.901170281296972,0,0,0
GPD1,0,0.615095555078377,0.337073223105003,0,0.656645909383723,0.504992484432038,0,0.794449216233627,0.646124114236633,0,0.931017822632596,0.522331973373416,0,0,0.824726218595662,0.596467683057763,0,0.45941593300408,0.359512561735023,0,0,0,0.40868584925918,0.677743182306206,0,0.064204423448572,0,0,0
PBLD,0,0.458503328322955,0.068767446854198,0,0.969293536611552,0.820163195190037,0,0.71993772815117,0.697337341636246,0,0.745007515567962,0.701524586643762,0,0,0.692774318230621,0.490444492162336,0,0.544288168348722,0.631092978312218,0,0,0,0.190358599957054,0.862787202061413,0,0.0958771741464462,0,0,0
PPP1R13L,0,0.960596950826712,0.932145157826927,0,0.904552286879966,0.571666308782478,0,0.973319733734164,0.635978097487653,0,0.8623040584067,0.955282370624866,0,0,0.979171140219025,0.980352158041658,0,0.989531887481211,0.922052823706249,0,0,0,0.972138715911531,0.734539403049173,0,0.843729869014387,0,0,0
PSMC3IP,0,0.919422374919476,0.16485935151385,0,0.969722997637964,0.969078806098347,0,0.938426025338201,0.895694653210221,0,0.978956409705819,0.98368048099635,0,0,0.956678118960704,0.946961563238136,0,0.896929353661155,0.147949323598883,0,0,0,0.926991625509985,0.838683701954048,0,0.568928494739102,0,0,0
ANKRA2,0,0.540261971226111,0.236633025552931,0,0.630556152029203,0.590186815546489,0,0.798153317586429,0.655572256817694,0,0.65868584925918,0.861284088468971,0,0,0.654981747906378,0.76342065707537,0,0.870356452651922,0.358277861284088,0,0,0,0.579557655142796,0.622557440412283,0,0.575746188533391,0,0,0
DTX3,0,0.489102426454799,0.185473480781619,0,0.605271634099205,0.734807816190681,0,0.525660296328108,0.714569465321022,0,0.562754992484432,0.512024908739532,0,0,0.37572471548207,0.405303843676186,0,0.510843890916899,0.26159544771312,0,0,0,0.299871161692076,0.639252737814043,0,0.657773244578055,0,0,0
SYT7,0,0.933755636675972,0.238297187030277,0,0.506602963281082,0.718273566673824,0,0.912926776894997,0.45941593300408,0,0.98878033068499,0.555722568176938,0,0,0.892312647627228,0.94454584496457,0,0.894513635387589,0.441110156753275,0,0,0,0.96048958557011,0.751342065707537,0,0.11267983680481,0,0,0
NDUFV2,0,0.629267768949968,0.300837449001503,0,0.798260682843032,0.671032853768521,0,0.883723427098991,0.797723856560017,0,0.558943525875027,0.961509555507838,0,0,0.759126046811252,0.894459952759287,0,0.875617350225467,0.311251878891991,0,0,0,0.82354520077303,0.728580631307709,0,0.643654713334765,0,0,0
PSMB7,0,0.895211509555508,0.866008159759502,0,0.814633884474984,0.34491088683702,0,0.983412067854842,0.291013528022332,0,0.699108868370195,0.600923341206785,0,0,0.983841528881254,0.908793214515783,0,0.979171140219025,0.977936439768091,0,0,0,0.539671462314795,0.071773674039081,0,0.951739317156968,0,0,0
GBP5,0,0.773244578054541,0.916040369336483,0,0.575531458020185,0.334335409061628,0,0.717199914107795,0.528183379858278,0,0.26884260253382,0.437191324887266,0,0,0.697283659007945,0.457859136783337,0,0.792785054756281,0.910457375993129,0,0,0,0.374328967146231,0.404605969508267,0,0.936654498604252,0,0,0
SHC1,0,0.76556796220743,0.0360747262185957,0,0.981372127979386,0.994094910886837,0,0.915986686708181,0.981855271634099,0,0.87389950611982,0.886461241142366,0,0,0.770130985613056,0.942237491947606,0,0.820324243074941,0.803038436761864,0,0,0,0.881629804595233,0.956356023190895,0,0.026411853124329,0,0,0
DRAM1,0,0.944760575477775,0.869068069572686,0,0.405733304702598,0.317962207429676,0,0.956678118960704,0.291013528022332,0,0.695565814902298,0.889789564097058,0,0,0.972943955336053,0.930964140004295,0,0.990712905303844,0.344105647412497,0,0,0,0.914107794717629,0.16958342280438,0,0.996456946532102,0,0,0
RSPH1,0,0.506119819626369,0.0186815546489156,0,0.768413141507408,0.923824350440198,0,0.260253382005583,0.904444921623363,0,0.646768305776251,0.943686922911746,0,0,0.12100064419154,0.134099205497101,0,0.470689284947391,0.011702812969723,0,0,0,0.224822847326605,0.912336267983681,0,0.882810822417866,0,0,0
SLC6A6,0,0.894674683272493,0.759823920979171,0,0.873953188748121,0.915396177796865,0,0.91813399184024,0.871591153102856,0,0.778451792999785,0.581275499248443,0,0,0.909276358170496,0.907826927206356,0,0.853231694223749,0.970259823920979,0,0,0,0.79783122181662,0.778344427743182,0,0.0882542409276358,0,0,0
FOXC2,0,0.584603822203135,0.658256388232768,0,0.531833798582779,0.455389735881469,0,0.830470259823921,0.462368477560661,0,0.4021902512347,0.608224178655787,0,0,0.710113807171999,0.832832295469186,0,0.847541335623792,0.778827571397896,0,0,0,0.677152673394889,0.0744041228258536,0,0.769057333047026,0,0,0
SP140,0,0.755046167060339,0.798529095984539,0,0.307279364397681,0.269111015675327,0,0.689231264762723,0.405894352587503,0,0.571558943525875,0.987760360747262,0,0,0.696156323813614,0.822954691861714,0,0.95506764011166,0.118960704316083,0,0,0,0.913517285806313,0.301535323169422,0,0.977023835086966,0,0,0
CTGF,0,0.832188103929568,0.910564741249732,0,0.532370624865793,0.692881683487224,0,0.824189392312648,0.572847326605111,0,0.347326605110586,0.247745329611338,0,0,0.737706678118961,0.897358814687567,0,0.777056044663947,0.913463603178012,0,0,0,0.921408632166631,0.722192398539833,0,0.22933218810393,0,0,0
ODC1,0,0.799549065922268,0.427528451793,0,0.705175005368263,0.877710972729225,0,0.751342065707537,0.90723641829504,0,0.709254885119175,0.663732016319519,0,0,0.710811681339918,0.804165771956195,0,0.719508267124758,0.335409061627657,0,0,0,0.861767232123685,0.854895855701095,0,0.308567747476916,0,0,0
ADAP2,0,0.866759716555723,0.532424307494095,0,0.779632810822418,0.924522224608117,0,0.787363109297831,0.947068928494739,0,0.916738243504402,0.599581275499248,0,0,0.853070646338845,0.792087180588362,0,0.525177152673395,0.819733734163625,0,0,0,0.803682628301482,0.968005153532317,0,0.0182520936225038,0,0,0
RASAL2,0,0.704316083315439,0.428763152243934,0,0.710382220313507,0.52936439768091,0,0.632435044019755,0.890057977238566,0,0.624060554004724,0.309372986901439,0,0,0.746456946532102,0.695780545415503,0,0.387105432681984,0.868638608546274,0,0,0,0.672535967360962,0.676401116598669,0,0.0273244578054542,0,0,0
POLD4,0,0.84673609619927,0.401492377066781,0,0.241088683701954,0.430749409491089,0,0.850440197552072,0.291013528022332,0,0.999194760575478,0.914537255744041,0,0,0.874060554004724,0.956087610049388,0,0.940788060983466,0.138662228902727,0,0,0,0.987921408632167,0.445780545415504,0,0.62030277002362,0,0,0
TNS4,0,0.960919046596521,0.905035430534679,0,0.881683487223535,0.740981318445351,0,0.99167919261327,0.762883830792356,0,0.873792140863217,0.687942881683487,0,0,0.988887695941593,0.983304702598239,0,0.987223534464247,0.988619282800086,0,0,0,0.897680910457376,0.661906806957269,0,0.734646768305776,0,0,0
C4orf32,0,0.936171354949538,0.879106721065063,0,0.754563023405626,0.759823920979171,0,0.874865793429246,0.768574189392313,0,0.845125617350226,0.444975305990981,0,0,0.841153102855916,0.727345930856775,0,0.796167060339274,0.95216877818338,0,0,0,0.678011595447713,0.73695512132274,0,0.668026626583638,0,0,0
NUAK1,0,0.735237277217093,0.947283659007945,0,0.427957912819412,0.0193794288168349,0,0.776304487867726,0.380609834657505,0,0.222031350654928,0.496886407558514,0,0,0.832778612840885,0.853446424736955,0,0.851138071719991,0.909276358170496,0,0,0,0.865363968219884,0.108063130770883,0,0.822417865578699,0,0,0
MIS12,0,0.857902082885978,0.75869658578484,0,0.694438479707966,0.683433540906163,0,0.898271419368692,0.498335838522654,0,0.528666523512991,0.507783981103715,0,0,0.923341206785484,0.885602319089543,0,0.806366759716556,0.904981747906378,0,0,0,0.844857204208718,0.567479063774962,0,0.262239639252738,0,0,0
GALNT5,0,0.230620571183165,0.282370624865793,0,0.241088683701954,0.370141722138716,0,0.43225252308353,0.291013528022332,0,0.5289886192828,0.921354949538329,0,0,0.670066566459094,0.481747906377496,0,0.839649989263474,0.191700665664591,0,0,0,0.605754777753919,0.407665879321452,0,0.98588146875671,0,0,0
CDK14,0,0.330846038222031,0.467199914107795,0,0.408256388232768,0.306044663946747,0,0.735290959845394,0.291013528022332,0,0.480620571183165,0.669905518574189,0,0,0.706839166845609,0.705926562164484,0,0.831221816620142,0.3442130126691,0,0,0,0.521634099205497,0.0135817049602749,0,0.945512132273996,0,0,0
BEST1,0,0.928118960704316,0.793751342065708,0,0.537792570324243,0.859136783336912,0,0.886353875885763,0.656270130985613,0,0.493987545630234,0.867350225467039,0,0,0.906431178870517,0.945887910672107,0,0.909866867081812,0.727721709254885,0,0,0,0.965428387373846,0.714408417436118,0,0.66448357311574,0,0,0
RNF208,0,0.933648271419369,0.000858922052823706,0,0.958449645694653,0.999087395318875,0,0.666899291389306,0.999194760575478,0,0.99420227614344,0.945565814902298,0,0,0.866920764440627,0.906109083100709,0,0.0227077517715267,0.00402619712261112,0,0,0,0.965159974232338,0.980566888554864,0,0.00869658578484003,0,0,0
GIT2,0,0.558621430105218,0.312862357741035,0,0.758428172643333,0.642312647627228,0,0.676937942881684,0.365739746617994,0,0.697176293751342,0.970689284947391,0,0,0.677367403908095,0.465428387373846,0,0.880609834657505,0.392473695512132,0,0,0,0.422213871591153,0.429031565385441,0,0.990712905303844,0,0,0
ATP6V0A1,0,0.999141077947176,0.992806527807601,0,0.99855056903586,0.889896929353661,0,0.998765299549066,0.814097058191969,0,0.61740390809534,0.878516212153747,0,0,0.999355808460382,0.993665449860425,0,0.999033712690573,0.999302125832081,0,0,0,0.962744255958772,0.774855056903586,0,0.986740390809534,0,0,0
ZNF697,0,0.961992699162551,0.968219884045523,0,0.537094696156324,0.456356023190895,0,0.975681769379429,0.417167704530814,0,0.511165986686708,0.814472836590079,0,0,0.960811681339918,0.963388447498389,0,0.990873953188748,0.927689499677904,0,0,0,0.927474769164698,0.303038436761864,0,0.992913893064204,0,0,0
DNASE1L1,0,0.935366115525016,0.775875026841314,0,0.899667167704531,0.734539403049173,0,0.954584496456947,0.617511273351943,0,0.315009662873094,0.464676830577625,0,0,0.955282370624866,0.965267339488941,0,0.851674898003006,0.937728151170281,0,0,0,0.955765514279579,0.789617779686493,0,0.0849796006012454,0,0,0
MRPL45,0,0.894513635387589,0.935580846038222,0,0.796059695082671,0.797992269701525,0,0.928333691217522,0.77501610478849,0,0.673985398325102,0.69384797079665,0,0,0.898378784625295,0.931823062057118,0,0.904230191110157,0.973266051105862,0,0,0,0.892903156538544,0.729224822847327,0,0.27501610478849,0,0,0
MAPKAPK2,0,0.876261541765085,0.212851621215375,0,0.960811681339918,0.742216018896285,0,0.829396607257891,0.608009448142581,0,0.448249946317372,0.940627013098561,0,0,0.908095340347863,0.726379643547348,0,0.917919261327035,0.3985398325102,0,0,0,0.7210113807172,0.65906162765729,0,0.983519433111445,0,0,0
FKBP9,0,0.697015245866438,0.645211509555508,0,0.760307064633884,0.548582778612841,0,0.615363968219884,0.624490015031136,0,0.289188318660082,0.317532746403264,0,0,0.538436761863861,0.355593729869014,0,0.579879750912605,0.878677260038652,0,0,0,0.190358599957054,0.636568606398969,0,0.587610049388018,0,0,0
LILRA6,0,0.198142581060769,0.257730298475413,0,0.241088683701954,0.174146446210006,0,0.179407343783552,0.291013528022332,0,0.573759931286236,0.56377496242216,0,0,0.175059050891132,0.202920334979601,0,0.367457590723642,0.0438587073223105,0,0,0,0.318445351084389,0.124919476057548,0,0.765084818552716,0,0,0
GPR176,0,0.574135709684346,0.561359244148594,0,0.325960919046597,0.424200128838308,0,0.87137642258965,0.291013528022332,0,0.638501181017823,0.624436332402834,0,0,0.790637749624222,0.864290315653854,0,0.908524801374275,0.827302984754134,0,0,0,0.776572901009233,0.16013528022332,0,0.81050032209577,0,0,0
BMPR2,0,0.667167704530814,0.933863001932575,0,0.360103070646339,0.374704745544342,0,0.628301481640541,0.505475628086751,0,0.224393386300193,0.425434829289242,0,0,0.66088683701954,0.784464247369551,0,0.671140219025123,0.431984109942023,0,0,0,0.890755851406485,0.332295469186171,0,0.749355808460382,0,0,0
MYO5A,0,0.799817479063775,0.625402619712261,0,0.715374704745544,0.631092978312218,0,0.752415718273567,0.449162550998497,0,0.169315009662873,0.696210006441915,0,0,0.717736740390809,0.534517929997853,0,0.846091904659652,0.857043160833154,0,0,0,0.481801589005798,0.594535108438909,0,0.939070216877818,0,0,0
ADAM15,0,0.878516212153747,0.408310070861069,0,0.988458234915181,0.930266265836375,0,0.783175864290316,0.849957053897359,0,0.945726862787202,0.942237491947606,0,0,0.794610264118531,0.903532316942237,0,0.78806098346575,0.346038222031351,0,0,0,0.952759287094696,0.875617350225467,0,0.20796650203994,0,0,0
NUP85,0,0.646660940519648,0.156484861498819,0,0.650633455013958,0.762776465535753,0,0.756119819626369,0.772761434399828,0,0.703188748121108,0.676293751342066,0,0,0.754294610264118,0.724339703671892,0,0.611659866867082,0.0767124758428173,0,0,0,0.628301481640541,0.770828859780975,0,0.589059480352158,0,0,0
MYO7B,0,0.479117457590724,0.102104359029418,0,0.761004938801804,0.907504831436547,0,0.286718917758213,0.859351513850118,0,0.635709684346146,0.548207000214731,0,0,0.239746617994417,0.292140863216663,0,0.00869658578484003,0.133562379214086,0,0,0,0.408202705604466,0.900955550783766,0,0.0472407129053038,0,0,0
LILRB3,0,0.253167275069787,0.299065922267554,0,0.241088683701954,0.220742967575693,0,0.214408417436118,0.291013528022332,0,0.722943955336053,0.5797187030277,0,0,0.237545630234056,0.278290745114881,0,0.39419153961778,0.0588898432467254,0,0,0,0.41013528022332,0.0982928924200129,0,0.722514494309641,0,0,0
CAB39,0,0.933916684560876,0.546220742967576,0,0.931930427313721,0.783229546918617,0,0.914429890487438,0.86885333905948,0,0.478956409705819,0.773298260682843,0,0,0.916791926132703,0.921193901653425,0,0.939607043160833,0.76411853124329,0,0,0,0.907290100923341,0.777485505690359,0,0.942344857204209,0,0,0
SLC15A3,0,0.437781833798583,0.768574189392313,0,0.328430319948465,0.368692291174576,0,0.382703457161263,0.431930427313721,0,0.814955980244793,0.556366759716556,0,0,0.453349796006012,0.49747691646983,0,0.49527592870947,0.625617350225467,0,0,0,0.525552931071505,0.0420334979600601,0,0.706463388447498,0,0,0
SORBS1,0,0.996832724930213,0.379267768949968,0,0.999248443203779,0.944760575477775,0,0.995920120249087,0.914107794717629,0,0.898056688855486,0.950128838307924,0,0,0.987008803951041,0.927743182306206,0,0.997960060124544,0.994363324028344,0,0,0,0.583100708610694,0.955175005368263,0,0.989800300622719,0,0,0
DAAM1,0,0.970850332832295,0.846682413570968,0,0.975467038866223,0.839757354520077,0,0.928118960704316,0.897734593085677,0,0.734324672535967,0.811412926776895,0,0,0.941915396177797,0.915879321451578,0,0.879804595232983,0.923824350440198,0,0,0,0.885656001717844,0.812003435688211,0,0.325799871161692,0,0,0
CX3CR1,0,0.472514494309641,0.502362035645265,0,0.556849903371269,0.46628730942667,0,0.580309211939017,0.423770667811896,0,0.279579128194116,0.951470904015461,0,0,0.586482714193687,0.514547992269701,0,0.849742323384153,0.255744041228259,0,0,0,0.554595232982607,0.335086965857848,0,0.992860210435903,0,0,0
GFPT2,0,0.86992699162551,0.90868584925918,0,0.586482714193687,0.456141292677689,0,0.808514064848615,0.442774318230621,0,0.214193686922912,0.273244578054542,0,0,0.821451578269272,0.593783551642688,0,0.812540261971226,0.94384797079665,0,0,0,0.480996349581276,0.475950182520936,0,0.878569894782048,0,0,0
PRDX1,0,0.884474983895212,0.278881254026197,0,0.908524801374275,0.766641614773459,0,0.970581919690788,0.936493450719347,0,0.949377281511703,0.985183594588791,0,0,0.950343568821129,0.974822847326605,0,0.969722997637964,0.299710113807172,0,0,0,0.925703242430749,0.690519647841958,0,0.625295254455658,0,0,0
ATP8B4,0,0.595769808889843,0.805776250805239,0,0.401921838093193,0.443955336053253,0,0.645426240068714,0.433755636675972,0,0.312110800944814,0.48405625939446,0,0,0.614182950397251,0.585570109512562,0,0.745598024479278,0.855325316727507,0,0,0,0.556688855486365,0.468005153532317,0,0.797025982392098,0,0,0
IL7,0,0.735774103500107,0.887105432681984,0,0.429192613270346,0.488619282800086,0,0.64349366544986,0.525660296328108,0,0.399559802447928,0.419422374919476,0,0,0.625993128623577,0.587073223105003,0,0.759126046811252,0.863914537255744,0,0,0,0.615525016104788,0.634743397036719,0,0.863431393601031,0,0,0
KCNE1,0,0.491947605754778,0.499838952115096,0,0.241088683701954,0.276411853124329,0,0.506978741679193,0.291013528022332,0,0.14929138930642,0.628569894782048,0,0,0.482392097917114,0.58986471977668,0,0.701256173502255,0.245973802877389,0,0,0,0.734807816190681,0.396499892634743,0,0.877496242216019,0,0,0
NAGA,0,0.839381576121967,0.37389950611982,0,0.749946317371698,0.695673180158901,0,0.699377281511703,0.749892634743397,0,0.850815975950183,0.538168348722353,0,0,0.77029203349796,0.766158471118746,0,0.51921838093193,0.306366759716556,0,0,0,0.790745114880825,0.704906592226755,0,0.216233626798368,0,0,0
BEND5,0,0.320538973588147,0.196854197981533,0,0.508213442130127,0.667221387159115,0,0.487223534464247,0.53371269057333,0,0.19819626368907,0.957698088898432,0,0,0.198088898432467,0.345125617350225,0,0.824135709684346,0.237760360747262,0,0,0,0.234915181447284,0.587234270989908,0,0.94964569465321,0,0,0
DOCK1,0,0.703188748121108,0.80980244792785,0,0.583852265406914,0.53875885763367,0,0.592226755421945,0.464515782692721,0,0.361820914751986,0.217683057762508,0,0,0.57826927206356,0.676293751342066,0,0.52066781189607,0.815868584925918,0,0,0,0.801642688426025,0.584174361176723,0,0.234646768305776,0,0,0
TPP1,0,0.939177582134421,0.817371698518359,0,0.713120034356882,0.562271848829719,0,0.93080309211939,0.543214515782693,0,0.840401546059695,0.442130126691003,0,0,0.953403478634314,0.950880395104144,0,0.769862572471548,0.683111445136354,0,0,0,0.945136353875886,0.494255958771741,0,0.161531028559158,0,0,0
LAMA3,0,0.87899935580846,0.262776465535753,0,0.803145802018467,0.840831007086107,0,0.717951470904015,0.88549495383294,0,0.467683057762508,0.898754563023406,0,0,0.674736955121323,0.652619712261112,0,0.840992054971011,0.228419583422804,0,0,0,0.729385870732231,0.834389091689929,0,0.912336267983681,0,0,0
TRIO,0,0.97391024264548,0.999033712690573,0,0.418992913893064,0.361981962636891,0,0.943311144513635,0.549441700665665,0,0.531565385441271,0.379536182091475,0,0,0.946800515353232,0.986633025552931,0,0.914751986257247,0.932789349366545,0,0,0,0.99710113807172,0.549065922267554,0,0.609458879106721,0,0,0
CYLD,0,0.870249087395319,0.258106076873524,0,0.856989478204853,0.764440627013099,0,0.73078161906807,0.600225467038866,0,0.552394245222246,0.448142581060769,0,0,0.75037577839811,0.424951685634529,0,0.672858063130771,0.942666952974018,0,0,0,0.190358599957054,0.593622503757784,0,0.763474339703672,0,0,0
FAT1,0,0.705389735881469,0.240068713764226,0,0.919583422804381,0.940895426240069,0,0.424522224608117,0.926884260253382,0,0.335355378999356,0.343622503757784,0,0,0.338522654069143,0.30942666952974,0,0.0365041872450075,0.738941378569895,0,0,0,0.354788490444492,0.97283659007945,0,0.0321558943525875,0,0,0
MRPS18A,0,0.925971655572257,0.879482499463174,0,0.871483787846253,0.689982821558944,0,0.964998926347434,0.463012669100279,0,0.850923341206785,0.919798153317586,0,0,0.987277217092549,0.949162550998497,0,0.968327249302126,0.939929138930642,0,0,0,0.871108009448143,0.401062916040369,0,0.957322310500322,0,0,0
PHLDA3,0,0.971923985398325,0.993182306205712,0,0.855486364612411,0.600225467038866,0,0.997369551213227,0.596789778827571,0,0.910833154391239,0.810554004724071,0,0,0.998121108009448,0.998335838522654,0,0.99817479063775,0.997208503328323,0,0,0,0.984485720420872,0.0742967575692506,0,0.77716340992055,0,0,0
TLR10,0,0.0620034356882113,0.267124758428173,0,0.241088683701954,0.291926132703457,0,0.35215804165772,0.291013528022332,0,0.403693364827142,0.97498389521151,0,0,0.257783981103715,0.307386729654284,0,0.854627442559588,0.052501610478849,0,0,0,0.438372342709899,0.314472836590079,0,0.994631737169852,0,0,0
PCDH1,0,0.444760575477775,0.151116598668671,0,0.703081382864505,0.82826927206356,0,0.501181017822633,0.653478634313936,0,0.882864505046167,0.616383938157612,0,0,0.410618423878033,0.408417436117672,0,0.349473910242645,0.250912604681125,0,0,0,0.477131200343569,0.846521365686064,0,0.201363538758858,0,0,0
SH3KBP1,0,0.938801803736311,0.981855271634099,0,0.680266265836375,0.454906592226755,0,0.945941593300408,0.450021473051321,0,0.0519111015675327,0.854197981533176,0,0,0.936547133347649,0.89059480352158,0,0.988887695941593,0.977506978741679,0,0,0,0.819411638393816,0.473856560017178,0,0.989907665879321,0,0,0
FBXO32,0,0.646124114236633,0.800193257461885,0,0.442130126691003,0.0104681125187889,0,0.865095555078377,0.355701095125617,0,0.152673394889414,0.168241357096843,0,0,0.787953618209148,0.920710757998712,0,0.795844964569465,0.681769379428817,0,0,0,0.915503543053468,0.439875456302341,0,0.551213227399614,0,0,0
DIP2B,0,0.763474339703672,0.285323169422375,0,0.971601889628516,0.928548421730728,0,0.631951900365042,0.939982821558944,0,0.48223105003221,0.762830148164054,0,0,0.601782263259609,0.453188748121108,0,0.640487438264977,0.859297831221817,0,0,0,0.257300837449002,0.865256602963281,0,0.285591582563882,0,0,0
DPP4,0,0.978365900794503,0.458073867296543,0,0.908202705604466,0.963871591153103,0,0.875885763366974,0.947283659007945,0,0.680910457375993,0.657129053038437,0,0,0.873040584066996,0.955497101138072,0,0.63479707966502,0.308138286450505,0,0,0,0.987545630234056,0.971762937513421,0,0.0222246081168134,0,0,0
ELOVL6,0,0.873684775606614,0.872074296757569,0,0.893225252308353,0.713495812754993,0,0.76052179514709,0.824779901223964,0,0.366759716555723,0.450665664590938,0,0,0.726272278290745,0.829665020399399,0,0.596091904659652,0.875617350225467,0,0,0,0.882220313506549,0.887481211080094,0,0.074565170710758,0,0,0
TBC1D7,0,0.486525660296328,0.490015031135924,0,0.444867940734378,0.566136998067425,0,0.688694438479708,0.602694867940734,0,0.71993772815117,0.87899935580846,0,0,0.664913034142152,0.662712046381791,0,0.830631307708825,0.418670818123255,0,0,0,0.575960919046597,0.526036074726219,0,0.84093837234271,0,0,0
TTC26,0,0.779418080309212,0.0835838522654069,0,0.85795576551428,0.913732016319519,0,0.881039295683917,0.88839381576122,0,0.906914322525231,0.979439553360533,0,0,0.916469830362895,0.839811037148379,0,0.915557225681769,0.322578913463603,0,0,0,0.750805239424522,0.789564097058192,0,0.884313936010307,0,0,0
DNAJC5B,0,0.760038651492377,0.284625295254456,0,0.749463173716985,0.718649345071935,0,0.721548207000215,0.68080309211939,0,0.88549495383294,0.914805668885549,0,0,0.743397036718918,0.612840884689714,0,0.819841099420228,0.216877818337986,0,0,0,0.569357955765514,0.672321236847756,0,0.915288812540262,0,0,0
CNN3,0,0.663248872664806,0.906270130985613,0,0.436654498604252,0.445458449645695,0,0.860049388018037,0.410672106506335,0,0.874006871376423,0.425971655572257,0,0,0.799012239639253,0.869443847970797,0,0.8840455228688,0.940304917328752,0,0,0,0.780330684990337,0.322310500322096,0,0.589811037148379,0,0,0
CHCHD5,0,0.849688640755851,0.071666308782478,0,0.667167704530814,0.444867940734378,0,0.841958342280438,0.652619712261112,0,0.555722568176938,0.920388662228903,0,0,0.825155679622074,0.693955336053253,0,0.8732016319519,0.431447283659008,0,0,0,0.437942881683487,0.655518574189392,0,0.835570109512562,0,0,0
GNB2L1,0,0.0249087395318875,0.0258750268413141,0,0.775445565814902,0.534571612626154,0,0.80507837663732,0.816351728580631,0,0.992699162550999,0.961348507622933,0,0,0.809641400042946,0.814150740820271,0,0.791228258535538,0.269969937728151,0,0,0,0.524371913248873,0.529418080309212,0,0.183165127764655,0,0,0
LOX,0,0.938157612196693,0.989800300622719,0,0.465965213656861,0.291335623792141,0,0.980513205926562,0.357204208718059,0,0.19239853983251,0.149881898217737,0,0,0.962636890702169,0.9565170710758,0,0.980298475413356,0.993719132488727,0,0,0,0.833100708610694,0.0535752630448787,0,0.851621215374705,0,0,0
HOXA2,0,0.871966931500966,0.976862787202061,0,0.375187889199055,0.303575263044879,0,0.871430105217952,0.355701095125617,0,0.577034571612626,0.147197766802663,0,0,0.905411208932789,0.883616061842388,0,0.869980674253811,0.948088898432467,0,0,0,0.883508696585785,0.340401546059695,0,0.571558943525875,0,0,0
ACPP,0,0.280545415503543,0.373523727721709,0,0.423878033068499,0.599044449216234,0,0.0178226325960919,0.61992699162551,0,0.830094481425811,0.489692935366116,0,0,0.411316298045952,0.109619926991626,0,0.0495490659222676,0.454316083315439,0,0,0,0.190358599957054,0.792570324243075,0,0.0485827786128409,0,0,0
OSBPL3,0,0.93660081597595,0.123147949323599,0,0.998818982177367,0.999838952115096,0,0.798368048099635,0.988243504401976,0,0.30217951470904,0.964354734807816,0,0,0.721065063345501,0.61160618423878,0,0.678387373845823,0.824082027056045,0,0,0,0.586267983680481,0.999463173716985,0,0.24672535967361,0,0,0
CDK5RAP1,0,0.928655786987331,0.8514601674898,0,0.856721065063346,0.657826927206356,0,0.981747906377496,0.693740605540047,0,0.898647197766803,0.687728151170281,0,0,0.98443203779257,0.97246081168134,0,0.968756710328538,0.957107579987116,0,0,0,0.91158471118746,0.565975950182521,0,0.390648486149882,0,0,0
TINAGL1,0,0.998389521150956,0.568606398969294,0,0.902941808030921,0.996940090186816,0,0.986203564526519,0.949430964140004,0,0.627818337985828,0.982767876315224,0,0,0.981640541120893,0.998872664805669,0,0.99130341421516,0.859512561735023,0,0,0,0.999731586858493,0.989961348507623,0,0.219722997637964,0,0,0
PEMT,0,0.35978097487653,0.278076014601675,0,0.706678118960704,0.487491947605755,0,0.708073867296543,0.727077517715267,0,0.835731157397466,0.691808030921194,0,0,0.811627657290101,0.514440627013099,0,0.635280223319734,0.417436117672321,0,0,0,0.283283229546919,0.673878033068499,0,0.385387588576337,0,0,0
BATF,0,0.775821344213013,0.348883401331329,0,0.648432467253597,0.437567103285377,0,0.729600601245437,0.463012669100279,0,0.893815761219669,0.986364612411424,0,0,0.72718488297187,0.608975735452008,0,0.941378569894782,0.0727936439768091,0,0,0,0.569357955765514,0.120195404767017,0,0.996349581275499,0,0,0
ITPRIPL2,0,0.975628086751127,0.901009233412068,0,0.875295254455658,0.92462958986472,0,0.889038007300837,0.934185097702384,0,0.850547562808675,0.80545415503543,0,0,0.890057977238566,0.965857848400258,0,0.858116813399184,0.882864505046167,0,0,0,0.99092763581705,0.978365900794503,0,0.101835945887911,0,0,0
STEAP3,0,0.909007945028989,0.994417006656646,0,0.437245007515568,0.306635172858063,0,0.868048099634958,0.375080523942452,0,0.682843031994846,0.170012883830792,0,0,0.89891561090831,0.935580846038222,0,0.848346575048314,0.936976594374061,0,0,0,0.971870302770024,0.360693579557655,0,0.392420012883831,0,0,0
STAT4,0,0.369014386944385,0.778290745114881,0,0.328322954691862,0.266480566888555,0,0.392473695512132,0.291013528022332,0,0.70506764011166,0.534517929997853,0,0,0.383669744470689,0.446532102211724,0,0.649559802447928,0.625080523942452,0,0,0,0.562701309856131,0.324940949108868,0,0.837824779901224,0,0,0
AHCY,0,0.912336267983681,0.511380717199914,0,0.935044019755207,0.955497101138072,0,0.860371483787846,0.914590938372343,0,0.916899291389306,0.821236847756066,0,0,0.882005582993343,0.937191324887267,0,0.73878033068499,0.695565814902298,0,0,0,0.947927850547563,0.830255529310715,0,0.0684453510843891,0,0,0
CD80,0,0.924039080953403,0.152941808030921,0,0.901975520721495,0.849581275499248,0,0.946639467468327,0.845555078376637,0,0.763581704960275,0.983251019969938,0,0,0.919851835945888,0.811359244148594,0,0.976648056688855,0.402673394889414,0,0,0,0.521634099205497,0.714623147949324,0,0.997960060124544,0,0,0
TGIF1,0,0.638232767876315,0.783981103714838,0,0.423072793643977,0.6267983680481,0,0.754455658149023,0.570377925703242,0,0.930534678977883,0.437620785913678,0,0,0.680910457375993,0.755314580201847,0,0.793321881039296,0.902941808030921,0,0,0,0.654230191110157,0.647573545200773,0,0.224930212583208,0,0,0
GLIS3,0,0.975252308353017,0.970152458664376,0,0.760468112518789,0.21628730942667,0,0.978849044449216,0.292892420012884,0,0.275069787416792,0.450773029847541,0,0,0.97498389521151,0.891507408202706,0,0.984378355164269,0.982070002147305,0,0,0,0.651385011810178,0.0609834657504831,0,0.980459523298261,0,0,0
CNNM4,0,0.568767446854198,0.364934507193472,0,0.506710328537685,0.747852694867941,0,0.591367833369122,0.636514923770668,0,0.808353016963711,0.394352587502684,0,0,0.77716340992055,0.615095555078377,0,0.366008159759502,0.693096414000429,0,0,0,0.595340347863431,0.671193901653425,0,0.0820807386729654,0,0,0
TAOK3,0,0.183648271419369,0.209147519862572,0,0.902029203349796,0.826068284303199,0,0.564204423448572,0.70941593300408,0,0.808889843246725,0.733465750483144,0,0,0.685795576551428,0.480727936439768,0,0.464515782692721,0.440788060983466,0,0,0,0.328645050461671,0.571290530384368,0,0.235720420871806,0,0,0
ZNF775,0,0.910081597595018,0.847702383508697,0,0.49167919261327,0.708986471977668,0,0.944814258106077,0.882059265621645,0,0.602587502684131,0.950182520936225,0,0,0.960221172428602,0.955980244792785,0,0.989102426454799,0.901277646553575,0,0,0,0.951309856130556,0.622718488297187,0,0.970259823920979,0,0,0
TEAD1,0,0.716126261541765,0.869336482714194,0,0.476487008803951,0.377603607472622,0,0.832939660725789,0.372074296757569,0,0.143439982821559,0.188694438479708,0,0,0.742430749409491,0.652673394889414,0,0.841582563882328,0.952061412926777,0,0,0,0.389413785698948,0.318928494739102,0,0.783820055829933,0,0,0
ARRB1,0,0.77136568606399,0.557816190680696,0,0.906431178870517,0.745812754992484,0,0.732767876315224,0.829826068284303,0,0.851299119604896,0.481211080094481,0,0,0.735935151385012,0.685902941808031,0,0.594266695297402,0.78951041442989,0,0,0,0.597863431393601,0.714301052179515,0,0.208503328322955,0,0,0
RPS21,0,0.976487008803951,0.166094051964784,0,0.942828000858922,0.958879106721065,0,0.92645479922697,0.983519433111445,0,0.841099420227614,0.540154605969508,0,0,0.916577195619498,0.97643332617565,0,0.586912175220099,0.196263689070217,0,0,0,0.976218595662444,0.977399613485076,0,0.00166416147734593,0,0,0
CDH17,0,0.987384582349152,0.851728580631308,0,0.950182520936225,0.908578484002577,0,0.977023835086966,0.821666308782478,0,0.263850118101782,0.436654498604252,0,0,0.970045093407773,0.940680695726863,0,0.922428602104359,0.990498174790638,0,0,0,0.925703242430749,0.968917758213442,0,0.233948894137857,0,0,0
MYO10,0,0.932843031994846,0.51776894996779,0,0.90761219669315,0.792946102641185,0,0.953081382864505,0.750644191539618,0,0.461724286021044,0.314633884474984,0,0,0.94964569465321,0.923287524157183,0,0.898271419368692,0.980888984324673,0,0,0,0.789564097058192,0.880287738887696,0,0.0641507408202706,0,0,0
RPS15,0,0.788544127120464,0.499892634743397,0,0.782316942237492,0.672589649989264,0,0.90363968219884,0.929192613270346,0,0.906699592012025,0.787524157182736,0,0,0.912228902727078,0.950450934077732,0,0.832456517071076,0.64639252737814,0,0,0,0.951739317156968,0.834764870088039,0,0.154015460596951,0,0,0
PTEN,0,0.880395104144299,0.0206678118960704,0,0.720904015460597,0.771956194975306,0,0.836697444706893,0.798743826497745,0,0.935044019755207,0.669959201202491,0,0,0.819357955765514,0.795361820914752,0,0.781243289671462,0.164000429461026,0,0,0,0.83224178655787,0.745490659222676,0,0.708181232553146,0,0,0
TMEM14B,0,0.706248657934292,0.919690788060983,0,0.241088683701954,0.191808030921194,0,0.638554863646124,0.291013528022332,0,0.698410994202276,0.321183165127765,0,0,0.703564526519218,0.829235559372987,0,0.590831007086107,0.291496671677045,0,0,0,0.918348722353446,0.0763366974447069,0,0.319787416791926,0,0,0
MAN2A1,0,0.925488511917543,0.981962636890702,0,0.509394459952759,0.374060554004724,0,0.861820914751986,0.459147519862572,0,0.162067854842173,0.576712475842817,0,0,0.879428816834872,0.781726433326176,0,0.906968005153532,0.963549495383294,0,0,0,0.751664161477346,0.394728365900795,0,0.925703242430749,0,0,0
PPFIBP2,0,0.606023190895426,0.845555078376637,0,0.385280223319734,0.582295469186171,0,0.580094481425811,0.55615202920335,0,0.489370839596307,0.987116169207644,0,0,0.509340777324458,0.585033283229547,0,0.94889413785699,0.72573545200773,0,0,0,0.697659437406055,0.507193472192399,0,0.999302125832081,0,0,0
PPP1R14D,0,0.937191324887267,0.102319089542624,0,0.992967575692506,0.998872664805669,0,0.816620141722139,0.998711616920764,0,0.722299763796435,0.774157182735667,0,0,0.713334764870088,0.745598024479278,0,0.361391453725574,0.716716770453081,0,0,0,0.611820914751986,0.999838952115096,0,0.00096628730942667,0,0,0
MMP11,0,0.910296328108224,0.577464032639038,0,0.820807386729654,0.842012024908739,0,0.874221601889628,0.865471333476487,0,0.205550783766373,0.587287953618209,0,0,0.794717629375134,0.835892205282371,0,0.841206785484217,0.857579987116169,0,0,0,0.77501610478849,0.930266265836375,0,0.308514064848615,0,0,0
BNC1,0,0.915127764655358,0.980727936439768,0,0.449216233626798,0.46231479493236,0,0.907558514064849,0.481425810607687,0,0.625187889199055,0.266695297401761,0,0,0.873470045093408,0.900955550783766,0,0.907826927206356,0.964730513205927,0,0,0,0.885333905948035,0.539617779686493,0,0.692291174575907,0,0,0
MYO1B,0,0.649774532961134,0.890111659866867,0,0.597380287738888,0.304380502469401,0,0.687245007515568,0.318499033712691,0,0.168509770238351,0.264762722782907,0,0,0.601352802233197,0.629106721065063,0,0.703188748121108,0.8514601674898,0,0,0,0.603500107365257,0.331812325531458,0,0.71193901653425,0,0,0
OXSM,0,0.983304702598239,0.955121322739961,0,0.758267124758428,0.621644835731157,0,0.96666308782478,0.669690788060983,0,0.556635172858063,0.829289242001288,0,0,0.954477131200344,0.958932789349367,0,0.981586858492592,0.93515138501181,0,0,0,0.932789349366545,0.494470689284947,0,0.976970152458664,0,0,0
ISM1,0,0.543214515782693,0.8985398325102,0,0.274210865363968,0.245812754992484,0,0.585033283229547,0.291013528022332,0,0.345018252093623,0.661745759072364,0,0,0.539027270775177,0.586160618423878,0,0.815868584925918,0.678280008589221,0,0,0,0.669100279149667,0.16158471118746,0,0.921623362679837,0,0,0
TOMM6,0,0.957107579987116,0.395963066351729,0,0.844159330040799,0.436171354949538,0,0.978741679192613,0.577356667382435,0,0.937352372772171,0.927421086536397,0,0,0.993289671462315,0.975252308353017,0,0.978741679192613,0.833583852265407,0,0,0,0.950236203564527,0.828967146231479,0,0.776680266265836,0,0,0
ADAMTS2,0,0.256441915396178,0.830094481425811,0,0.266104788490444,0.0187889199055186,0,0.53585999570539,0.291013528022332,0,0.0934614558728795,0.0754777753918832,0,0,0.455550783766373,0.452705604466395,0,0.567371698518359,0.815331758642903,0,0,0,0.369980674253811,0.086267983680481,0,0.606345286665235,0,0,0
ILF2,0,0.76991625509985,0.0111659866867082,0,0.86267983680481,0.892581060768735,0,0.894298904874383,0.869443847970797,0,0.8804487867726,0.961133777109727,0,0,0.964730513205927,0.820538973588147,0,0.896875671032854,0.173394889413786,0,0,0,0.537631522439339,0.801642688426025,0,0.546489156109083,0,0,0
CACYBP,0,0.533873738458235,0.0170173931715697,0,0.783068499033713,0.494041228258536,0,0.801266910027915,0.747315868584926,0,0.84673609619927,0.980459523298261,0,0,0.734378355164269,0.636461241142366,0,0.881951900365042,0.0309748765299549,0,0,0,0.389413785698948,0.838307923555937,0,0.829772385656002,0,0,0
TMEM2,0,0.978473266051106,0.486364612411424,0,0.95324243074941,0.83261756495598,0,0.987116169207644,0.747315868584926,0,0.293214515782693,0.79240927635817,0,0,0.965911531028559,0.944975305990981,0,0.990283444277432,0.893762078591368,0,0,0,0.784893708395963,0.762024908739532,0,0.961348507622933,0,0,0
SLC25A24,0,0.982714193686923,0.961616920764441,0,0.943364827141937,0.769969937728151,0,0.948410994202276,0.755475628086751,0,0.393601030706463,0.344964569465321,0,0,0.939768091045738,0.914751986257247,0,0.926186386085463,0.979654283873738,0,0,0,0.887373845823492,0.688962851621215,0,0.805185741893923,0,0,0
ATP5G1,0,0.940304917328752,0.164161477345931,0,0.955658149022976,0.0177689499677904,0,0.99457805454155,0.657290100923341,0,0.946532102211724,0.90363968219884,0,0,0.991893923126476,0.958234915181447,0,0.988082456517071,0.294717629375134,0,0,0,0.731694223749195,0.407773244578055,0,0.988565600171784,0,0,0
STX11,0,0.656109083100709,0.259287094696156,0,0.659491088683702,0.515514279579128,0,0.527592870946962,0.539027270775177,0,0.471923985398325,0.717897788275714,0,0,0.597917114021903,0.444223749194761,0,0.527968649345072,0.211992699162551,0,0,0,0.455819196907881,0.569304273137213,0,0.83911316298046,0,0,0
CYP2S1,0,0.82751771526734,0.228956409705819,0,0.699377281511703,0.867511273351943,0,0.778881254026197,0.84491088683702,0,0.218864075585141,0.479117457590724,0,0,0.783605325316728,0.87427528451793,0,0.700397251449431,0.6847756066137,0,0,0,0.928226325960919,0.910027914966717,0,0.136729654283874,0,0,0
MAMDC2,0,0.599527592870947,0.94964569465321,0,0.29058406699592,0.0143869443847971,0,0.776626583637535,0.291013528022332,0,0.080470259823921,0.142634743397037,0,0,0.679031565385441,0.774479278505476,0,0.809641400042946,0.914644621000644,0,0,0,0.708771741464462,0.0734915181447284,0,0.678494739102426,0,0,0
SGCD,0,0.89709040154606,0.957537041013528,0,0.511058621430105,0.103500107365257,0,0.880180373631093,0.291013528022332,0,0.0519111015675327,0.160833154391239,0,0,0.879375134206571,0.534034786343139,0,0.894245222246081,0.977077517715267,0,0,0,0.190358599957054,0.300193257461885,0,0.941110156753275,0,0,0
NLRC4,0,0.549119604895856,0.111176723212368,0,0.748335838522654,0.925649559802448,0,0.242645479922697,0.902619712261112,0,0.427045308138286,0.548529095984539,0,0,0.254938801803736,0.19529740176079,0,0.0542731372127979,0.587287953618209,0,0,0,0.207859136783337,0.921140219025123,0,0.0802555293107151,0,0,0
SLC38A1,0,0.873470045093408,0.649076658793215,0,0.722138715911531,0.91485935151385,0,0.77716340992055,0.732177367403908,0,0.395426240068714,0.515997423233842,0,0,0.750751556796221,0.858868370195405,0,0.725789134636032,0.835462744255959,0,0,0,0.915288812540262,0.811520292033498,0,0.442291174575907,0,0,0
NDUFB9,0,0.882381361391454,0.252039939875456,0,0.838737384582349,0.821612626154177,0,0.885924414859351,0.795522868799656,0,0.889413785698948,0.986847756066137,0,0,0.8623040584067,0.822525230835302,0,0.974930212583208,0.301857418939231,0,0,0,0.720581919690788,0.641883186600816,0,0.988995061198196,0,0,0
LRRC48,0,0.606237921408632,0.926401116598669,0,0.241088683701954,0.251181017822633,0,0.602480137427528,0.291013528022332,0,0.542516641614773,0.8659544771312,0,0,0.635763366974447,0.762347004509341,0,0.853178011595448,0.379160403693365,0,0,0,0.875617350225467,0.0631844535108439,0,0.966555722568177,0,0,0
IFNGR1,0,0.749409491088684,0.327088254240928,0,0.700343568821129,0.797401760790208,0,0.575424092763582,0.721226111230406,0,0.451417221387159,0.630287738887696,0,0,0.533873738458235,0.549763796435473,0,0.341582563882328,0.289510414429891,0,0,0,0.620356452651922,0.889252737814043,0,0.207268627872021,0,0,0
FAM168A,0,0.561627657290101,0.342817264333262,0,0.690519647841958,0.75907236418295,0,0.620624865793429,0.782370624865793,0,0.684668241357097,0.653908095340348,0,0,0.753543053467898,0.474769164698304,0,0.534142151599742,0.430158900579772,0,0,0,0.435741893923126,0.714032639038007,0,0.583583852265407,0,0,0
ITGB5,0,0.987223534464247,0.945673180158901,0,0.833959630663517,0.934936654498604,0,0.976487008803951,0.836858492591797,0,0.828161906806957,0.579611337771097,0,0,0.957859136783337,0.973856560017178,0,0.958718058836161,0.980191110156753,0,0,0,0.972997637964355,0.914966716770453,0,0.451792999785269,0,0,0
LYSMD2,0,0.594642473695512,0.436654498604252,0,0.581543912389951,0.832563882327679,0,0.441056474124973,0.778720206141293,0,0.210328537685205,0.570377925703242,0,0,0.336858492591797,0.433057762508052,0,0.649613485076229,0.688748121108009,0,0,0,0.528076014601675,0.813989692935366,0,0.784195834228044,0,0,0
ANKRD50,0,0.812647627227829,0.730620571183165,0,0.850332832295469,0.778505475628087,0,0.736686708181233,0.753382005582993,0,0.113431393601031,0.309963495812755,0,0,0.676508481855272,0.68912389950612,0,0.519057333047026,0.88694438479708,0,0,0,0.686815546489156,0.874597380287739,0,0.0828859780974877,0,0,0
SPRED1,0,0.945726862787202,0.96048958557011,0,0.672052823706249,0.487867726003865,0,0.942935366115525,0.514064848614988,0,0.0519111015675327,0.211294824994632,0,0,0.908578484002577,0.840455228687997,0,0.923878033068499,0.984700450934078,0,0,0,0.615041872450075,0.469132488726648,0,0.849473910242646,0,0,0
HNRNPL,0,0.789295683916685,0.0460596950826712,0,0.88587073223105,0.803951041442989,0,0.715696800515353,0.76342065707537,0,0.718595662443633,0.951739317156968,0,0,0.87610049388018,0.659652136568606,0,0.816351728580631,0.25182520936225,0,0,0,0.694760575477775,0.760629160403693,0,0.901653424951686,0,0,0
SH3GLB1,0,0.957644406270131,0.76884260253382,0,0.988995061198196,0.657451148808246,0,0.887105432681984,0.796113377710973,0,0.560661369980674,0.597702383508697,0,0,0.914376207859137,0.783873738458235,0,0.716448357311574,0.847648700880395,0,0,0,0.647305132059266,0.743719132488727,0,0.153317586429032,0,0,0
NAT9,0,0.696048958557011,0.512239639252738,0,0.573491518144728,0.6232016319519,0,0.47353446424737,0.633132918187674,0,0.939016534249517,0.641077947176294,0,0,0.605325316727507,0.734807816190681,0,0.232767876315224,0.184829289242001,0,0,0,0.85070861069358,0.508374490015031,0,0.117296542838737,0,0,0
PANX1,0,0.966018896285162,0.959845394030492,0,0.753704101352802,0.904122825853554,0,0.861391453725574,0.880717199914108,0,0.266265836375349,0.281726433326176,0,0,0.864075585140649,0.950397251449431,0,0.766641614773459,0.922535967360962,0,0,0,0.985076229332188,0.877066781189607,0,0.12824779901224,0,0,0
C16orf54,0,0.0193794288168349,0.0867511273351943,0,0.430212583208074,0.581329181876745,0,0.277217092548851,0.347756066136998,0,0.863270345716126,0.99672535967361,0,0,0.254079879750913,0.321129482499463,0,0.810339274210865,0.0463817908524801,0,0,0,0.301052179514709,0.11305561520292,0,0.990337126905733,0,0,0
S100A4,0,0.975896499892635,0.927796864934507,0,0.565009662873094,0.00536826283014816,0,0.981586858492592,0.86450504616706,0,0.791765084818553,0.426186386085463,0,0,0.976540691432253,0.990766587932145,0,0.982284732660511,0.985666738243504,0,0,0,0.980352158041658,0.495383293966073,0,0.410779471762937,0,0,0
SNAI2,0,0.62899935580846,0.924683272493021,0,0.324457805454155,0.247637964354735,0,0.766856345286665,0.291013528022332,0,0.0762830148164054,0.240498174790638,0,0,0.653478634313936,0.629160403693365,0,0.823706248657934,0.926562164483573,0,0,0,0.470420871805884,0.0913141507408203,0,0.927098990766588,0,0,0
NADK,0,0.451417221387159,0.0465428387373846,0,0.687137642258965,0.695190036504187,0,0.295039725144943,0.746564311788705,0,0.768949967790423,0.805722568176938,0,0,0.231908954262401,0.281565385441271,0,0.305346789778828,0.0784303199484647,0,0,0,0.396929353661155,0.656055400472407,0,0.672321236847756,0,0,0
ZC3H12D,0,0.865310285591583,0.0623792140863217,0,0.813721279793859,0.92790423019111,0,0.655357526304488,0.932091475198626,0,0.487921408632167,0.765675327464033,0,0,0.640648486149882,0.753757783981104,0,0.591367833369122,0.0963066351728581,0,0,0,0.8514601674898,0.958879106721065,0,0.283444277431823,0,0,0
HLA-E,0,0.626637320163195,0.8732016319519,0,0.241088683701954,0.319733734163625,0,0.632488726648057,0.291013528022332,0,0.396983036289457,0.969078806098347,0,0,0.64456731801589,0.770506764011166,0,0.902082885978097,0.221816620141722,0,0,0,0.881629804595233,0.0554004724071291,0,0.99457805454155,0,0,0
FGF17,0,0.716340992054971,0.337287953618209,0,0.561359244148594,0.632005582993343,0,0.640326390380073,0.385172858063131,0,0.926401116598669,0.86123040584067,0,0,0.671891775821344,0.795415503543053,0,0.757354520077303,0.283820055829933,0,0,0,0.896607257891346,0.509662873094267,0,0.820431608331544,0,0,0
MALL,0,0.960006441915396,0.445941593300408,0,0.883508696585785,0.889199055185742,0,0.918348722353446,0.944653210221172,0,0.58986471977668,0.599527592870947,0,0,0.850064419153962,0.897251449430964,0,0.798314365471333,0.951417221387159,0,0,0,0.902029203349796,0.964784195834228,0,0.0506764011165987,0,0,0
GPR115,0,0.662228902727078,0.976272278290745,0,0.241088683701954,0.197874167919261,0,0.631790852480137,0.291013528022332,0,0.291281941163839,0.275499248443204,0,0,0.6485398325102,0.776036074726219,0,0.69347219239854,0.835838522654069,0,0,0,0.884528666523513,0.176776894996779,0,0.625080523942452,0,0,0
PTRF,0,0.998335838522654,0.998872664805669,0,0.958879106721065,0.864827141936869,0,0.999677904230191,0.862089327893494,0,0.815707537041014,0.926293751342066,0,0,0.99962422160189,0.999892634743397,0,0.999838952115096,0.999248443203779,0,0,0,0.997906377496242,0.627066781189607,0,0.974232338415289,0,0,0
B9D1,0,0.842334120678548,0.388554863646124,0,0.58659007945029,0.753811466609405,0,0.917597165557226,0.702705604466395,0,0.34346145587288,0.795522868799656,0,0,0.95216877818338,0.960328537685205,0,0.90471333476487,0.813345501395748,0,0,0,0.962207429675757,0.694009018681555,0,0.275391883186601,0,0,0
ARHGEF12,0,0.487438264977453,0.237921408632167,0,0.506549280652781,0.445619497530599,0,0.61305561520292,0.609673609619927,0,0.873577410350011,0.821505260897574,0,0,0.512722782907451,0.449377281511703,0,0.74747691646983,0.181125187889199,0,0,0,0.190358599957054,0.116706033927421,0,0.844320377925703,0,0,0
GLRX,0,0.988726648056689,0.450880395104144,0,0.998013742752845,0.972621859566244,0,0.966716770453081,0.98512991196049,0,0.662980459523298,0.961187459738029,0,0,0.950021473051321,0.814097058191969,0,0.977829074511488,0.963817908524801,0,0,0,0.486096199269916,0.944706892849474,0,0.963710543268198,0,0,0
MRPS33,0,0.72353446424737,0.823062057118316,0,0.604627442559588,0.386139145372557,0,0.875563667597166,0.522976164913034,0,0.772654069143225,0.764172213871591,0,0,0.892956839166846,0.866115525016105,0,0.903908095340348,0.793590294180803,0,0,0,0.814150740820271,0.488350869658578,0,0.753704101352802,0,0,0
TTLL9,0,0.633938157612197,0.813721279793859,0,0.335086965857848,0.44384797079665,0,0.682843031994846,0.291013528022332,0,0.928226325960919,0.619712261112304,0,0,0.730674253811467,0.837180588361606,0,0.763205926562164,0.325263044878677,0,0,0,0.904928065278076,0.089166845608761,0,0.770453081382865,0,0,0
MEGF9,0,0.863968219884045,0.922213871591153,0,0.62282585355379,0.536933648271419,0,0.781082241786558,0.702222460811681,0,0.410296328108224,0.48657934292463,0,0,0.770023620356453,0.677743182306206,0,0.797777539188319,0.922213871591153,0,0,0,0.678655786987331,0.580899720850333,0,0.814419153961778,0,0,0
PAK1,0,0.380931930427314,0.263205926562164,0,0.62754992484432,0.753059909813184,0,0.472138715911531,0.77501610478849,0,0.553843676186386,0.629804595232983,0,0,0.389574833583852,0.5144943096414,0,0.368960704316083,0.224339703671892,0,0,0,0.541765084818553,0.786128408846897,0,0.156001717844106,0,0,0
ADAP1,0,0.526572901009233,0.000161047884904445,0,0.967522009877604,0.997691646983036,0,0.520882542409276,0.981318445351084,0,0.81667382435044,0.995114880824565,0,0,0.499677904230191,0.511112304058407,0,0.296918617135495,0.0040798797509126,0,0,0,0.482928924200129,0.995329611337771,0,0.217414644621001,0,0,0
CHP2,0,0.439982821558944,0.191646983036289,0,0.66920764440627,0.768091045737599,0,0.242591797294396,0.774157182735667,0,0.160457375993129,0.523512991196049,0,0,0.153854412712046,0.171193901653425,0,0.0696800515353232,0.217307279364398,0,0,0,0.268520506764011,0.90143869443848,0,0.172267554219455,0,0,0
LILRA5,0,0.0457375993128624,0.453510843890917,0,0.241088683701954,0.132166630878248,0,0.0201309856130556,0.291013528022332,0,0.421462314794932,0.461670603392742,0,0,0.101406484861499,0.109619926991626,0,0.335462744255959,0.2065170710758,0,0,0,0.190358599957054,0.0757998711616921,0,0.718649345071935,0,0,0
USE1,0,0.48008374490015,0.0268949967790423,0,0.668617135494954,0.702759287094696,0,0.574028344427743,0.555024694009019,0,0.962153747047455,0.957161262615418,0,0,0.794878677260039,0.723856560017178,0,0.730566888554864,0.152941808030921,0,0,0,0.833369121752201,0.788597809748765,0,0.317049602748551,0,0,0
APOL6,0,0.904069143225252,0.872879536182091,0,0.81339918402405,0.583852265406914,0,0.971816620141722,0.604627442559588,0,0.541496671677045,0.433487223534464,0,0,0.947068928494739,0.958557010951256,0,0.923233841528881,0.92318015890058,0,0,0,0.857043160833154,0.47535967360962,0,0.275284517929998,0,0,0
SGMS1,0,0.966448357311574,0.779149667167705,0,0.984378355164269,0.737008803951041,0,0.981372127979386,0.77791496671677,0,0.487652995490659,0.924146446210006,0,0,0.924146446210006,0.899828215589435,0,0.978043805024694,0.994900150311359,0,0,0,0.459523298260683,0.815975950182521,0,0.713817908524801,0,0,0
BCL6,0,0.938318660081598,0.838093193042731,0,0.869175434829289,0.814311788705175,0,0.826121966931501,0.829181876744685,0,0.871591153102856,0.766212153747047,0,0,0.820807386729654,0.779525445565815,0,0.891775821344213,0.904122825853554,0,0,0,0.815707537041014,0.875778398110372,0,0.815331758642903,0,0,0
SMG1,0,0.981855271634099,0.253811466609405,0,0.981801589005798,0.959362250375778,0,0.912175220098776,0.940358599957054,0,0.279901223963925,0.604573759931286,0,0,0.893815761219669,0.769969937728151,0,0.728097487652996,0.627496242216019,0,0,0,0.704262400687138,0.979976379643547,0,0.19964569465321,0,0,0
PTK2B,0,0.643547348078162,0.288436761863861,0,0.536718917758213,0.802608975735452,0,0.660833154391239,0.713549495383294,0,0.936708181232553,0.923985398325102,0,0,0.818391668456088,0.74855056903586,0,0.742216018896285,0.266856345286665,0,0,0,0.861176723212368,0.897251449430964,0,0.745705389735882,0,0,0
SRGAP2,0,0.00977023835086966,0.331812325531458,0,0.241088683701954,0.106613699806743,0,0.162175220098776,0.291013528022332,0,0.0826712475842817,0.499409491088684,0,0,0.454799226970152,0.109619926991626,0,0.495007515567962,0.441271204638179,0,0,0,0.190358599957054,0.182681984109942,0,0.908954262400687,0,0,0
CLIP1,0,0.932091475198626,0.987599312862358,0,0.742001288383079,0.357526304487868,0,0.962529525445566,0.345930856774748,0,0.345877174146446,0.491947605754778,0,0,0.938694438479708,0.923985398325102,0,0.971601889628516,0.984324672535967,0,0,0,0.836643762078591,0.127925703242431,0,0.922697015245866,0,0,0
NXN,0,0.657934292462959,0.770721494524372,0,0.632166630878248,0.501717844105647,0,0.806849903371269,0.540154605969508,0,0.815170710757999,0.736042516641615,0,0,0.747584281726433,0.717414644621001,0,0.863431393601031,0.858975735452008,0,0,0,0.517822632596092,0.472568176937943,0,0.818499033712691,0,0,0
TMEM127,0,0.612089327893494,0.39456731801589,0,0.512293321881039,0.692291174575907,0,0.642849473910243,0.70979171140219,0,0.917221387159115,0.808782477990122,0,0,0.692505905089113,0.752147305132059,0,0.576068284303199,0.159007945028989,0,0,0,0.8152243933863,0.557386729654284,0,0.166523512991196,0,0,0
PHLDB2,0,0.989639252737814,0.998013742752845,0,0.496940090186816,0.424575907236418,0,0.98443203779257,0.446907880609835,0,0.874328967146231,0.500644191539618,0,0,0.985344642473695,0.992054971011381,0,0.98947820485291,0.976111230405841,0,0,0,0.99312862357741,0.405357526304488,0,0.909276358170496,0,0,0
FAM126A,0,0.989907665879321,0.973266051105862,0,0.932950397251449,0.438962851621215,0,0.988887695941593,0.436332402834443,0,0.563560231908954,0.969508267124758,0,0,0.985935151385012,0.893601030706463,0,0.999141077947176,0.973319733734164,0,0,0,0.728687996564312,0.549924844320378,0,0.99962422160189,0,0,0
PPARG,0,1,0.998818982177367,0,1,0.546167060339274,0,1,0.856774747691647,0,0.355271634099205,0.583583852265407,0,0,1,0.988887695941593,0,1,1,0,0,0,0.537631522439339,0.678172643332618,0,0.997154820700021,0,0,0
STMN1,0,0.826658793214516,0.409544771312003,0,0.897412497315869,0.825316727506979,0,0.750483143654713,0.663678333691218,0,0.752093622503758,0.589972085033283,0,0,0.750697874167919,0.764655357526305,0,0.604036933648271,0.369819626368907,0,0,0,0.829826068284303,0.789671462314795,0,0.328430319948465,0,0,0
DPM3,0,0.621483787846253,0.0174468541979815,0,0.936010307064634,0.982016319519004,0,0.617457590723642,0.955819196907881,0,0.756925059050891,0.855754777753919,0,0,0.698947820485291,0.723588146875671,0,0.277002362035645,0.0710757998711617,0,0,0,0.759394459952759,0.964408417436118,0,0.119443847970797,0,0,0
POU2F2,0,0.482392097917114,0.488458234915181,0,0.57644406270131,0.434131415074082,0,0.55035430534679,0.412712046381791,0,0.809158256388233,0.571290530384368,0,0,0.60290959845394,0.659115310285592,0,0.464408417436118,0.171408632166631,0,0,0,0.758750268413142,0.118960704316083,0,0.772439338630019,0,0,0
PPM1M,0,0.518144728365901,0.742323384152888,0,0.456033927421087,0.575209362250376,0,0.585086965857848,0.493880180373631,0,0.713495812754993,0.749141077947176,0,0,0.537202061412927,0.677528451793,0,0.714354734807816,0.433648271419369,0,0,0,0.782853768520507,0.546328108224179,0,0.692720635602319,0,0,0
EMB,0,0.846682413570968,0.283068499033713,0,0.460489585570109,0.347380287738888,0,0.879375134206571,0.291013528022332,0,0.750536826283015,0.704423448572042,0,0,0.908900579772386,0.588200558299334,0,0.945351084389092,0.895533605325317,0,0,0,0.190358599957054,0.33948894137857,0,0.972192398539833,0,0,0
LILRA2,0,0.133186600815976,0.583315439123899,0,0.241088683701954,0.265621644835731,0,0.156109083100709,0.291013528022332,0,0.30760146016749,0.60543268198411,0,0,0.108492591797294,0.109619926991626,0,0.524157182735667,0.353178011595448,0,0,0,0.190358599957054,0.300193257461885,0,0.913946746832725,0,0,0
SOS1,0,0.791496671677045,0.097863431393601,0,0.94674683272493,0.982177367403908,0,0.695190036504187,0.948357311573975,0,0.597702383508697,0.939016534249517,0,0,0.477990122396393,0.714569465321022,0,0.673663302555293,0.298260682843032,0,0,0,0.58116813399184,0.935419798153318,0,0.348292892420013,0,0,0
CDKN1A,0,0.959308567747477,0.0734915181447284,0,0.813560231908954,0.948840455228688,0,0.851352802233197,0.972246081168134,0,0.861015675327464,0.645802018466824,0,0,0.958073867296543,0.888125402619712,0,0.73985398325102,0.749785269486794,0,0,0,0.896338844749839,0.989531887481211,0,0.0272170925488512,0,0,0
DPYSL3,0,0.929407343783552,0.990498174790638,0,0.380502469400902,0.135548636461241,0,0.96993772815117,0.291013528022332,0,0.209952759287095,0.177635817049603,0,0,0.947015245866438,0.950773029847541,0,0.973588146875671,0.986471977668027,0,0,0,0.868423878033069,0.0499248443203779,0,0.849205497101138,0,0,0
PIP4K2A,0,0.627120463817909,0.764279579128194,0,0.329557655142796,0.260790208288598,0,0.710543268198411,0.291013528022332,0,0.56050032209577,0.893386300193257,0,0,0.758428172643333,0.499302125832081,0,0.914537255744041,0.416255099849689,0,0,0,0.469078806098347,0.156109083100709,0,0.996564311788705,0,0,0
SCPEP1,0,0.26884260253382,0.24237706678119,0,0.622503757783981,0.665557225681769,0,0.364182950397251,0.396446210006442,0,0.719347219239854,0.437083959630664,0,0,0.274747691646983,0.314150740820271,0,0.071773674039081,0.381629804595233,0,0,0,0.303038436761864,0.554648915610908,0,0.164537255744041,0,0,0
KLC4,0,0.477721709254885,0.300891131629805,0,0.671247584281726,0.718595662443633,0,0.77646553575263,0.809587717414645,0,0.945351084389092,0.900901868155465,0,0,0.697874167919261,0.868638608546274,0,0.781941163839382,0.219239853983251,0,0,0,0.803467897788276,0.535430534678978,0,0.736471977668027,0,0,0
FPR3,0,0.771097272922482,0.957053897358815,0,0.241088683701954,0.283873738458235,0,0.725305990981318,0.291013528022332,0,0.241571827356667,0.14998926347434,0,0,0.750912604681125,0.87175220098776,0,0.737491947605755,0.878569894782048,0,0,0,0.943794288168349,0.409544771312003,0,0.282800085892205,0,0,0
SLC43A2,0,0.96231479493236,0.284088468971441,0,0.777324457805454,0.934560876100494,0,0.859566244363324,0.861123040584067,0,0.803682628301482,0.870356452651922,0,0,0.878569894782048,0.952061412926777,0,0.703349796006012,0.0612518788919906,0,0,0,0.983895211509556,0.939929138930642,0,0.14456731801589,0,0,0
LAD1,0,0.576014601674898,0.0570109512561735,0,0.874006871376423,0.920012883830792,0,0.507891346360318,0.815492806527808,0,0.658739531887481,0.804809963495813,0,0,0.433755636675972,0.4420227614344,0,0.397144084174361,0.321719991410779,0,0,0,0.436654498604252,0.85543268198411,0,0.261165986686708,0,0,0
GNS,0,0.661477345930857,0.225144943096414,0,0.859619926991625,0.805239424522225,0,0.433165127764655,0.656270130985613,0,0.871483787846253,0.765621644835731,0,0,0.417436117672321,0.520614129267769,0,0.429890487438265,0.178333691217522,0,0,0,0.639360103070646,0.867511273351943,0,0.350977023835087,0,0,0
CORO2A,0,0.671354949538329,0.0802555293107151,0,0.898164054112089,0.994255958771741,0,0.277431823062057,0.954101352802233,0,0.707483358385227,0.647305132059266,0,0,0.266373201631952,0.299012239639253,0,0.0110586214301052,0.4347756066137,0,0,0,0.430212583208074,0.993343354090616,0,0.00220098776036075,0,0,0
MRPL34,0,0.874543697659437,0.178333691217522,0,0.806474124973159,0.780115954477131,0,0.964301052179515,0.564150740820271,0,0.999946317371698,0.994363324028344,0,0,0.976057547777539,0.986096199269916,0,0.973427098990767,0.0717199914107795,0,0,0,0.984968864075585,0.540798797509126,0,0.824189392312648,0,0,0
DCUN1D3,0,0.978526948679407,0.861337771097273,0,0.885709684346146,0.836858492591797,0,0.952222460811681,0.749033712690573,0,0.219722997637964,0.815278076014602,0,0,0.944867940734378,0.788222031350655,0,0.977506978741679,0.973212368477561,0,0,0,0.596414000429461,0.842173072793644,0,0.989263474339704,0,0,0
ATP6V0D1,0,0.508964998926347,0.144137856989478,0,0.759931286235774,0.687083959630663,0,0.627120463817909,0.595179299978527,0,0.953671891775821,0.990873953188748,0,0,0.731425810607687,0.665879321451578,0,0.85215804165772,0.100869658578484,0,0,0,0.752952544556581,0.625134206570754,0,0.939929138930642,0,0,0
ARAP1,0,0.990659222675542,0.958234915181447,0,0.895694653210221,0.948410994202276,0,0.996403263903801,0.933057762508052,0,0.617994417006657,0.909866867081812,0,0,0.987814043375564,0.99817479063775,0,0.998335838522654,0.974339703671892,0,0,0,0.993772815117028,0.901009233412068,0,0.876207859136783,0,0,0
SNRPD2,0,0.798851191754348,0.228419583422804,0,0.793643976809105,0.914966716770453,0,0.737116169207644,0.953779257032424,0,0.666040369336483,0.953135065492807,0,0,0.746564311788705,0.865686063989693,0,0.752630448786773,0.0637212797938587,0,0,0,0.913087824779901,0.786021043590294,0,0.637856989478205,0,0,0
PEA15,0,0.30180373631093,0.578806098346575,0,0.386514923770668,0.359566244363324,0,0.509501825209362,0.489102426454799,0,0.493450719347219,0.578537685205068,0,0,0.5072471548207,0.547992269701525,0,0.648271419368692,0.352372772170925,0,0,0,0.507032424307494,0.083261756495598,0,0.771795147090402,0,0,0
TPRN,0,0.946693150096629,0.00155679622074297,0,0.926937942881684,0.992054971011381,0,0.676401116598669,0.996134850762293,0,0.994685419798153,0.949323598883401,0,0,0.857418939231265,0.885709684346146,0,0.304273137212798,0.0239961348507623,0,0,0,0.952222460811681,0.968703027700236,0,0.0198088898432467,0,0,0
ABCA1,0,0.999838952115096,0.996403263903801,0,0.97428602104359,0.745866437620786,0,0.999785269486794,0.763850118101782,0,0.397412497315869,0.613324028344428,0,0,0.999785269486794,0.997691646983036,0,0.99962422160189,0.999194760575478,0,0,0,0.970528237062487,0.703135065492807,0,0.969615632381361,0,0,0
ZDHHC7,0,0.924736955121323,0.839435258750268,0,0.953671891775821,0.746188533390595,0,0.90868584925918,0.812379214086322,0,0.170979171140219,0.743665449860425,0,0,0.819948464676831,0.816781189607043,0,0.897144084174361,0.947713120034357,0,0,0,0.665396177796865,0.747369551213227,0,0.797562808675113,0,0,0
PDLIM7,0,0.821719991410779,0.638232767876315,0,0.597863431393601,0.574296757569251,0,0.834228043805025,0.421891775821344,0,0.824726218595662,0.92173072793644,0,0,0.829933433540906,0.926132703457161,0,0.87389950611982,0.216502039939875,0,0,0,0.960972729224823,0.498121108009448,0,0.788007300837449,0,0,0
C5AR1,0,0.31194975305991,0.202115095555078,0,0.636192828000859,0.712797938587073,0,0.431232553145802,0.75977023835087,0,0.305024694009019,0.617189177582134,0,0,0.461616920764441,0.445834228043805,0,0.372396392527378,0.149559802447928,0,0,0,0.461777968649345,0.670764440627013,0,0.773942452222461,0,0,0
MKL2,0,0.912443633240283,0.303306849903371,0,0.935419798153318,0.754294610264118,0,0.893278934936654,0.798153317586429,0,0.12137642258965,0.361445136353876,0,0,0.813560231908954,0.616383938157612,0,0.866330255529311,0.970045093407773,0,0,0,0.190358599957054,0.876852050676401,0,0.485613055615203,0,0,0
TAF11,0,0.325101996993773,0.820861069357956,0,0.241088683701954,0.255153532316942,0,0.449055185741894,0.291013528022332,0,0.618531243289671,0.611713549495383,0,0,0.51884260253382,0.630341421515997,0,0.631844535108439,0.246349581275499,0,0,0,0.774157182735667,0.0403156538544127,0,0.863324028344428,0,0,0
PLIN3,0,0.888340133132918,0.862143010521795,0,0.655894352587503,0.761004938801804,0,0.951148808245652,0.576873523727722,0,0.867135494953833,0.936332402834443,0,0,0.945887910672107,0.969669315009663,0,0.98223105003221,0.934453510843891,0,0,0,0.936922911745759,0.512615417650848,0,0.582993343354091,0,0,0
DTX4,0,0.758803951041443,0.00901868155464892,0,0.917436117672321,0.638125402619712,0,0.768949967790423,0.816942237491948,0,0.31812325531458,0.915771956194975,0,0,0.636783336912175,0.542355593729869,0,0.759233412067855,0.0301696371054327,0,0,0,0.363431393601031,0.951900365041872,0,0.538490444492162,0,0,0
TMEM9,0,0.832510199699377,0.934614558728795,0,0.444545844964569,0.592924629589865,0,0.700236203564527,0.62717414644621,0,0.958181232553146,0.544771312003436,0,0,0.703832939660726,0.820377925703242,0,0.801857418939231,0.805776250805239,0,0,0,0.91051105862143,0.626691002791497,0,0.588952115095555,0,0,0
ATG3,0,0.771687781833799,0.362948249946317,0,0.515245866437621,0.496886407558514,0,0.684131415074082,0.497262185956624,0,0.489800300622719,0.476594374060554,0,0,0.702490873953189,0.648700880395104,0,0.465267339488941,0.123308997208503,0,0,0,0.647305132059266,0.481908954262401,0,0.661531028559158,0,0,0
CPM,0,0.829826068284303,0.281565385441271,0,0.98695512132274,0.952651921838093,0,0.46521365686064,0.994685419798153,0,0.268574189392313,0.625885763366974,0,0,0.342441485935151,0.327302984754134,0,0.335838522654069,0.720367189177582,0,0,0,0.411853124328967,0.96086536396822,0,0.221226111230406,0,0,0
AMBRA1,0,0.817532746403264,0.288544127120464,0,0.815492806527808,0.773996134850762,0,0.876852050676401,0.786987330899721,0,0.845877174146446,0.859083100708611,0,0,0.79493235988834,0.758750268413142,0,0.893923126476272,0.818015890057977,0,0,0,0.485022546703887,0.684936654498604,0,0.696048958557011,0,0,0
AP4E1,0,0.841153102855916,0.404659652136569,0,0.6847756066137,0.493611767232124,0,0.936010307064634,0.605862143010522,0,0.867511273351943,0.852372772170925,0,0,0.91738243504402,0.824833583852265,0,0.934238780330685,0.86375348937084,0,0,0,0.42897788275714,0.496940090186816,0,0.796328108224179,0,0,0
C19orf38,0,0.391131629804595,0.0270560446639467,0,0.590777324457806,0.677098990766588,0,0.547401760790208,0.554648915610908,0,0.633830792355594,0.792624006871376,0,0,0.500751556796221,0.569089542624007,0,0.412604681125188,0.0273781404337556,0,0,0,0.526572901009233,0.666952974017608,0,0.689929138930642,0,0,0
HEXB,0,0.689768091045738,0.084925917972944,0,0.976540691432253,0.903102855915826,0,0.692666952974018,0.898861928280009,0,0.181017822632596,0.561037148378785,0,0,0.633508696585785,0.449055185741894,0,0.425864290315654,0.3297187030277,0,0,0,0.328645050461671,0.983251019969938,0,0.109673609619927,0,0,0
TNFSF4,0,0.555776250805239,0.840777324457806,0,0.339166845608761,0.270506764011166,0,0.722353446424737,0.291013528022332,0,0.292838737384582,0.739263474339704,0,0,0.783175864290316,0.566190680695727,0,0.867833369121752,0.655572256817694,0,0,0,0.533014816405411,0.18767446854198,0,0.981479493235989,0,0,0
LOXL1,0,0.747315868584926,0.955228687996564,0,0.412604681125188,0.368638608546274,0,0.913624651062916,0.434238780330685,0,0.633991840240498,0.261327034571613,0,0,0.876905733304703,0.927260038651492,0,0.912712046381791,0.946317371698518,0,0,0,0.835892205282371,0.0715052608975735,0,0.400633455013957,0,0,0
PRKACA,0,0.794288168348722,0.0356989478204853,0,0.955282370624866,0.808191969078806,0,0.707000214730513,0.756441915396178,0,0.485988834013313,0.92935366115525,0,0,0.609083100708611,0.73657934292463,0,0.78081382864505,0.090723641829504,0,0,0,0.794180803092119,0.706731801589006,0,0.887749624221602,0,0,0
COPS7B,0,0.843998282155894,0.0292570324243075,0,0.990337126905733,0.944492162336268,0,0.947659437406055,0.897144084174361,0,0.781458020184668,0.919583422804381,0,0,0.936010307064634,0.737652995490659,0,0.930212583208074,0.719025123470045,0,0,0,0.245598024479279,0.868584925917973,0,0.88914537255744,0,0,0
FAM83B,0,0.519325746188533,0.346682413570968,0,0.554058406699592,0.766748980030062,0,0.355862143010522,0.635978097487653,0,0.0519111015675327,0.215535752630449,0,0,0.307118316512776,0.375832080738673,0,0.256441915396178,0.673931715696801,0,0,0,0.504455658149023,0.900311359244149,0,0.149559802447928,0,0,0
RARA,0,0.922267554219455,0.487652995490659,0,0.852641185312433,0.903317586429032,0,0.930212583208074,0.751342065707537,0,0.987062486579343,0.919905518574189,0,0,0.953081382864505,0.973051320592656,0,0.962797938587073,0.834228043805025,0,0,0,0.975842817264333,0.89891561090831,0,0.297670173931716,0,0,0
NPTN,0,0.465428387373846,0.127388876959416,0,0.52716340992055,0.589220528237063,0,0.345501395748336,0.612411423663303,0,0.908363753489371,0.551535323169422,0,0,0.293858707322311,0.390380073008375,0,0.109297831221817,0.0448249946317372,0,0,0,0.412336267983681,0.583100708610694,0,0.0952866652351299,0,0,0
JAGN1,0,0.851567532746403,0.435795576551428,0,0.89564097058192,0.544019755207215,0,0.881844535108439,0.643225252308353,0,0.858868370195405,0.307869873308997,0,0,0.893976809104574,0.809319304273137,0,0.794824994631737,0.95109512561735,0,0,0,0.639360103070646,0.806474124973159,0,0.102104359029418,0,0,0
UBASH3B,0,0.675542194545845,0.966126261541765,0,0.35398325101997,0.160833154391239,0,0.694492162336268,0.341850977023835,0,0.0519111015675327,0.250590508911316,0,0,0.813238136139145,0.791765084818553,0,0.751342065707537,0.855647412497316,0,0,0,0.870571183165128,0.307816190680696,0,0.655035430534679,0,0,0
RNASE6,0,0.52319089542624,0.351889628516212,0,0.66448357311574,0.774532961133777,0,0.328484002576766,0.736740390809534,0,0.537202061412927,0.665288812540262,0,0,0.328161906806957,0.242108653639682,0,0.358438909168993,0.609995705389736,0,0,0,0.309480352158042,0.844374060554005,0,0.602855915825639,0,0,0
DPH5,0,0.752415718273567,0.817908524801374,0,0.538973588146876,0.484217307279364,0,0.892527378140434,0.520184668241357,0,0.188157612196693,0.230030062271849,0,0,0.870946961563238,0.74420227614344,0,0.848507622933219,0.974769164698304,0,0,0,0.190358599957054,0.356667382435044,0,0.283068499033713,0,0,0
BUD31,0,0.88984324672536,0.28806098346575,0,0.872342709899077,0.80217951470904,0,0.906109083100709,0.798314365471333,0,0.854197981533176,0.869121752200988,0,0,0.850386514923771,0.892903156538544,0,0.887856989478205,0.616437620785914,0,0,0,0.769969937728151,0.757569250590509,0,0.40433755636676,0,0,0
CD300LF,0,0.0630770882542409,0.60978097487653,0,0.241088683701954,0.232284732660511,0,0.216770453081383,0.291013528022332,0,0.415771956194975,0.477453296113378,0,0,0.246456946532102,0.291335623792141,0,0.392634743397037,0.314204423448572,0,0,0,0.422911745759072,0.0812218166201417,0,0.854788490444492,0,0,0
ABHD8,0,0.856345286665235,0.156753274640326,0,0.783981103714838,0.765245866437621,0,0.959576980888984,0.549441700665665,0,0.999892634743397,0.993558084603822,0,0,0.971977668026627,0.983519433111445,0,0.969132488726648,0.0649022976164913,0,0,0,0.98260682843032,0.53151170281297,0,0.824028344427743,0,0,0
CNPY3,0,0.520453081382865,0.0146553575263045,0,0.780921193901653,0.876261541765085,0,0.761702812969723,0.846467683057763,0,0.963495812754993,0.969239853983251,0,0,0.724017607902083,0.817049602748551,0,0.760682843031995,0.0464354734807816,0,0,0,0.763635387588576,0.659330040798798,0,0.658578484002577,0,0,0
CATSPER1,0,0.939553360532532,0.940358599957054,0,0.725305990981318,0.33406699592012,0,0.939070216877818,0.617511273351943,0,0.968058836160618,0.76304487867726,0,0,0.953671891775821,0.98368048099635,0,0.891507408202706,0.750590508911316,0,0,0,0.984861498818982,0.396070431608332,0,0.117081812325531,0,0,0
DAPP1,0,0.46086536396822,0.064204423448572,0,0.77426454799227,0.840992054971011,0,0.604895855701095,0.851191754348293,0,0.561842387803307,0.936761863860855,0,0,0.40363968219884,0.517822632596092,0,0.645211509555508,0.19819626368907,0,0,0,0.295415503543053,0.854520077302985,0,0.310178226325961,0,0,0
TNFSF10,0,0.0404767017393172,0.0940519647841958,0,0.444706892849474,0.838576336697445,0,0.500805239424522,0.621108009448143,0,0.540959845394031,0.524694009018682,0,0,0.547294395533605,0.51631951900365,0,0.559265621644836,0.630556152029203,0,0,0,0.51631951900365,0.81377496242216,0,0.336536396821988,0,0,0
PEBP1,0,0.958073867296543,0.643815761219669,0,0.961670603392742,0.831973373416362,0,0.988565600171784,0.744094910886837,0,0.828645050461671,0.629750912604681,0,0,0.966126261541765,0.954047670173932,0,0.971279793858707,0.988887695941593,0,0,0,0.666362465106292,0.758106076873524,0,0.358063130770883,0,0,0
ZNF385A,0,0.736364612411424,0.289939875456302,0,0.551481640541121,0.462261112304058,0,0.804165771956195,0.539939875456302,0,0.986686708181233,0.753167275069787,0,0,0.843300407987975,0.895533605325317,0,0.723105003220958,0.111337771097273,0,0,0,0.88984324672536,0.100332832295469,0,0.600977023835087,0,0,0
SIRT4,0,0.698840455228688,0.0197015245866438,0,0.888984324672536,0.752362035645265,0,0.92065707537041,0.815492806527808,0,0.985398325101997,0.992216018896285,0,0,0.931984109942023,0.87862357741035,0,0.941808030921194,0.20254455658149,0,0,0,0.605378999355808,0.685634528666524,0,0.83224178655787,0,0,0
G0S2,0,0.981103714837879,0.992323384152888,0,0.719830362894567,0.767607902082886,0,0.985183594588791,0.562808675112733,0,0.651653424951686,0.984324672535967,0,0,0.995114880824565,0.99602748550569,0,0.997745329611338,0.981801589005798,0,0,0,0.99672535967361,0.548851191754348,0,0.992645479922697,0,0,0
CLTA,0,0.708825424092764,0.934936654498604,0,0.56629804595233,0.471709254885119,0,0.632703457161263,0.557869873308997,0,0.633132918187674,0.71193901653425,0,0,0.620034356882113,0.757569250590509,0,0.523351943311145,0.804326819841099,0,0,0,0.847541335623792,0.642258964998926,0,0.0975413356237921,0,0,0
AP1S2,0,0.410188962851621,0.337395318874812,0,0.389091689929139,0.491893923126476,0,0.307816190680696,0.515406914322525,0,0.21558943525875,0.461080094481426,0,0,0.27029203349796,0.293590294180803,0,0.34201202490874,0.175488511917543,0,0,0,0.410994202276143,0.506388232767876,0,0.740712905303844,0,0,0
PLBD1,0,0.669744470689285,0.276787631522439,0,0.935366115525016,0.848131844535108,0,0.691593300407988,0.762024908739532,0,0.191646983036289,0.520775177152673,0,0,0.685312432896715,0.452812969722998,0,0.649506119819626,0.830362894567318,0,0,0,0.190358599957054,0.755046167060339,0,0.62899935580846,0,0,0
MTF1,0,0.704960274855057,0.0105217951470904,0,0.680695726862787,0.903908095340348,0,0.558997208503328,0.91775821344213,0,0.570270560446639,0.652082885978097,0,0,0.76594374060554,0.614612411423663,0,0.34566244363324,0.048153317586429,0,0,0,0.749731586858493,0.958771741464462,0,0.132703457161263,0,0,0
MAP2K1,0,0.601996993772815,0.242001288383079,0,0.639306420442345,0.786289456731802,0,0.453296113377711,0.632649774532961,0,0.691432252523083,0.876368907021688,0,0,0.655142795791282,0.536504187245007,0,0.504026197122611,0.16088683701954,0,0,0,0.620356452651922,0.625939445995276,0,0.298045952329826,0,0,0
TFB2M,0,0.922911745759072,0.0749946317371698,0,0.853500107365257,0.580523942452222,0,0.933165127764655,0.788866222890273,0,0.801159544771312,0.735344642473695,0,0,0.925864290315654,0.775606613699807,0,0.911906806957269,0.892312647627228,0,0,0,0.502254670388662,0.874328967146231,0,0.626691002791497,0,0,0
CDA,0,0.975037577839811,0.510199699377281,0,0.961455872879536,0.989800300622719,0,0.901868155464892,0.921462314794932,0,0.16196048958557,0.591421515997423,0,0,0.889950611981963,0.9202812969723,0,0.767500536826283,0.932896714623148,0,0,0,0.951470904015461,0.986794073437836,0,0.0723641829503972,0,0,0
FHL2,0,0.994953832939661,0.750322095769809,0,0.973158685849259,0.957912819411638,0,0.996188533390595,0.916577195619498,0,0.792516641614773,0.712583208073867,0,0,0.99237706678119,0.996456946532102,0,0.993397036718918,0.996134850762293,0,0,0,0.991410779471763,0.975574404122826,0,0.269808889843247,0,0,0
HKDC1,0,0.380341421515997,0.11160618423878,0,0.563936010307065,0.784678977882757,0,0.300139574833584,0.801535323169422,0,0.299226970152459,0.826014601674898,0,0,0.154391238995061,0.214301052179515,0,0.402082885978097,0.240176079020829,0,0,0,0.190358599957054,0.876744685419798,0,0.583798582778613,0,0,0
HMGN3,0,0.851835945887911,0.964247369551213,0,0.288705175005368,0.286665235129912,0,0.831060768735237,0.291013528022332,0,0.824887266480567,0.608546274425596,0,0,0.88549495383294,0.890326390380073,0,0.911262615417651,0.652136568606399,0,0,0,0.934507193472192,0.158095340347863,0,0.908149022976165,0,0,0
GPBAR1,0,0.21993772815117,0.0327464032639038,0,0.697766802662658,0.812218166201417,0,0.748496886407559,0.712100064419154,0,0.950128838307924,0.948840455228688,0,0,0.720850332832295,0.77936439768091,0,0.810607687352373,0.0256066136998067,0,0,0,0.751986257247155,0.87534893708396,0,0.863538758857634,0,0,0
NOL7,0,0.755636675971656,0.73153317586429,0,0.572310500322096,0.429729439553361,0,0.894835731157397,0.636514923770668,0,0.433111445136354,0.611874597380288,0,0,0.9094374060554,0.885548636461241,0,0.876046811251879,0.77281511702813,0,0,0,0.839327893493665,0.444116383938158,0,0.795844964569465,0,0,0
ZNF10,0,0.143708395963066,0.311305561520292,0,0.241088683701954,0.310339274210865,0,0.0213656860639897,0.291013528022332,0,0.751234700450934,0.646660940519648,0,0,0.195243719132489,0.226325960919047,0,0.307869873308997,0.0677474769164698,0,0,0,0.350225467038866,0.0238350869658578,0,0.846521365686064,0,0,0
CXXC5,0,0.653854412712046,0.96666308782478,0,0.260736525660296,0.345394030491733,0,0.838361606184239,0.291442989048744,0,0.923770667811896,0.958288597809749,0,0,0.841206785484217,0.918402404981748,0,0.972675542194546,0.773888769594159,0,0,0,0.948786772600386,0.0295254455658149,0,0.990551857418939,0,0,0
RNF19A,0,0.842978312218166,0.20941593300408,0,0.831382864505046,0.906860639896929,0,0.742430749409491,0.621805883616062,0,0.835784840025768,0.709040154605969,0,0,0.704155035430535,0.640863216663088,0,0.804380502469401,0.89929138930642,0,0,0,0.63152243933863,0.853231694223749,0,0.698464676830578,0,0,0
CREB3L4,0,0.64311788705175,0.0717199914107795,0,0.885011810178226,0.638662228902727,0,0.845608761004939,0.907343783551643,0,0.955980244792785,0.954745544341851,0,0,0.895587287953618,0.921408632166631,0,0.817371698518359,0.0347326605110586,0,0,0,0.913517285806313,0.905250161047885,0,0.274157182735667,0,0,0
VNN3,0,0.806366759716556,0.302394245222246,0,0.938211294824995,0.92683057762508,0,0.660350010736526,0.854144298904874,0,0.168026626583638,0.689929138930642,0,0,0.581436547133348,0.381092978312218,0,0.49602748550569,0.850064419153962,0,0,0,0.315492806527808,0.92500536826283,0,0.173287524157183,0,0,0
MIF,0,0.819357955765514,0.398325101996994,0,0.940519647841958,0.926776894996779,0,0.76594374060554,0.853231694223749,0,0.738082456517071,0.81087610049388,0,0,0.718327249302126,0.714623147949324,0,0.69674683272493,0.859083100708611,0,0,0,0.606667382435044,0.898969293536612,0,0.11557869873309,0,0,0
MRPS24,0,0.668456087610049,0.641077947176294,0,0.585462744255959,0.398003006227185,0,0.545254455658149,0.507730298475413,0,0.804434185097702,0.533981103714838,0,0,0.620410135280223,0.692881683487224,0,0.455497101138072,0.17897788275714,0,0,0,0.795844964569465,0.117940734378355,0,0.325531458020185,0,0,0
RPP40,0,0.6267983680481,0.139628516212154,0,0.544824994631737,0.606452651921838,0,0.646821988404552,0.560124543697659,0,0.587287953618209,0.604412712046382,0,0,0.603231694223749,0.648110371483788,0,0.741840240498175,0.208449645694653,0,0,0,0.712744255958772,0.668992913893064,0,0.613485076229332,0,0,0
DLG5,0,0.772546703886622,0.465965213656861,0,0.523996134850762,0.608277861284088,0,0.771473051320593,0.770882542409276,0,0.215482070002147,0.196048958557011,0,0,0.714193686922912,0.612733519433111,0,0.700075155679622,0.928494739102426,0,0,0,0.418617135494954,0.709738028773889,0,0.250644191539618,0,0,0
SGMS2,0,0.761004938801804,0.312110800944814,0,0.932843031994846,0.872611123040584,0,0.593568821129483,0.847219239853983,0,0.772385656001718,0.511488082456517,0,0,0.566834872235345,0.535484217307279,0,0.340079450289886,0.731640541120893,0,0,0,0.683057762508052,0.929944170066566,0,0.0697337341636246,0,0,0
OAS1,0,0.635441271204638,0.271204638179085,0,0.872289027270775,0.949216233626798,0,0.692505905089113,0.938479707966502,0,0.719776680266266,0.937137642258965,0,0,0.673770667811896,0.480566888554864,0,0.792087180588362,0.879267768949968,0,0,0,0.295415503543053,0.887910672106506,0,0.738082456517071,0,0,0
SNX11,0,0.415181447283659,0.0949108868370195,0,0.72428602104359,0.637588576336697,0,0.118370195404767,0.746188533390595,0,0.956302340562594,0.843300407987975,0,0,0.224876529954907,0.113377710972729,0,0.0609834657504831,0.0842280438050247,0,0,0,0.190358599957054,0.774318230620571,0,0.105915825638823,0,0,0
FBP1,0,0.820861069357956,0.0982928924200129,0,0.961885333905948,0.995598024479278,0,0.616008159759502,0.984700450934078,0,0.56194975305991,0.921515997423234,0,0,0.804756280867511,0.595018252093622,0,0.542194545844965,0.415986686708181,0,0,0,0.653693364827142,0.994148593515139,0,0.110800944814258,0,0,0
MLLT11,0,0.734109942022761,0.198518359458879,0,0.797401760790208,0.897788275713979,0,0.892473695512132,0.832456517071076,0,0.956463388447498,0.779203349796006,0,0,0.892634743397037,0.848131844535108,0,0.846628730942667,0.648325101996994,0,0,0,0.779579128194116,0.901385011810178,0,0.275875026841314,0,0,0
PILRA,0,0.0303306849903371,0.614773459308568,0,0.241088683701954,0.242860210435903,0,0.286182091475199,0.291013528022332,0,0.511863860854627,0.626583637534894,0,0,0.282585355378999,0.343085677474769,0,0.586858492591797,0.272922482284733,0,0,0,0.47208503328323,0.112733519433111,0,0.932628301481641,0,0,0
STOML2,0,0.904820700021473,0.0299012239639253,0,0.99672535967361,0.748389521150956,0,0.93622503757784,0.982875241571827,0,0.979063774962422,0.971118745973803,0,0,0.961294824994632,0.89784195834228,0,0.779310715052609,0.183487223534464,0,0,0,0.688103929568392,0.925488511917543,0,0.0901331329181877,0,0,0
FLAD1,0,0.731640541120893,0.0517500536826283,0,0.978580631307709,0.990390809534035,0,0.908417436117672,0.976057547777539,0,0.877335194331114,0.936063989692935,0,0,0.776572901009233,0.939660725789135,0,0.850654928065278,0.641614773459309,0,0,0,0.877979385870732,0.936654498604252,0,0.0399398754563023,0,0,0
GYG1,0,0.684614558728795,0.590401546059695,0,0.639896929353661,0.504187245007516,0,0.494041228258536,0.530867511273352,0,0.886622289027271,0.828806098346575,0,0,0.520882542409276,0.633132918187674,0,0.653102855915826,0.244417006656646,0,0,0,0.776572901009233,0.365471333476487,0,0.74167919261327,0,0,0
BACE1,0,0.854090616276573,0.966555722568177,0,0.836751127335194,0.463978956409706,0,0.903478634313936,0.393654713334765,0,0.802340562593945,0.354949538329397,0,0,0.935849259179729,0.799441700665665,0,0.848453940304917,0.974554434185098,0,0,0,0.722407129053038,0.493021258320807,0,0.368960704316083,0,0,0
ADAMTS16,0,0.966072578913464,0.966340992054971,0,0.756656645909384,0.655679622074297,0,0.938103929568392,0.509984968864076,0,0.535484217307279,0.239800300622718,0,0,0.950397251449431,0.889789564097058,0,0.865041872450075,0.98078161906807,0,0,0,0.851835945887911,0.718327249302126,0,0.222514494309641,0,0,0
PLD2,0,0.723158685849259,0.0900794502898862,0,0.815707537041014,0.905625939445995,0,0.767339488941379,0.863109297831222,0,0.758428172643333,0.591367833369122,0,0,0.759179729439553,0.770238350869659,0,0.528237062486579,0.439231264762723,0,0,0,0.671086536396822,0.795630234056259,0,0.0595340347863431,0,0,0
DNAJC5,0,0.828806098346575,0.235183594588791,0,0.754670388662229,0.754670388662229,0,0.765460596950827,0.911692076444063,0,0.960757998711617,0.510843890916899,0,0,0.848453940304917,0.636568606398969,0,0.63007300837449,0.722299763796435,0,0,0,0.456141292677689,0.852802233197337,0,0.0954477131200344,0,0,0
ITGA7,0,0.989961348507623,0.963710543268198,0,0.901009233412068,0.898754563023406,0,0.968917758213442,0.905840669959201,0,0.847433970367189,0.581597595018252,0,0,0.971118745973803,0.982821558943526,0,0.945995275928709,0.986257247154821,0,0,0,0.979063774962422,0.851352802233197,0,0.178441056474125,0,0,0
UBR2,0,0.454691861713549,0.264762722782907,0,0.47573545200773,0.668617135494954,0,0.789778827571398,0.770560446639467,0,0.839166845608761,0.9420227614344,0,0,0.737652995490659,0.864773459308568,0,0.922052823706249,0.283068499033713,0,0,0,0.809748765299549,0.576336697444707,0,0.929997852694868,0,0,0
CYP27A1,0,0.699592012024909,0.256710328537685,0,0.783873738458235,0.952490873953189,0,0.430051535323169,0.932681984109942,0,0.253650418724501,0.461885333905948,0,0,0.39891561090831,0.442613270345716,0,0.0363431393601031,0.619229117457591,0,0,0,0.544824994631737,0.942989048743826,0,0.0347863431393601,0,0,0
SIGLEC16,0,0.441324887266481,0.866974447068928,0,0.241088683701954,0.276948679407344,0,0.586751127335194,0.291013528022332,0,0.662443633240283,0.719347219239854,0,0,0.625617350225467,0.752576766158471,0,0.786772600386515,0.354842173072794,0,0,0,0.868262830148164,0.0611445136353876,0,0.930695726862787,0,0,0
MTMR11,0,0.394889413785699,0.319733734163625,0,0.620571183165128,0.724822847326605,0,0.366867081812326,0.55905089113163,0,0.628784625295254,0.579181876744685,0,0,0.325101996993773,0.378140433755637,0,0.0587824779901224,0.605164268842603,0,0,0,0.33911316298046,0.594964569465321,0,0.0820270560446639,0,0,0
LFNG,0,0.921945458449646,0.814043375563668,0,0.453940304917329,0.597326605110586,0,0.96124114236633,0.761756495598024,0,0.73153317586429,0.749033712690573,0,0,0.924414859351514,0.987062486579343,0,0.982392097917114,0.831973373416362,0,0,0,0.979869014386944,0.531458020184668,0,0.631737169851836,0,0,0
KLHDC10,0,0.833476487008804,0.277753918831866,0,0.762185956624436,0.652512347004509,0,0.915879321451578,0.885119175434829,0,0.975413356237921,0.927206356023191,0,0,0.90074082027056,0.884313936010307,0,0.942989048743826,0.234754133562379,0,0,0,0.742699162550999,0.515514279579128,0,0.970742967575693,0,0,0
CPZ,0,0.821505260897574,0.978956409705819,0,0.355540047240713,0.364666094051965,0,0.842226755421945,0.361176723212368,0,0.487438264977453,0.561144513635388,0,0,0.824779901223964,0.863216663087825,0,0.920603392742109,0.934936654498604,0,0,0,0.879106721065063,0.351030706463388,0,0.865149237706678,0,0,0
SIGLEC11,0,0.374490015031136,0.849420227614344,0,0.241088683701954,0.269594159330041,0,0.531672750697874,0.291013528022332,0,0.592334120678548,0.662336267983681,0,0,0.570002147305132,0.692344857204209,0,0.73443203779257,0.355701095125617,0,0,0,0.822471548207,0.0644728365900794,0,0.930642044234486,0,0,0
MANBAL,0,0.910027914966717,0.225037577839811,0,0.984539403049173,0.999677904230191,0,0.899667167704531,0.967736740390809,0,0.285054756280868,0.998121108009448,0,0,0.881951900365042,0.886622289027271,0,0.964730513205927,0.882381361391454,0,0,0,0.867296542838737,0.978849044449216,0,0.8912926776895,0,0,0
DDX24,0,0.551213227399614,0.0500322095769809,0,0.699699377281512,0.767715267339489,0,0.369604895855701,0.907880609834657,0,0.597487652995491,0.570163195190037,0,0,0.681500966287309,0.423394889413786,0,0.0287738887695942,0.702222460811681,0,0,0,0.470420871805884,0.902458664376208,0,0.017500536826283,0,0,0
PMM1,0,0.937728151170281,0.933916684560876,0,0.833208073867297,0.791979815331759,0,0.898808245651707,0.892473695512132,0,0.13297187030277,0.51197122611123,0,0,0.873308997208503,0.937298690143869,0,0.855217951470904,0.915879321451578,0,0,0,0.944867940734378,0.917865578698733,0,0.342441485935151,0,0,0
TARBP1,0,0.425864290315654,0.307869873308997,0,0.582349151814473,0.654283873738458,0,0.388340133132918,0.610103070646339,0,0.777002362035645,0.710543268198411,0,0,0.483626798368048,0.348776036074726,0,0.490820270560447,0.334872235344642,0,0,0,0.396929353661155,0.715267339488941,0,0.398593515138501,0,0,0
RPL11,0,0.943257461885334,0.364880824565171,0,0.989102426454799,0.752469400901868,0,0.977721709254885,0.761756495598024,0,0.717736740390809,0.958181232553146,0,0,0.969991410779472,0.841206785484217,0,0.978795361820915,0.933433540906163,0,0,0,0.441217522009878,0.750161047884904,0,0.984217307279364,0,0,0
USP3,0,0.827141936869229,0.0266802662658364,0,0.944009018681555,0.985559372986901,0,0.73840455228688,0.984002576766158,0,0.782048529095985,0.986096199269916,0,0,0.610693579557655,0.818982177367404,0,0.818821129482499,0.0333905948035216,0,0,0,0.777485505690359,0.911423663302555,0,0.837985827786128,0,0,0
CDK6,0,0.557869873308997,0.207429675756925,0,0.566620141722139,0.739800300622719,0,0.621322739961348,0.773083530169637,0,0.220313506549281,0.593568821129483,0,0,0.414054112089328,0.527968649345072,0,0.673609619926992,0.814633884474984,0,0,0,0.460382220313507,0.647358814687567,0,0.792355593729869,0,0,0
GLIPR2,0,0.6557869873309,0.452007730298475,0,0.811735022546704,0.852748550569036,0,0.739907665879321,0.870034356882113,0,0.849044449216234,0.921032853768521,0,0,0.522761434399828,0.757998711616921,0,0.788007300837449,0.765406914322525,0,0,0,0.672804380502469,0.864827141936869,0,0.339274210865364,0,0,0
METTL7B,0,0.95759072364183,0.572847326605111,0,0.91485935151385,0.793643976809105,0,0.886622289027271,0.876476272278291,0,0.683916684560876,0.694170066566459,0,0,0.892903156538544,0.88587073223105,0,0.851943311144514,0.937620785913678,0,0,0,0.884206570753704,0.885226540691432,0,0.200934077732446,0,0,0
TRIM14,0,0.441969078806098,0.14746617994417,0,0.72933218810393,0.873040584066996,0,0.336053253167275,0.804971011380717,0,0.734002576766158,0.765192183809319,0,0,0.311198196263689,0.298207000214731,0,0.19637105432682,0.243289671462315,0,0,0,0.422911745759072,0.952007730298475,0,0.039564097058192,0,0,0
EHD4,0,0.753382005582993,0.51121966931501,0,0.632327678763152,0.782370624865793,0,0.630234056259394,0.717575692505905,0,0.783122181662014,0.800515353231694,0,0,0.643976809104574,0.760307064633884,0,0.649881898217737,0.433487223534464,0,0,0,0.861767232123685,0.757461885333906,0,0.204691861713549,0,0,0
FSTL3,0,0.584120678548422,0.471977668026627,0,0.724608116813399,0.666738243504402,0,0.600762293321881,0.653908095340348,0,0.19384797079665,0.43370195404767,0,0,0.617564955980245,0.680910457375993,0,0.28333691217522,0.728526948679407,0,0,0,0.722407129053038,0.743665449860425,0,0.0872342709899077,0,0,0
ACVR1B,0,0.85001073652566,0.613162980459523,0,0.951363538758858,0.734754133562379,0,0.83186600815976,0.462368477560661,0,0.347433970367189,0.911906806957269,0,0,0.795039725144943,0.668939231264763,0,0.883991840240498,0.872235344642474,0,0,0,0.589596306635173,0.688748121108009,0,0.941432252523083,0,0,0
ADORA3,0,0.84491088683702,0.958288597809749,0,0.518091045737599,0.465911531028559,0,0.852211724286021,0.371591153102856,0,0.88114666094052,0.801642688426025,0,0,0.840347863431394,0.892688426025338,0,0.909276358170496,0.903371269057333,0,0,0,0.913678333691218,0.136353875885763,0,0.930158900579772,0,0,0
TMEM132A,0,0.860478849044449,0.789027270775177,0,0.586267983680481,0.646285162121537,0,0.880985613055615,0.713120034356882,0,0.944706892849474,0.863324028344428,0,0,0.860639896929354,0.918241357096844,0,0.916577195619498,0.707000214730513,0,0,0,0.890755851406485,0.458771741464462,0,0.818874812110801,0,0,0
IGF2R,0,0.531404337556367,0.403156538544127,0,0.74747691646983,0.613216663087825,0,0.708557010951256,0.808675112733519,0,0.512722782907451,0.462797938587073,0,0,0.488834013313292,0.673287524157183,0,0.421999141077947,0.417650848185527,0,0,0,0.504026197122611,0.652404981747906,0,0.106560017178441,0,0,0
UNC93B1,0,0.820270560446639,0.327141936869229,0,0.980405840669959,0.959952759287095,0,0.830309211939017,0.974769164698304,0,0.93515138501181,0.91593300407988,0,0,0.719347219239854,0.890004294610264,0,0.852426454799227,0.566888554863646,0,0,0,0.900042946102641,0.927743182306206,0,0.25,0,0,0
EIF4E2,0,0.446317371698518,0.249355808460382,0,0.786665235129912,0.851782263259609,0,0.548153317586429,0.664966716770453,0,0.504455658149023,0.653747047455443,0,0,0.723266051105862,0.579987116169208,0,0.486364612411424,0.271902512347005,0,0,0,0.636139145372557,0.770345716126262,0,0.356667382435044,0,0,0
TDRD7,0,0.567586429031565,0.101191754348293,0,0.869068069572686,0.813613914537256,0,0.407504831436547,0.867242860210436,0,0.918187674468542,0.833798582778613,0,0,0.409491088683702,0.268359458879107,0,0.270345716126262,0.0904552286879966,0,0,0,0.190358599957054,0.87175220098776,0,0.12245007515568,0,0,0
EPCAM,0,0.8514601674898,0.219293536611553,0,0.732660511058621,0.882542409276358,0,0.711616920764441,0.826497745329611,0,0.183165127764655,0.578698733089972,0,0,0.684882971870303,0.601245436976594,0,0.736310929783122,0.440090186815547,0,0,0,0.587073223105003,0.813667597165557,0,0.90906162765729,0,0,0
FAM49B,0,0.771043590294181,0.536396821988405,0,0.448249946317372,0.361391453725574,0,0.753006227184883,0.397519862572472,0,0.886890702168778,0.927367403908095,0,0,0.814955980244793,0.71918617135495,0,0.912819411638394,0.140863216663088,0,0,0,0.702115095555078,0.00821344213012669,0,0.993987545630234,0,0,0
CPPED1,0,0.323813613914537,0.030652780760146,0,0.49602748550569,0.716555722568177,0,0.411316298045952,0.752845179299979,0,0.823598883401331,0.675381146660941,0,0,0.277431823062057,0.368692291174576,0,0.351835945887911,0.117618638608546,0,0,0,0.190358599957054,0.599312862357741,0,0.500912604681125,0,0,0
CDH23,0,0.313023405625939,0.480298475413356,0,0.28081382864505,0.370034356882113,0,0.266534249516856,0.342280438050247,0,0.637427528451793,0.806474124973159,0,0,0.314955980244793,0.367242860210436,0,0.714193686922912,0.291228258535538,0,0,0,0.496242216018896,0.0913678333691218,0,0.953296113377711,0,0,0
GRN,0,0.329611337771097,0.0821344213012669,0,0.617457590723642,0.888823276787632,0,0.664107794717629,0.70979171140219,0,0.354573759931286,0.784517929997853,0,0,0.561144513635388,0.613699806742538,0,0.786504187245007,0.110210435902942,0,0,0,0.509287094696156,0.659705819196908,0,0.930910457375993,0,0,0
GPR137B,0,0.0382757139789564,0.601889628516212,0,0.241088683701954,0.251878891990552,0,0.0373631092978312,0.291013528022332,0,0.697444706892849,0.576283014816405,0,0,0.177850547562809,0.206678118960704,0,0.430910457375993,0.565063345501396,0,0,0,0.323223105003221,0.0609297831221817,0,0.845930856774748,0,0,0
RPGRIP1L,0,0.0046703886622289,0.308245651707108,0,0.386890702168778,0.468058836160618,0,0.536826283014816,0.319304273137213,0,0.832778612840885,0.526626583637535,0,0,0.52464032639038,0.555883616061842,0,0.598776036074726,0.321612626154177,0,0,0,0.426401116598669,0.359673609619927,0,0.469508267124758,0,0,0
RAB3D,0,0.976755421945459,0.953940304917329,0,0.861176723212368,0.806903585999571,0,0.953779257032424,0.699216233626798,0,0.940841743611767,0.788168348722353,0,0,0.945404767017393,0.978204852909598,0,0.947766802662658,0.921784410564741,0,0,0,0.983089972085033,0.610049388018037,0,0.574565170710758,0,0,0
CHMP4B,0,0.720742967575693,0.267661584711187,0,0.899881898217737,0.888447498389521,0,0.58261756495598,0.95216877818338,0,0.971440841743612,0.848614988189822,0,0,0.685634528666524,0.687191324887267,0,0.49420227614344,0.183916684560876,0,0,0,0.78333691217522,0.765192183809319,0,0.25762293321881,0,0,0
PTGES,0,0.970313506549281,0.854788490444492,0,0.965696800515353,0.825799871161692,0,0.998872664805669,0.725842817264333,0,0.782477990122396,0.499248443203779,0,0,0.997799012239639,0.990873953188748,0,0.993558084603822,0.994792785054756,0,0,0,0.82316942237492,0.600762293321881,0,0.464569465321022,0,0,0
EMP1,0,0.999892634743397,0.996510629160404,0,0.999785269486794,0.958395963066352,0,0.999838952115096,0.977560661369981,0,0.430480996349581,0.781458020184668,0,0,0.999838952115096,0.999570538973588,0,0.999731586858493,0.999946317371698,0,0,0,0.993880180373631,0.97933218810393,0,0.758911316298046,0,0,0
UNC119,0,0.599312862357741,0.208288597809749,0,0.825585140648486,0.869390165342495,0,0.539349366544986,0.81812325531458,0,0.810124543697659,0.683863001932575,0,0,0.364021902512347,0.492323384152888,0,0.39311788705175,0.375939445995276,0,0,0,0.457000214730513,0.854036933648271,0,0.113001932574619,0,0,0
NAAA,0,0.873416362465106,0.398003006227185,0,0.911047884904445,0.866276572901009,0,0.730620571183165,0.909598453940305,0,0.685366115525016,0.616598668670818,0,0,0.695458449645695,0.422750697874168,0,0.508857633669744,0.904444921623363,0,0,0,0.190358599957054,0.974822847326605,0,0.061305561520292,0,0,0
PDGFC,0,0.917972943955336,0.985237277217093,0,0.660350010736526,0.389735881468757,0,0.929138930642044,0.418456087610049,0,0.0519111015675327,0.217575692505905,0,0,0.895318874812111,0.91013528022332,0,0.905196478419583,0.972246081168134,0,0,0,0.872289027270775,0.417436117672321,0,0.660672106506335,0,0,0
PDPN,0,0.676025338200558,0.883293966072579,0,0.390541120893279,0.164913034142152,0,0.870785913678334,0.291013528022332,0,0.305346789778828,0.148432467253597,0,0,0.722621859566244,0.672750697874168,0,0.885602319089543,0.966233626798368,0,0,0,0.190358599957054,0.0543805024694009,0,0.794341850977024,0,0,0
SYT17,0,0.594749838952115,0.488565600171784,0,0.606989478204853,0.723695512132274,0,0.377603607472622,0.757461885333906,0,0.69384797079665,0.536879965643118,0,0,0.334281726433326,0.383240283444277,0,0.412175220098776,0.670818123255315,0,0,0,0.500590508911316,0.762347004509341,0,0.458073867296543,0,0,0
NUMB,0,0.504401975520722,0.247584281726433,0,0.644728365900795,0.715267339488941,0,0.754616706033927,0.652619712261112,0,0.706194975305991,0.919100279149667,0,0,0.753704101352802,0.674790637749624,0,0.898700880395104,0.665557225681769,0,0,0,0.569357955765514,0.602963281082242,0,0.947337341636246,0,0,0
IL10RB,0,0.228956409705819,0.505260897573545,0,0.241088683701954,0.320055829933434,0,0.279686493450719,0.291013528022332,0,0.434024049817479,0.741410779471763,0,0,0.281672750697874,0.341045737599313,0,0.64059480352158,0.323115739746618,0,0,0,0.4710113807172,0.140165342495169,0,0.892258964998926,0,0,0
CXCL16,0,0.749194760575478,0.0974876529954907,0,0.987652995490659,0.967414644621001,0,0.670496027485506,0.685902941808031,0,0.703940304917329,0.846091904659652,0,0,0.732821558943526,0.574940949108868,0,0.564902297616491,0.335892205282371,0,0,0,0.553199484646768,0.879375134206571,0,0.30942666952974,0,0,0
ADAMTSL4,0,0.976594374060554,0.820807386729654,0,0.983626798368048,0.916684560876101,0,0.993933863001933,0.856291604036934,0,0.709201202490874,0.77066781189607,0,0,0.995920120249087,0.984539403049173,0,0.987599312862358,0.976379643547348,0,0,0,0.912712046381791,0.839972085033283,0,0.674898003006227,0,0,0
MS4A14,0,0.0300622718488297,0.438103929568392,0,0.241088683701954,0.241196048958557,0,0.155948035215804,0.291013528022332,0,0.467844105647413,0.714301052179515,0,0,0.101406484861499,0.109619926991626,0,0.551266910027915,0.187298690143869,0,0,0,0.190358599957054,0.176776894996779,0,0.937083959630663,0,0,0
GLTP,0,0.992860210435903,0.92935366115525,0,0.931823062057118,0.755260897573545,0,0.98657934292463,0.842119390165343,0,0.970367189177582,0.834442774318231,0,0,0.988834013313292,0.976916469830363,0,0.980620571183165,0.962744255958772,0,0,0,0.956785484217307,0.768305776250805,0,0.655894352587503,0,0,0
GRB2,0,0.508428172643333,0.0572793643976809,0,0.924790637749624,0.947015245866438,0,0.444545844964569,0.932359888340133,0,0.829128194116384,0.910027914966717,0,0,0.472675542194546,0.51921838093193,0,0.561842387803307,0.15508911316298,0,0,0,0.52211724286021,0.873523727721709,0,0.657504831436547,0,0,0
COQ10A,0,0.587878462529525,0.511004938801804,0,0.922911745759072,0.649398754563023,0,0.749141077947176,0.49747691646983,0,0.314419153961778,0.71666308782478,0,0,0.602587502684131,0.757515567962207,0,0.698035215804166,0.746832724930213,0,0,0,0.712744255958772,0.552555293107151,0,0.659276358170496,0,0,0
GM2A,0,0.677045308138286,0.532639038007301,0,0.87534893708396,0.708073867296543,0,0.588361606184239,0.502630448786773,0,0.773029847541336,0.868209147519863,0,0,0.773405625939446,0.548797509126047,0,0.736364612411424,0.671838093193043,0,0,0,0.624919476057548,0.621859566244363,0,0.886353875885763,0,0,0
PLEKHF1,0,0.805829933433541,0.295576551427958,0,0.891614773459309,0.965535752630449,0,0.665449860425166,0.935419798153318,0,0.714891561090831,0.566942237491948,0,0,0.680158900579772,0.646231479493236,0,0.456624436332403,0.791711402190251,0,0,0,0.599312862357741,0.952920334979601,0,0.0895963066351729,0,0,0
RECK,0,0.730727936439768,0.874382649774533,0,0.547938587073223,0.354251664161477,0,0.710113807171999,0.382488726648057,0,0.796059695082671,0.727990122396392,0,0,0.690627013098561,0.603929568391668,0,0.86160618423878,0.765890057977239,0,0,0,0.574243074940949,0.386568606398969,0,0.865310285591583,0,0,0
CAMK1G,0,0.794180803092119,0.937191324887267,0,0.530599098131845,0.379911960489586,0,0.809963495812755,0.568499033712691,0,0.312271848829719,0.519486794073438,0,0,0.812808675112733,0.910672106506335,0,0.855754777753919,0.704047670173932,0,0,0,0.947927850547563,0.17607902082886,0,0.691700665664591,0,0,0
ZNF461,0,0.00305990981318445,0.271795147090402,0,0.241088683701954,0.260897573545201,0,0.0078913463603178,0.291013528022332,0,0.724447068928495,0.646285162121537,0,0,0.101406484861499,0.109619926991626,0,0.280921193901653,0.0551857418939231,0,0,0,0.190358599957054,0.0370946961563238,0,0.864236633025553,0,0,0
UNC119B,0,0.361767232123685,0.0236203564526519,0,0.848937083959631,0.918348722353446,0,0.468166201417221,0.803199484646768,0,0.566942237491948,0.910672106506335,0,0,0.310929783122182,0.456248657934292,0,0.256388232767876,0.042462958986472,0,0,0,0.462958986471978,0.801266910027915,0,0.180373631092978,0,0,0
IFNGR2,0,0.902297616491303,0.804326819841099,0,0.926669529740176,0.536504187245007,0,0.948518359458879,0.65036504187245,0,0.416630878247799,0.839703671891776,0,0,0.961724286021044,0.860800944814258,0,0.966824135709684,0.928763152243934,0,0,0,0.752952544556581,0.759233412067855,0,0.968005153532317,0,0,0
MYADM,0,0.980191110156753,0.937996564311789,0,0.695887910672107,0.736525660296328,0,0.973105003220958,0.67210650633455,0,0.367564955980245,0.234915181447284,0,0,0.976701739317157,0.977077517715267,0,0.941700665664591,0.986901438694438,0,0,0,0.972031350654928,0.845555078376637,0,0.215857848400258,0,0,0
ARPC5,0,0.46338844749839,0.0922267554219455,0,0.658793214515783,0.705282370624866,0,0.372503757783981,0.435688211294825,0,0.502415718273567,0.794449216233627,0,0,0.3297187030277,0.226701739317157,0,0.511058621430105,0.175434829289242,0,0,0,0.190358599957054,0.58621430105218,0,0.792462958986472,0,0,0
ZSWIM7,0,0.858116813399184,0.481372127979386,0,0.851567532746403,0.768788919905519,0,0.746832724930213,0.823008374490015,0,0.290906162765729,0.522546703886622,0,0,0.728687996564312,0.719615632381361,0,0.546650203993988,0.444277431823062,0,0,0,0.744148593515139,0.810768735237277,0,0.193955336053253,0,0,0
SYK,0,0.409168992913893,0.405411208932789,0,0.600225467038866,0.723856560017178,0,0.574243074940949,0.7862357741035,0,0.651599742323384,0.735613055615203,0,0,0.437728151170281,0.423287524157183,0,0.608868370195405,0.829396607257891,0,0,0,0.192559587717415,0.705013957483358,0,0.641024264547992,0,0,0
FBLN2,0,0.999731586858493,1,0,0.680105217951471,0.454960274855057,0,0.999731586858493,0.456087610049388,0,0.960919046596521,0.218166201417221,0,0,0.999731586858493,0.999838952115096,0,0.999409491088684,0.999677904230191,0,0,0,0.999302125832081,0.392205282370625,0,0.876905733304703,0,0,0
FAM179B,0,0.0414966716770453,0.248765299549066,0,0.396929353661155,0.523942452222461,0,0.0165342495168563,0.547025982392098,0,0.754026197122611,0.538651492377067,0,0,0.315331758642903,0.121591153102856,0,0.0404230191110157,0.138340133132918,0,0,0,0.190358599957054,0.533820055829933,0,0.261004938801804,0,0,0
SIGLEC14,0,0.266212153747047,0.766748980030062,0,0.241088683701954,0.292999785269487,0,0.383186600815976,0.291013528022332,0,0.624865793429246,0.577249302125832,0,0,0.463710543268198,0.566136998067425,0,0.581221816620142,0.216716770453081,0,0,0,0.71414000429461,0.0292570324243075,0,0.81667382435044,0,0,0
UBE2D1,0,0.463817908524801,0.520721494524372,0,0.455389735881469,0.342978312218166,0,0.412067854842173,0.359942022761434,0,0.500429461026412,0.49382649774533,0,0,0.478526948679407,0.491464462100064,0,0.359619926991625,0.178065278076015,0,0,0,0.576980888984325,0.0602319089542624,0,0.692076444062701,0,0,0
VPS37C,0,0.907397466179944,0.417221387159115,0,0.929407343783552,0.71993772815117,0,0.929675756925059,0.543805024694009,0,0.988565600171784,0.73985398325102,0,0,0.886998067425381,0.942613270345716,0,0.892205282370625,0.819948464676831,0,0,0,0.897680910457376,0.478097487652995,0,0.255260897573545,0,0,0
NOD2,0,0.74672535967361,0.423716985183595,0,0.781994846467683,0.76014601674898,0,0.603714837878463,0.7862357741035,0,0.254026197122611,0.618692291174576,0,0,0.54310715052609,0.342924629589865,0,0.492269701524587,0.865739746617994,0,0,0,0.195834228043805,0.843676186386085,0,0.337287953618209,0,0,0
CD58,0,0.631951900365042,0.966824135709684,0,0.241088683701954,0.148003006227185,0,0.630502469400902,0.291013528022332,0,0.247208503328323,0.614343998282156,0,0,0.615363968219884,0.742216018896285,0,0.842119390165343,0.793751342065708,0,0,0,0.859136783336912,0.300193257461885,0,0.865847111874597,0,0,0
LOC100129034,0,0.547348078161907,0.940304917328752,0,0.241088683701954,0.163624651062916,0,0.541926132703457,0.291013528022332,0,0.140809534034786,0.15868584925918,0,0,0.553736310929783,0.674092763581705,0,0.58621430105218,0.736525660296328,0,0,0,0.809265621644836,0.166469830362895,0,0.606667382435044,0,0,0
SEC23B,0,0.637588576336697,0.155840669959201,0,0.76701739317157,0.804219454584497,0,0.734485720420872,0.664537255744041,0,0.862518788919906,0.879214086321666,0,0,0.716072578913464,0.749463173716985,0,0.685795576551428,0.0914751986257247,0,0,0,0.72573545200773,0.698142581060769,0,0.191969078806098,0,0,0
LRP10,0,0.770936225037578,0.749355808460382,0,0.734378355164269,0.830523942452222,0,0.870195404767017,0.747315868584926,0,0.838146875671033,0.905733304702598,0,0,0.863001932574619,0.844857204208718,0,0.930856774747692,0.853016963710543,0,0,0,0.833369121752201,0.822632596091905,0,0.924414859351514,0,0,0
ABHD6,0,0.924468541979815,0.45361820914752,0,0.955013957483358,0.949538329396607,0,0.828161906806957,0.901921838093193,0,0.766158471118746,0.806635172858063,0,0,0.815600171784411,0.795254455658149,0,0.763366974447069,0.869229117457591,0,0,0,0.803467897788276,0.978097487652996,0,0.096628730942667,0,0,0
PPT2,0,0.991786557869873,0.941593300407988,0,0.809372986901439,0.578322954691862,0,0.998013742752845,0.68042731372128,0,0.947122611123041,0.633401331329182,0,0,0.997637964354735,0.998282155894353,0,0.995973802877389,0.986633025552931,0,0,0,0.99092763581705,0.504777753918832,0,0.759018681554649,0,0,0
FMOD,0,0.445404767017393,0.132918187674469,0,0.48657934292463,0.706570753704101,0,0.695780545415503,0.677957912819412,0,0.678280008589221,0.929944170066566,0,0,0.890487438264977,0.691324887266481,0,0.832885978097488,0.626476272278291,0,0,0,0.51846682413571,0.55652780760146,0,0.846843461455873,0,0,0
LOC730101,0,0.641238995061198,0.922052823706249,0,0.241088683701954,0.315439123899506,0,0.523405625939446,0.291013528022332,0,0.845501395748336,0.714515782692721,0,0,0.625080523942452,0.751986257247155,0,0.726755421945459,0.376583637534894,0,0,0,0.867672321236848,0.0193794288168349,0,0.846628730942667,0,0,0
RREB1,0,0.815814902297616,0.326766158471119,0,0.656377496242216,0.940251234700451,0,0.661638393815761,0.984217307279364,0,0.502737814043376,0.896875671032854,0,0,0.478204852909598,0.604573759931286,0,0.738297187030277,0.769003650418725,0,0,0,0.536504187245007,0.960435902941808,0,0.400096628730943,0,0,0
CCDC85C,0,0.925864290315654,0.836160618423878,0,0.883723427098991,0.888501181017823,0,0.868584925917973,0.949162550998497,0,0.274855056903586,0.565546489156109,0,0,0.816942237491948,0.918456087610049,0,0.840723641829504,0.863860854627443,0,0,0,0.931823062057118,0.875187889199055,0,0.21269057333047,0,0,0
C1QBP,0,0.835194331114451,0.423126476272278,0,0.808728795361821,0.581704960274855,0,0.940680695726863,0.788651492377067,0,0.775391883186601,0.865417650848186,0,0,0.967360961992699,0.905840669959201,0,0.907773244578055,0.70689284947391,0,0,0,0.795415503543053,0.689016534249517,0,0.680642044234486,0,0,0
DHRS9,0,0.943740605540047,0.871054326819841,0,0.725520721494524,0.816727506978742,0,0.853446424736955,0.924683272493021,0,0.321881039295684,0.661638393815761,0,0,0.80980244792785,0.83116813399184,0,0.871698518359459,0.927260038651492,0,0,0,0.837878462529525,0.840508911316298,0,0.811466609405196,0,0,0
CREB5,0,0.778934936654499,0.957751771526734,0,0.338200558299334,0.175971655572257,0,0.88114666094052,0.291013528022332,0,0.44384797079665,0.591636246510629,0,0,0.860425166416148,0.809211939016534,0,0.942935366115525,0.947498389521151,0,0,0,0.63152243933863,0.0723641829503972,0,0.925059050891132,0,0,0
CRLF3,0,0.33116813399184,0.0125080523942452,0,0.797723856560017,0.966072578913464,0,0.252200987760361,0.931554648915611,0,0.713710543268198,0.8007300837449,0,0,0.476755421945458,0.278076014601675,0,0.0994739102426455,0.0123470045093408,0,0,0,0.26991625509985,0.928280008589221,0,0.424146446210006,0,0,0
AFMID,0,0.781028559158256,0.550837449001503,0,0.835623792140863,0.847702383508697,0,0.789295683916685,0.94964569465321,0,0.692183809319304,0.753704101352802,0,0,0.611445136353876,0.796489156109083,0,0.772654069143225,0.77501610478849,0,0,0,0.746940090186816,0.869765943740606,0,0.257032424307494,0,0,0
FBXL5,0,0.952383508696586,0.161369980674254,0,0.835892205282371,0.945243719132489,0,0.853392742108654,0.757139789564097,0,0.61992699162551,0.792570324243075,0,0,0.881576121966931,0.667972943955336,0,0.799656431178871,0.797133347648701,0,0,0,0.507032424307494,0.841206785484217,0,0.584550139574834,0,0,0
OAZ1,0,0.521043590294181,0.00896499892634743,0,0.951524586643762,0.959576980888984,0,0.22246081168134,0.966179944170067,0,0.456946532102212,0.953510843890917,0,0,0.247637964354735,0.188426025338201,0,0.28043805024694,0.0361284088468971,0,0,0,0.190358599957054,0.925917972943955,0,0.619336482714194,0,0,0
ZNF84,0,0.456839166845609,0.0737599312862358,0,0.241088683701954,0.367457590723642,0,0.531833798582779,0.291013528022332,0,0.949484646768306,0.791496671677045,0,0,0.512991196048959,0.624490015031136,0,0.671193901653425,0.100923341206785,0,0,0,0.768091045737599,0.0969508267124758,0,0.836106935795577,0,0,0
VASP,0,0.371644835731157,0.297079665020399,0,0.942505905089113,0.858063130770883,0,0.875295254455658,0.753382005582993,0,0.898593515138501,0.967414644621001,0,0,0.950611981962637,0.945619497530599,0,0.843085677474769,0.250268413141507,0,0,0,0.957214945243719,0.92210650633455,0,0.242967575692506,0,0,0
CRIP3,0,0.197927850547563,0.350064419153962,0,0.323813613914537,0.403317586429032,0,0.183487223534464,0.291013528022332,0,0.225628086751127,0.553682628301482,0,0,0.161369980674254,0.185634528666524,0,0.271634099205497,0.318284303199485,0,0,0,0.296328108224179,0.454906592226755,0,0.70399398754563,0,0,0
PHC2,0,0.879536182091475,0.826068284303199,0,0.8985398325102,0.807762508052394,0,0.834711187459738,0.728902727077518,0,0.965374704745544,0.44529740176079,0,0,0.808084603822203,0.923609619926992,0,0.655196478419583,0.918885548636461,0,0,0,0.955550783766373,0.840079450289886,0,0.0129375134206571,0,0,0
TADA2B,0,0.475896499892635,0.239048743826498,0,0.851138071719991,0.73298260682843,0,0.344749838952115,0.565492806527808,0,0.651009233412068,0.707053897358815,0,0,0.567479063774962,0.355217951470904,0,0.248818982177367,0.193901653424952,0,0,0,0.475252308353017,0.600654928065278,0,0.75762293321881,0,0,0
SEMA6B,0,0.869282800085892,0.758374490015031,0,0.935902941808031,0.730566888554864,0,0.691861713549495,0.917436117672321,0,0.836858492591797,0.425220098776036,0,0,0.921569680051535,0.613592441485935,0,0.392312647627228,0.863592441485935,0,0,0,0.606667382435044,0.837502684131415,0,0.0559372986901439,0,0,0
RGS19,0,0.554648915610908,0.597487652995491,0,0.573223105003221,0.554326819841099,0,0.640916899291389,0.622181662014172,0,0.77716340992055,0.70109512561735,0,0,0.491088683701954,0.651653424951686,0,0.628569894782048,0.382273996134851,0,0,0,0.705336053253167,0.582778612840885,0,0.599312862357741,0,0,0
GPC6,0,0.802931071505261,0.975467038866223,0,0.331812325531458,0.00681769379428817,0,0.887856989478205,0.291013528022332,0,0.0519111015675327,0.105969508267125,0,0,0.845555078376637,0.848292892420013,0,0.896821988404552,0.962153747047455,0,0,0,0.746940090186816,0.0740820270560447,0,0.783605325316728,0,0,0
SDHB,0,0.165342495168563,0.255529310715053,0,0.321934721923985,0.355378999355808,0,0.441700665664591,0.452276143439983,0,0.574779901223964,0.622181662014172,0,0,0.488243504401976,0.483412067854842,0,0.537416791926133,0.241732875241572,0,0,0,0.428172643332618,0.30217951470904,0,0.808084603822203,0,0,0
ZNF548,0,0.0340347863431394,0.221333476487009,0,0.241088683701954,0.315170710757999,0,0.000697874167919261,0.291013528022332,0,0.945941593300408,0.832456517071076,0,0,0.184936654498604,0.214945243719132,0,0.259018681554649,0.0442881683487224,0,0,0,0.334603822203135,0.00397251449430964,0,0.78371269057333,0,0,0
CUTA,0,0.906753274640326,0.528881254026197,0,0.857848400257677,0.933004079879751,0,0.907129053038437,0.969239853983251,0,0.931178870517501,0.86847756066137,0,0,0.960972729224823,0.942828000858922,0,0.802608975735452,0.440036504187245,0,0,0,0.950558299334335,0.804058406699592,0,0.123255314580202,0,0,0
ZYX,0,0.877281511702813,0.769272063560232,0,0.826336697444707,0.618048099634958,0,0.841850977023835,0.664537255744041,0,0.925059050891132,0.394245222246081,0,0,0.840669959201202,0.774747691646983,0,0.699216233626798,0.951256173502255,0,0,0,0.63152243933863,0.8405625939446,0,0.0300085892205282,0,0,0
EMP3,0,0.902780760146017,0.466716770453081,0,0.736364612411424,0.904659652136569,0,0.75579772385656,0.883240283444277,0,0.704047670173932,0.568660081597595,0,0,0.760360747262186,0.916040369336483,0,0.23802877388877,0.43660081597595,0,0,0,0.932789349366545,0.664644621000644,0,0.0129911960489586,0,0,0
ZNHIT3,0,0.900418724500752,0.0950182520936225,0,0.949860425166416,0.920227614343998,0,0.840347863431394,0.950504616706034,0,0.613914537255744,0.719078806098347,0,0,0.813452866652351,0.64059480352158,0,0.597648700880395,0.278720206141293,0,0,0,0.311144513635388,0.767178441056474,0,0.449323598883401,0,0,0
MAP3K3,0,0.499946317371699,0.0401009233412068,0,0.79745544341851,0.840616276572901,0,0.751610478849044,0.501234700450934,0,0.843890916899291,0.825853553789994,0,0,0.736525660296328,0.599312862357741,0,0.684829289242001,0.130824565170711,0,0,0,0.487975091260468,0.860532531672751,0,0.379589864719777,0,0,0
IFI35,0,0.799924844320378,0.071558943525875,0,0.989585570109513,0.892956839166846,0,0.915235129911961,0.963120034356882,0,0.760843890916899,0.827034571612626,0,0,0.899345071934722,0.880770882542409,0,0.80180373631093,0.25107365256603,0,0,0,0.735827786128409,0.938264977453296,0,0.130985613055615,0,0,0
WAS,0,0.53875885763367,0.315385441271205,0,0.505260897573545,0.708127549924844,0,0.417865578698733,0.551159544771312,0,0.631039295683917,0.584496456946532,0,0,0.367779686493451,0.448786772600387,0,0.489370839596307,0.699162550998497,0,0,0,0.574243074940949,0.707214945243719,0,0.651760790208289,0,0,0
LOC100126784,0,0.809856130556152,0.92462958986472,0,0.241088683701954,0.341099420227614,0,0.75327464032639,0.291013528022332,0,0.641238995061198,0.20361820914752,0,0,0.78441056474125,0.896714623147949,0,0.786611552501611,0.889735881468757,0,0,0,0.959254885119175,0.471923985398325,0,0.265406914322525,0,0,0
CAMK2N1,0,0.834174361176723,0.321075799871162,0,0.827625080523942,0.802716340992055,0,0.582671247584282,0.889252737814043,0,0.34276358170496,0.579987116169208,0,0,0.55470259823921,0.669315009662873,0,0.332778612840885,0.392688426025338,0,0,0,0.803682628301482,0.834818552716341,0,0.138286450504617,0,0,0
GMIP,0,0.716770453081383,0.5072471548207,0,0.851191754348293,0.743074940949109,0,0.600601245436977,0.646124114236633,0,0.767607902082886,0.754616706033927,0,0,0.594105647412497,0.713549495383294,0,0.488995061198196,0.349420227614344,0,0,0,0.818713764225896,0.722514494309641,0,0.298797509126047,0,0,0
CSDC2,0,0.89059480352158,0.938318660081598,0,0.679729439553361,0.557816190680696,0,0.872611123040584,0.730835301696371,0,0.23223105003221,0.326927206356023,0,0,0.815546489156109,0.920012883830792,0,0.808084603822203,0.854895855701095,0,0,0,0.926025338200558,0.72138715911531,0,0.239102426454799,0,0,0
NAMPT,0,0.856237921408632,0.787846252952545,0,0.760360747262186,0.785806313077088,0,0.762508052394245,0.65036504187245,0,0.0919046596521366,0.564311788705175,0,0,0.723802877388877,0.666147734593086,0,0.775767661584711,0.904069143225252,0,0,0,0.703081382864505,0.877764655357526,0,0.440519647841958,0,0,0
TRIM7,0,0.0368799656431179,0.00161047884904445,0,0.880556152029203,0.767285806313077,0,0.839703671891776,0.920925488511918,0,0.999838952115096,1,0,0,0.935634528666524,0.922321236847756,0,0.921408632166631,0.0173931715696801,0,0,0,0.862518788919906,0.488297187030277,0,0.936815546489156,0,0,0
ZNF318,0,0.344964569465321,0.0824028344427743,0,0.495866437620786,0.568391668456088,0,0.52029203349796,0.333369121752201,0,0.886139145372557,0.7862357741035,0,0,0.461724286021044,0.559963495812755,0,0.53951041442989,0.0834764870088039,0,0,0,0.654230191110157,0.625885763366974,0,0.547992269701525,0,0,0
RIN2,0,0.854788490444492,0.451256173502255,0,0.697015245866438,0.788114666094052,0,0.877603607472622,0.694009018681555,0,0.544610264118531,0.707751771526734,0,0,0.858385226540691,0.893976809104574,0,0.880717199914108,0.890702168778183,0,0,0,0.887642258964999,0.774801374275285,0,0.365417650848186,0,0,0
TREX1,0,0.518735237277217,0.0768735237277217,0,0.655840669959201,0.561681339918402,0,0.579772385656002,0.823008374490015,0,0.860800944814258,0.836643762078591,0,0,0.611659866867082,0.670979171140219,0,0.322149452437191,0.0149774532961134,0,0,0,0.669100279149667,0.684238780330685,0,0.131092978312218,0,0,0
FFAR2,0,0.523620356452652,0.0536289456731802,0,0.368370195404767,0.704262400687138,0,0.443579557655143,0.699806742538115,0,0.978043805024694,0.99855056903586,0,0,0.402941808030921,0.490712905303844,0,0.909383723427099,0.00332832295469186,0,0,0,0.617672321236848,0.573867296542839,0,0.998872664805669,0,0,0
DNMT3A,0,0.46773674039081,0.0344105647412497,0,0.897573545200773,0.921677045308138,0,0.41196048958557,0.89349366544986,0,0.852802233197337,0.945136353875886,0,0,0.679890487438265,0.482767876315224,0,0.399774532961134,0.0138501181017823,0,0,0,0.525552931071505,0.687567103285377,0,0.716233626798368,0,0,0
SHKBP1,0,0.476755421945458,0.896875671032854,0,0.666416147734593,0.408954262400687,0,0.385817049602749,0.407451148808246,0,0.434721923985398,0.569357955765514,0,0,0.518413141507408,0.636729654283874,0,0.289564097058192,0.664322525230835,0,0,0,0.769969937728151,0.00810607687352373,0,0.43767446854198,0,0,0
F5,0,0.758267124758428,0.107633669744471,0,0.90288812540262,0.850977023835087,0,0.613538758857634,0.866974447068928,0,0.727023835086966,0.650687137642259,0,0,0.559695082671248,0.324457805454155,0,0.3876959415933,0.377710972729225,0,0,0,0.190358599957054,0.935527163409921,0,0.0868048099634958,0,0,0
ULK2,0,0.409813184453511,0.341850977023835,0,0.545308138286451,0.737491947605755,0,0.414590938372343,0.777753918831866,0,0.0905625939445995,0.218917758213442,0,0,0.341958342280438,0.33514064848615,0,0.26266910027915,0.729761649130341,0,0,0,0.190358599957054,0.757676615847112,0,0.161906806957269,0,0,0
OCEL1,0,0.711885333905948,0.071773674039081,0,0.68660081597595,0.682037792570324,0,0.746295898647198,0.501234700450934,0,0.986042516641615,0.969347219239854,0,0,0.880180373631093,0.882166630878248,0,0.873738458234915,0.271043590294181,0,0,0,0.945136353875886,0.796220742967576,0,0.340133132918188,0,0,0
PTPN6,0,0.834281726433326,0.0348937083959631,0,0.996295898647198,0.954745544341851,0,0.963120034356882,0.975681769379429,0,0.876691002791497,0.99710113807172,0,0,0.934936654498604,0.867296542838737,0,0.97063560231909,0.31629804595233,0,0,0,0.477131200343569,0.875832080738673,0,0.890702168778183,0,0,0
SCCPDH,0,0.50472407129053,0.214354734807816,0,0.728902727077518,0.792731372127979,0,0.353231694223749,0.745168563452867,0,0.43080309211939,0.528451792999785,0,0,0.326229332188104,0.323437835516427,0,0.36085462744256,0.284356882112948,0,0,0,0.419315009662873,0.811090831007086,0,0.65433755636676,0,0,0
RNF5,0,0.969776680266266,0.0598024479278505,0,0.906806957268628,0.668456087610049,0,0.992967575692506,0.984324672535967,0,0.984378355164269,0.869014386944385,0,0,0.996617994417007,0.991410779471763,0,0.982177367403908,0.849044449216234,0,0,0,0.96193901653425,0.72643332617565,0,0.62824779901224,0,0,0
APOBEC3A,0,0.0250697874167919,0.295952329826068,0,0.241088683701954,0.324189392312648,0,0.188748121108009,0.291013528022332,0,0.577947176293751,0.686761863860855,0,0,0.17607902082886,0.204638179085248,0,0.36557869873309,0.0563667597165557,0,0,0,0.320538973588147,0.151170281296972,0,0.877335194331114,0,0,0
LGALS2,0,0.825799871161692,0.0978097487652995,0,0.749409491088684,0.681017822632596,0,0.955765514279579,0.732714193686923,0,0.950611981962637,0.843783551642688,0,0,0.963710543268198,0.981318445351084,0,0.936547133347649,0.635817049602749,0,0,0,0.945887910672107,0.700021473051321,0,0.148754563023406,0,0,0
SLC12A9,0,0.903156538544127,0.378569894782049,0,0.925434829289242,0.73947820485291,0,0.973266051105862,0.782907451148808,0,0.96231479493236,0.979278505475628,0,0,0.954745544341851,0.980888984324673,0,0.990766587932145,0.927367403908095,0,0,0,0.964301052179515,0.902082885978097,0,0.683165127764655,0,0,0
CLUAP1,0,0.509448142581061,0.157504831436547,0,0.892849473910243,0.886729654283874,0,0.832456517071076,0.7862357741035,0,0.606398969293537,0.724017607902083,0,0,0.768681554648916,0.647519862572472,0,0.717307279364398,0.705980244792785,0,0,0,0.192559587717415,0.753865149237707,0,0.420012883830792,0,0,0
PICALM,0,0.93622503757784,0.336160618423878,0,0.676240068713764,0.883884474983895,0,0.835677474769165,0.816351728580631,0,0.305990981318445,0.533283229546919,0,0,0.822901009233412,0.778666523512991,0,0.853822203135066,0.897949323598883,0,0,0,0.80180373631093,0.926615847111875,0,0.401009233412068,0,0,0
CPXM1,0,0.741464462100064,0.897251449430964,0,0.42065707537041,0.43332617564956,0,0.696639467468327,0.444384797079665,0,0.295093407773245,0.239048743826498,0,0,0.69889413785699,0.611767232123685,0,0.721601889628516,0.864182950397251,0,0,0,0.604895855701095,0.544502898861928,0,0.719239853983251,0,0,0
NFYA,0,0.857418939231265,0.0289886192828001,0,0.711133777109727,0.628784625295254,0,0.812057118316513,0.900042946102641,0,0.762400687137642,0.702437191324887,0,0,0.840455228687997,0.795737599312862,0,0.72718488297187,0.790691432252523,0,0,0,0.622289027270775,0.841850977023835,0,0.127442559587717,0,0,0
PPT1,0,0.52211724286021,0.499409491088684,0,0.829611337771097,0.522170925488512,0,0.52716340992055,0.631039295683917,0,0.609244148593515,0.83406699592012,0,0,0.446693150096629,0.445028988619283,0,0.70796650203994,0.553521580416577,0,0,0,0.474769164698304,0.628140433755637,0,0.68622503757784,0,0,0
MYEOV2,0,0.303521580416577,0.477453296113378,0,0.536396821988405,0.30507837663732,0,0.914590938372343,0.581382864505046,0,0.418402404981748,0.564633884474984,0,0,0.910940519647842,0.811412926776895,0,0.901116598668671,0.902780760146017,0,0,0,0.249409491088684,0.0115417650848186,0,0.615525016104788,0,0,0
CDKN2AIPNL,0,0.467199914107795,0.775767661584711,0,0.675166416147735,0.400472407129053,0,0.986847756066137,0.676508481855272,0,0.903800730083745,0.668509770238351,0,0,0.969508267124758,0.970259823920979,0,0.981264762722783,0.958449645694653,0,0,0,0.747423233841529,0.0783766373201632,0,0.777378140433756,0,0,0
KIF1C,0,0.624758428172643,0.0259823920979171,0,0.813882327678763,0.953081382864505,0,0.544341850977024,0.931071505260898,0,0.478365900794503,0.916899291389306,0,0,0.482553145802018,0.485666738243504,0,0.551052179514709,0.128784625295254,0,0,0,0.465106291604037,0.945458449645695,0,0.360478849044449,0,0,0
SLC30A1,0,0.825263044878677,0.191754348292892,0,0.850440197552072,0.910296328108224,0,0.707268627872021,0.851191754348293,0,0.41523512991196,0.58551642688426,0,0,0.608224178655787,0.708234915181447,0,0.44674683272493,0.295791281941164,0,0,0,0.75907236418295,0.922643332617565,0,0.114558728795362,0,0,0
TSPAN2,0,0.743343354090616,0.968971440841744,0,0.301750053682628,0.420603392742109,0,0.842119390165343,0.414590938372343,0,0.39746617994417,0.685634528666524,0,0,0.85001073652566,0.909866867081812,0,0.917865578698733,0.908310070861069,0,0,0,0.905840669959201,0.188909168992914,0,0.921408632166631,0,0,0
SIDT2,0,0.603285376852051,0.299710113807172,0,0.873094266695297,0.582778612840885,0,0.500966287309427,0.506764011165987,0,0.838844749838952,0.818391668456088,0,0,0.438962851621215,0.463978956409706,0,0.433057762508052,0.152297616491303,0,0,0,0.538973588146876,0.549710113807172,0,0.31087610049388,0,0,0
PFKFB4,0,0.784464247369551,0.779310715052609,0,0.309909813184453,0.382864505046167,0,0.654820700021473,0.394245222246081,0,0.877818337985828,0.822632596091905,0,0,0.745383293966073,0.868799656431179,0,0.762185956624436,0.116061842387803,0,0,0,0.935205067640112,0.0281296972299764,0,0.722192398539833,0,0,0
SGSH,0,0.852802233197337,0.788973588146876,0,0.65906162765729,0.78151170281297,0,0.900901868155465,0.636514923770668,0,0.554541550354305,0.894137856989478,0,0,0.811520292033498,0.926025338200558,0,0.951363538758858,0.795308138286451,0,0,0,0.919798153317586,0.692720635602319,0,0.859995705389736,0,0,0
BCR,0,0.307386729654284,0.552823706248658,0,0.545308138286451,0.312164483573116,0,0.28441056474125,0.315868584925918,0,0.578806098346575,0.589918402404982,0,0,0.231211080094481,0.270130985613056,0,0.475144943096414,0.355754777753919,0,0,0,0.401223963925274,0.37030277002362,0,0.738995061198196,0,0,0
CDADC1,0,0.875134206570754,0.901277646553575,0,0.855969508267125,0.588737384582349,0,0.834603822203135,0.770560446639467,0,0.539939875456302,0.521204638179085,0,0,0.742806527807601,0.778934936654499,0,0.833369121752201,0.927850547562809,0,0,0,0.706839166845609,0.538919905518574,0,0.684829289242001,0,0,0
TGFBR3,0,0.966877818337986,0.884743397036719,0,0.731962636890702,0.625563667597166,0,0.979171140219025,0.608385226540691,0,0.593622503757784,0.331221816620142,0,0,0.962797938587073,0.928816834872235,0,0.976057547777539,0.99420227614344,0,0,0,0.800944814258106,0.676562164483573,0,0.886085462744256,0,0,0
MCAM,0,0.882327678763152,0.76921838093193,0,0.679192613270346,0.572310500322096,0,0.808030921193902,0.615471333476487,0,0.84491088683702,0.612518788919906,0,0,0.831329181876745,0.691485935151385,0,0.808997208503328,0.815707537041014,0,0,0,0.651385011810178,0.638018037363109,0,0.861928280008589,0,0,0
WDR48,0,0.259609190465965,0.114719776680266,0,0.499516856345287,0.585033283229547,0,0.174092763581705,0.413678333691218,0,0.748228473266051,0.778237062486579,0,0,0.136353875885763,0.200450934077732,0,0.326927206356023,0.054058406699592,0,0,0,0.199323598883401,0.443686922911746,0,0.819411638393816,0,0,0
WDR60,0,0.806205711831651,0.436278720206141,0,0.916899291389306,0.783068499033713,0,0.79675756925059,0.846843461455873,0,0.324833583852265,0.730298475413356,0,0,0.760253382005583,0.749355808460382,0,0.811896070431608,0.660242645479923,0,0,0,0.731694223749195,0.770775177152673,0,0.715911531028559,0,0,0
ACTB,0,0.0498711616920764,0.284303199484647,0,0.241088683701954,0.23260682843032,0,0.208234915181447,0.291013528022332,0,0.831275499248443,0.813989692935366,0,0,0.269969937728151,0.324672535967361,0,0.581973373416362,0.156109083100709,0,0,0,0.455819196907881,0.037899935580846,0,0.915718273566674,0,0,0
PBXIP1,0,0.680319948464677,0.0718810392956839,0,0.947713120034357,0.981211080094481,0,0.806098346575048,0.947874167919261,0,0.745061198196264,0.822525230835302,0,0,0.613860854627443,0.832027056044664,0,0.717844105647413,0.795898647197767,0,0,0,0.769969937728151,0.902780760146017,0,0.16630878247799,0,0,0
PEAR1,0,0.652458664376208,0.897197766802663,0,0.265460596950827,0.177474769164698,0,0.613109297831222,0.345555078376637,0,0.494685419798153,0.335731157397466,0,0,0.638071719991411,0.745866437620786,0,0.715267339488941,0.314902297616491,0,0,0,0.862518788919906,0.326551427957913,0,0.848292892420013,0,0,0
DCHS1,0,0.885011810178226,0.958718058836161,0,0.439875456302341,0.364182950397251,0,0.877388876959416,0.443794288168349,0,0.542892420012884,0.269325746188533,0,0,0.925273781404338,0.911047884904445,0,0.802501610478849,0.876368907021688,0,0,0,0.918939231264763,0.376261541765085,0,0.394621000644192,0,0,0
GAS6,0,0.996779042301911,0.995061198196264,0,0.917543482928924,0.733519433111445,0,0.996779042301911,0.82354520077303,0,0.362035645265192,0.375187889199055,0,0,0.996564311788705,0.996617994417007,0,0.990444492162336,0.998067425381147,0,0,0,0.984324672535967,0.798797509126047,0,0.442344857204209,0,0,0
TNFSF13,0,0.55035430534679,0.148808245651707,0,0.896231479493236,0.926937942881684,0,0.65074082027056,0.733465750483144,0,0.804112089327893,0.948679407343784,0,0,0.73008374490015,0.817264333261757,0,0.496832724930213,0.0954477131200344,0,0,0,0.867296542838737,0.752308353016964,0,0.156645909383723,0,0,0
DNAL1,0,0.843622503757784,0.56484861498819,0,0.870517500536826,0.699430964140004,0,0.619873308997208,0.810070861069358,0,0.495705389735881,0.790476701739317,0,0,0.630287738887696,0.700021473051321,0,0.620678548421731,0.320485290959845,0,0,0,0.802233197337342,0.604627442559588,0,0.653585999570539,0,0,0
FRAT1,0,0.652297616491303,0.900203993987546,0,0.241088683701954,0.191808030921194,0,0.625456302340563,0.291013528022332,0,0.721333476487009,0.637910672106506,0,0,0.634313936010307,0.761058621430105,0,0.795952329826068,0.303360532531673,0,0,0,0.874221601889628,0.300193257461885,0,0.812593944599528,0,0,0
CDCA7L,0,0.571075799871162,0.500805239424522,0,0.671032853768521,0.652243933863002,0,0.437191324887266,0.662336267983681,0,0.551374275284518,0.879911960489586,0,0,0.350279149667168,0.236847756066137,0,0.652029203349796,0.747906377496242,0,0,0,0.190358599957054,0.77861284088469,0,0.882757139789564,0,0,0
RAB5C,0,0.146714623147949,0.0308138286450505,0,0.749409491088684,0.902082885978097,0,0.222407129053038,0.609673609619927,0,0.858385226540691,0.826121966931501,0,0,0.447981533175864,0.330953403478634,0,0.0299012239639253,0.0534678977882757,0,0,0,0.461294824994632,0.907182735666738,0,0.0290423019111016,0,0,0
ARPC2,0,0.470474554434185,0.125617350225467,0,0.632542409276358,0.888930642044234,0,0.847702383508697,0.795522868799656,0,0.761058621430105,0.876852050676401,0,0,0.71521365686064,0.848990766587932,0,0.849473910242646,0.324565170710758,0,0,0,0.799334335409062,0.917328752415718,0,0.377442559587717,0,0,0
PDE4A,0,0.351996993772815,0.133723427098991,0,0.916791926132703,0.674522224608117,0,0.54310715052609,0.655572256817694,0,0.518198410994202,0.990122396392527,0,0,0.55180373631093,0.541013528022332,0,0.725896499892635,0.197498389521151,0,0,0,0.528720206141293,0.661155250161048,0,0.911155250161048,0,0,0
TSPAN4,0,0.955389735881469,0.267607902082886,0,0.971440841743612,0.995920120249087,0,0.822525230835302,0.989800300622719,0,0.902082885978097,0.435956624436332,0,0,0.876315224393386,0.913570968434615,0,0.528344427743182,0.881361391453726,0,0,0,0.964301052179515,0.995812754992484,0,0.0078913463603178,0,0,0
CHD6,0,0.304380502469401,0.491464462100064,0,0.534947391024265,0.471923985398325,0,0.264333261756496,0.423770667811896,0,0.236042516641615,0.58948894137857,0,0,0.194116383938158,0.150687137642259,0,0.471655572256818,0.576121966931501,0,0,0,0.190358599957054,0.512293321881039,0,0.734807816190681,0,0,0
PEX3,0,0.403049173287524,0.0861069357955765,0,0.55942666952974,0.369980674253811,0,0.773137212797939,0.696263689070217,0,0.686815546489156,0.638823276787632,0,0,0.766104788490444,0.639252737814043,0,0.71628730942667,0.674253811466609,0,0,0,0.365363968219884,0.588361606184239,0,0.41523512991196,0,0,0
WDR59,0,0.840777324457806,0.630663517285806,0,0.573867296542839,0.591689929138931,0,0.788114666094052,0.440251234700451,0,0.821719991410779,0.900257676615847,0,0,0.833905948035216,0.853392742108654,0,0.896231479493236,0.293912389950612,0,0,0,0.89456731801589,0.304917328752416,0,0.967683057762508,0,0,0
GBA,0,0.565546489156109,0.00338200558299334,0,0.918778183379858,0.833583852265407,0,0.85833154391239,0.976379643547348,0,0.997423233841529,0.996295898647198,0,0,0.835355378999356,0.939445995275929,0,0.88839381576122,0.0125617350225467,0,0,0,0.925703242430749,0.792892420012884,0,0.817693794288168,0,0,0
NCEH1,0,0.762615417650848,0.00756925059050891,0,0.900687137642259,0.992538114666094,0,0.7862357741035,0.865739746617994,0,0.803521580416577,0.824779901223964,0,0,0.819143225252308,0.810285591582564,0,0.690143869443848,0.340401546059695,0,0,0,0.762776465535753,0.935956624436332,0,0.160403693364827,0,0,0
KIAA1755,0,0.859083100708611,0.900794502898862,0,0.403961777968649,0.561251878891991,0,0.779579128194116,0.5869658578484,0,0.368370195404767,0.383401331329182,0,0,0.756602963281082,0.860371483787846,0,0.736525660296328,0.626207859136783,0,0,0,0.93042731372128,0.652458664376208,0,0.331007086106936,0,0,0
HORMAD1,0,0.631254026197123,0.455228687996564,0,0.628301481640541,0.601943311144514,0,0.693901653424952,0.620839596306635,0,0.315439123899506,0.582832295469186,0,0,0.559372986901439,0.438909168992914,0,0.794234485720421,0.796059695082671,0,0,0,0.190358599957054,0.625241571827357,0,0.834872235344642,0,0,0
TPD52L2,0,0.677313721279794,0.0319411638393816,0,0.641775821344213,0.778559158256388,0,0.64204423448572,0.857365256602963,0,0.785054756280868,0.783605325316728,0,0,0.684399828215589,0.630556152029203,0,0.522493021258321,0.0244792785054756,0,0,0,0.636139145372557,0.846897144084174,0,0.542946102641185,0,0,0
SERPINB2,0,0.766104788490444,0.956302340562594,0,0.422428602104359,0.155572256817694,0,0.83841528881254,0.291013528022332,0,0.21414000429461,0.594696156323814,0,0,0.83551642688426,0.611820914751986,0,0.928441056474125,0.948410994202276,0,0,0,0.474769164698304,0.128355164268843,0,0.981694223749195,0,0,0
C21orf67,0,0.876422589649989,0.950343568821129,0,0.241088683701954,0.24527592870947,0,0.811627657290101,0.291013528022332,0,0.820485290959845,0.739424522224608,0,0,0.861176723212368,0.948947820485291,0,0.892956839166846,0.245812754992484,0,0,0,0.98405625939446,0.0419798153317586,0,0.839542624006871,0,0,0
LZTFL1,0,0.400418724500752,0.203725574404123,0,0.524479278505476,0.597433970367189,0,0.426991625509985,0.440251234700451,0,0.733948894137857,0.841475198625725,0,0,0.554971011380717,0.532531672750698,0,0.507032424307494,0.0451470904015461,0,0,0,0.624919476057548,0.388179085248014,0,0.882112948249946,0,0,0
ZNF133,0,0.00220098776036075,0.719400901868155,0,0.241088683701954,0.22428602104359,0,0.00773029847541336,0.291013528022332,0,0.481425810607687,0.471118745973803,0,0,0.101406484861499,0.109619926991626,0,0.296435473480782,0.455980244792785,0,0,0,0.190358599957054,0.0442344857204209,0,0.56667382435044,0,0,0
SSBP2,0,0.588683701954048,0.326121966931501,0,0.352963281082242,0.552018466824136,0,0.696478419583423,0.511327034571613,0,0.750805239424522,0.633991840240498,0,0,0.642258964998926,0.824940949108868,0,0.670173931715697,0.39891561090831,0,0,0,0.844320377925703,0.456194975305991,0,0.214032639038007,0,0,0
ASGR1,0,0.477023835086966,0.426186386085463,0,0.737384582349152,0.45904015460597,0,0.606398969293537,0.392527378140434,0,0.689284947391024,0.674414859351514,0,0,0.522707751771527,0.477506978741679,0,0.715482070002147,0.331704960274855,0,0,0,0.443686922911746,0.41813399184024,0,0.816727506978742,0,0,0
CECR1,0,0.061412926776895,0.55470259823921,0,0.241088683701954,0.328752415718274,0,0.187835516426884,0.291013528022332,0,0.584550139574834,0.764547992269701,0,0,0.283229546918617,0.34383723427099,0,0.536396821988405,0.413678333691218,0,0,0,0.472729224822847,0.0307064633884475,0,0.893815761219669,0,0,0
SH3BP2,0,0.554756280867511,0.236096199269916,0,0.821934721923985,0.658149022976165,0,0.672589649989264,0.819465321022117,0,0.722353446424737,0.938748121108009,0,0,0.718649345071935,0.70759072364183,0,0.782907451148808,0.175273781404338,0,0,0,0.711563238136139,0.715159974232338,0,0.883616061842388,0,0,0
BLOC1S2,0,0.945780545415503,0.480996349581276,0,0.869121752200988,0.722353446424737,0,0.908900579772386,0.780169637105433,0,0.254670388662229,0.799226970152459,0,0,0.890380073008375,0.762508052394245,0,0.910027914966717,0.733841528881254,0,0,0,0.63152243933863,0.805346789778828,0,0.882542409276358,0,0,0
IGDCC4,0,0.638984324672536,0.889467468327249,0,0.437191324887266,0.453296113377711,0,0.531296972299764,0.598668670818123,0,0.231855271634099,0.329450289886193,0,0,0.637159115310286,0.619175434829289,0,0.593568821129483,0.77136568606399,0,0,0,0.739692935366116,0.481050032209577,0,0.617672321236848,0,0,0
CBX2,0,0.500214730513206,0.00794502898861928,0,0.906968005153532,0.986901438694438,0,0.683970367189178,0.836858492591797,0,0.888608546274426,0.748228473266051,0,0,0.595501395748336,0.523620356452652,0,0.704852909598454,0.831758642903156,0,0,0,0.242108653639682,0.960543268198411,0,0.109942022761434,0,0,0
ARHGAP24,0,0.949860425166416,0.970367189177582,0,0.436063989692935,0.270023620356453,0,0.952329826068284,0.309695082671248,0,0.760199699377281,0.739531887481211,0,0,0.93332617564956,0.864021902512347,0,0.979546918617135,0.894835731157397,0,0,0,0.833798582778613,0.308782477990122,0,0.991088683701954,0,0,0
DGAT2,0,0.948733089972085,0.0474554434185098,0,0.993021258320807,0.999892634743397,0,0.935580846038222,0.992323384152888,0,0.545737599312862,0.886568606398969,0,0,0.86015675327464,0.862840884689714,0,0.833315439123899,0.843031994846468,0,0,0,0.72680910457376,0.999946317371698,0,0.0513742752845179,0,0,0
CPNE2,0,0.831007086106936,0.522976164913034,0,0.616598668670818,0.674361176723212,0,0.819787416791926,0.491732875241572,0,0.220474554434185,0.784356882112948,0,0,0.853231694223749,0.60833154391239,0,0.898647197766803,0.851835945887911,0,0,0,0.491625509984969,0.643815761219669,0,0.974339703671892,0,0,0
PNPLA1,0,0.87572471548207,0.505851406484861,0,0.937083959630663,0.812164483573116,0,0.728956409705819,0.728043805024694,0,0.575853553789994,0.635978097487653,0,0,0.849796006012454,0.669529740176079,0,0.728365900794503,0.83911316298046,0,0,0,0.695404767017393,0.763903800730084,0,0.545576551427958,0,0,0
DCAF8,0,0.195458449645695,0.286396821988405,0,0.241088683701954,0.237169851835946,0,0.249463173716985,0.291013528022332,0,0.394621000644192,0.809963495812755,0,0,0.183057762508052,0.212958986471978,0,0.737062486579343,0.0528773888769594,0,0,0,0.331704960274855,0.155357526304488,0,0.955604466394675,0,0,0
DENND1A,0,0.882220313506549,0.46773674039081,0,0.703510843890917,0.61810178226326,0,0.8478097487653,0.658793214515783,0,0.829557655142796,0.631576121966931,0,0,0.820592656216448,0.522170925488512,0,0.908900579772386,0.822739961348508,0,0,0,0.190358599957054,0.581114451363539,0,0.954369765943741,0,0,0
MTF2,0,0.706785484217307,0.511273351943311,0,0.750858922052824,0.798260682843032,0,0.866598668670818,0.794073437835516,0,0.719400901868155,0.831973373416362,0,0,0.878140433755637,0.800622718488297,0,0.89204423448572,0.797240712905304,0,0,0,0.683057762508052,0.673931715696801,0,0.88587073223105,0,0,0
PLD3,0,0.784142151599742,0.357418939231265,0,0.77861284088469,0.377227829074511,0,0.874919476057548,0.495973802877389,0,0.575585140648486,0.944599527592871,0,0,0.897305132059266,0.838093193042731,0,0.92500536826283,0.746081168133992,0,0,0,0.702651921838093,0.419100279149667,0,0.919422374919476,0,0,0
TSPAN11,0,0.462958986471978,0.856130556152029,0,0.315278076014602,0.312057118316513,0,0.776733948894138,0.361713549495383,0,0.206302340562594,0.132649774532961,0,0,0.640541120893279,0.673770667811896,0,0.796489156109083,0.925542194545845,0,0,0,0.390648486149882,0.081812325531458,0,0.638715911531029,0,0,0
CLCN5,0,0.272493021258321,0.581114451363539,0,0.530223319733734,0.482177367403908,0,0.344696156323814,0.506388232767876,0,0.189016534249517,0.583476487008804,0,0,0.263152243933863,0.271043590294181,0,0.549763796435473,0.667060339274211,0,0,0,0.354144298904874,0.621322739961348,0,0.852319089542624,0,0,0
TPP2,0,0.39784195834228,0.37754992484432,0,0.678065278076015,0.436547133347649,0,0.482821558943526,0.375080523942452,0,0.254079879750913,0.668295039725145,0,0,0.401653424951686,0.25977023835087,0,0.490015031135924,0.273351943311145,0,0,0,0.190358599957054,0.561251878891991,0,0.715374704745544,0,0,0
DNM1,0,0.83803951041443,0.6594374060554,0,0.812218166201417,0.860800944814258,0,0.93660081597595,0.742645479922697,0,0.732499463173717,0.306044663946747,0,0,0.928387373845823,0.920925488511918,0,0.810124543697659,0.98008374490015,0,0,0,0.794180803092119,0.805132059265622,0,0.0302770023620356,0,0,0
SLC2A9,0,0.85215804165772,0.776519218380932,0,0.84238780330685,0.91088683701954,0,0.801320592656216,0.959147519862573,0,0.560070861069358,0.622557440412283,0,0,0.680105217951471,0.820485290959845,0,0.504885119175435,0.866437620785914,0,0,0,0.863807171999141,0.982123684775607,0,0.0052608975735452,0,0,0
MIB1,0,0.43660081597595,0.189714408417436,0,0.663678333691218,0.677850547562809,0,0.358170496027486,0.468703027700236,0,0.287631522439339,0.578967146231479,0,0,0.278881254026197,0.282531672750698,0,0.396446210006442,0.183970367189178,0,0,0,0.388823276787632,0.659598453940305,0,0.711402190251235,0,0,0
C8orf37,0,0.0523942452222461,0.074672535967361,0,0.675059050891132,0.804756280867511,0,0.295952329826068,0.821666308782478,0,0.872235344642474,0.851352802233197,0,0,0.337287953618209,0.323759931286236,0,0.331651277646554,0.070109512561735,0,0,0,0.190358599957054,0.615900794502899,0,0.36123040584067,0,0,0
LTA4H,0,0.353822203135066,0.126959415933004,0,0.601513850118102,0.60978097487653,0,0.369282800085892,0.765299549065922,0,0.807816190680696,0.94889413785699,0,0,0.742967575692506,0.277592870946962,0,0.577410350010736,0.0400472407129053,0,0,0,0.231694223749195,0.639199055185742,0,0.923878033068499,0,0,0
ZSCAN12,0,0.74565170710758,0.163248872664806,0,0.792248228473266,0.573115739746618,0,0.865847111874597,0.806903585999571,0,0.758374490015031,0.839435258750268,0,0,0.890541120893279,0.810822417865579,0,0.876583637534894,0.337502684131415,0,0,0,0.647305132059266,0.723158685849259,0,0.806957268627872,0,0,0
DBNL,0,0.918939231264763,0.106237921408632,0,0.890755851406485,0.944384797079665,0,0.837449001503114,0.962475842817264,0,0.8478097487653,0.853231694223749,0,0,0.957698088898432,0.741840240498175,0,0.745436976594374,0.275606613699807,0,0,0,0.535269486794073,0.850923341206785,0,0.403961777968649,0,0,0
DDX42,0,0.316244363324028,0.129643547348078,0,0.551696371054327,0.422160188962852,0,0.680105217951471,0.390380073008375,0,0.719991410779472,0.713549495383294,0,0,0.438748121108009,0.59673609619927,0,0.697444706892849,0.193311144513635,0,0,0,0.332993343354091,0.394996779042302,0,0.547401760790208,0,0,0
PLB1,0,0.727399613485076,0.450826712475843,0,0.680158900579772,0.592548851191754,0,0.737706678118961,0.497799012239639,0,0.234163624651063,0.671945458449646,0,0,0.686922911745759,0.51342065707537,0,0.82209576980889,0.891990551857419,0,0,0,0.417328752415718,0.628516212153747,0,0.931500966287309,0,0,0
RNPEPL1,0,0.793966072578913,0.175810607687352,0,0.671515997423234,0.835033283229547,0,0.840455228687997,0.802608975735452,0,0.896821988404552,0.874060554004724,0,0,0.733841528881254,0.746081168133992,0,0.906806957268628,0.920066566459094,0,0,0,0.583905948035216,0.839757354520077,0,0.783014816405411,0,0,0
TMEM119,0,0.771580416577196,0.763903800730084,0,0.44347219239854,0.63479707966502,0,0.86305561520292,0.570377925703242,0,0.530277002362036,0.89929138930642,0,0,0.818660081597595,0.903049173287524,0,0.942452222460812,0.676723212368478,0,0,0,0.879106721065063,0.497530599098132,0,0.936278720206141,0,0,0
MEGF6,0,0.384474983895212,0.775284517929998,0,0.375080523942452,0.439768091045738,0,0.340347863431394,0.457053897358815,0,0.746295898647198,0.583315439123899,0,0,0.324565170710758,0.389789564097058,0,0.542462958986472,0.636461241142366,0,0,0,0.504026197122611,0.507461885333906,0,0.435473480781619,0,0,0
HSPA7,0,0.00241571827356667,0.210650633455014,0,0.241088683701954,0.268144728365901,0,0.00536826283014816,0.291013528022332,0,0.691593300407988,0.813721279793859,0,0,0.119497530599098,0.132649774532961,0,0.301213227399613,0.0355915825638823,0,0,0,0.222407129053038,0.0172858063130771,0,0.913517285806313,0,0,0
RHOJ,0,0.914429890487438,0.986686708181233,0,0.404176508481855,0.103500107365257,0,0.897251449430964,0.291013528022332,0,0.2065170710758,0.142849473910243,0,0,0.932789349366545,0.806903585999571,0,0.901921838093193,0.970528237062487,0,0,0,0.76197122611123,0.171677045308138,0,0.861015675327464,0,0,0
DOCK5,0,0.963978956409706,0.527056044663947,0,0.915664590938372,0.951685634528667,0,0.910457375993129,0.909222675542194,0,0.588468971440842,0.421569680051535,0,0,0.859083100708611,0.906377496242216,0,0.763098561305562,0.959899076658793,0,0,0,0.900687137642259,0.955336053253167,0,0.0398861928280009,0,0,0
ZNF839,0,0.704530813828645,0.0959845394030492,0,0.550300622718488,0.584603822203135,0,0.609727292248229,0.555668885548636,0,0.932681984109942,0.698733089972085,0,0,0.751019969937728,0.832456517071076,0,0.342065707537041,0.0300085892205282,0,0,0,0.899022976164913,0.172374919476058,0,0.12427528451793,0,0,0
ORMDL3,0,0.629428816834872,0.315761219669315,0,0.548207000214731,0.775499248443204,0,0.535752630448787,0.729869014386944,0,0.840831007086107,0.811251878891991,0,0,0.607311573974662,0.732284732660511,0,0.502093622503758,0.252791496671677,0,0,0,0.849420227614344,0.79240927635817,0,0.264333261756496,0,0,0
TMEM170B,0,0.849903371269057,0.863324028344428,0,0.697068928494739,0.563613914537256,0,0.839972085033283,0.332027056044664,0,0.281350654928065,0.567318015890058,0,0,0.836536396821988,0.77281511702813,0,0.871322739961348,0.872289027270775,0,0,0,0.768681554648916,0.450987760360747,0,0.893439982821559,0,0,0
CCDC69,0,0.322847326605111,0.24710113807172,0,0.658202705604466,0.507569250590509,0,0.360639896929354,0.419422374919476,0,0.526519218380932,0.909276358170496,0,0,0.383562379214086,0.291442989048744,0,0.604090616276573,0.166738243504402,0,0,0,0.400418724500752,0.470367189177582,0,0.955336053253167,0,0,0
ITPRIP,0,0.138125402619712,0.892903156538544,0,0.241088683701954,0.148432467253597,0,0.336697444706893,0.291013528022332,0,0.845340347863431,0.374006871376423,0,0,0.490659222675542,0.598722353446425,0,0.394674683272493,0.600279149667168,0,0,0,0.743558084603822,0.01304487867726,0,0.359673609619927,0,0,0
IL32,0,0.482553145802018,0.305507837663732,0,0.241088683701954,0.32789349366545,0,0.403210221172429,0.291013528022332,0,0.858546274425596,0.686386085462744,0,0,0.548529095984539,0.666791926132703,0,0.507354520077303,0.0177152673394889,0,0,0,0.803682628301482,0.00773029847541336,0,0.882166630878248,0,0,0
TNFSF15,0,0.834872235344642,0.437406055400472,0,0.685956624436332,0.829557655142796,0,0.944170066566459,0.817371698518359,0,0.941915396177797,0.63876959415933,0,0,0.792355593729869,0.939821773674039,0,0.92607902082886,0.826605110586214,0,0,0,0.821129482499463,0.684453510843891,0,0.238995061198196,0,0,0
SLC25A36,0,0.402029203349796,0.198357311573975,0,0.798260682843032,0.888232767876315,0,0.0766587932145158,0.686815546489156,0,0.46338844749839,0.792946102641185,0,0,0.101406484861499,0.109619926991626,0,0.348239209791711,0.438372342709899,0,0,0,0.190358599957054,0.813291818767447,0,0.471494524371913,0,0,0
ZNF165,0,0.136353875885763,0.155679622074297,0,0.241088683701954,0.37427528451793,0,0.310124543697659,0.291013528022332,0,0.796328108224179,0.916094051964784,0,0,0.407397466179944,0.497315868584926,0,0.681769379428817,0.0579235559372987,0,0,0,0.626476272278291,0.0544341850977024,0,0.935097702383509,0,0,0
ALG9,0,0.158256388232768,0.314043375563668,0,0.241088683701954,0.239048743826498,0,0.291389306420442,0.291013528022332,0,0.871215374704746,0.578645050461671,0,0,0.354627442559588,0.435258750268413,0,0.406216448357312,0.0313506549280653,0,0,0,0.559587717414645,0.0549173287524157,0,0.854036933648271,0,0,0
DDHD2,0,0.905894352587503,0.323062057118317,0,0.944170066566459,0.991786557869873,0,0.755529310715053,0.975574404122826,0,0.51921838093193,0.797670173931716,0,0,0.65074082027056,0.766641614773459,0,0.56919690788061,0.9021902512347,0,0,0,0.747799012239639,0.96811251878892,0,0.0343031994846468,0,0,0
KLK1,0,0.0442344857204209,0.197015245866438,0,0.241088683701954,0.302340562593945,0,0.00971655572256818,0.291013528022332,0,0.776626583637535,0.840186815546489,0,0,0.146231479493236,0.166577195619498,0,0.53441056474125,0.071558943525875,0,0,0,0.272493021258321,0.032209576980889,0,0.896338844749839,0,0,0
TMBIM6,0,0.639574833583852,0.233143654713335,0,0.86160618423878,0.798797509126047,0,0.886783336912175,0.633562379214086,0,0.728473266051106,0.813077088254241,0,0,0.864236633025553,0.707537041013528,0,0.892849473910243,0.404391238995061,0,0,0,0.466233626798368,0.718273566673824,0,0.906699592012025,0,0,0
ZBTB12,0,0.542301911101568,0.0856237921408632,0,0.889252737814043,0.961080094481426,0,0.657343783551643,0.978204852909598,0,0.583530169637105,0.720313506549281,0,0,0.684668241357097,0.62427528451793,0,0.385387588576337,0.200504616706034,0,0,0,0.524371913248873,0.928548421730728,0,0.359888340133133,0,0,0
PTH1R,0,0.81087610049388,0.893171569680052,0,0.403800730083745,0.50252308353017,0,0.956624436332403,0.453832939660726,0,0.566834872235345,0.50762293321881,0,0,0.946585784840026,0.980566888554864,0,0.907182735666738,0.706194975305991,0,0,0,0.970528237062487,0.402029203349796,0,0.1992699162551,0,0,0
POLDIP2,0,0.666147734593086,0.443633240283444,0,0.829879750912605,0.421140219025123,0,0.748443203779257,0.425649559802448,0,0.946585784840026,0.796918617135495,0,0,0.784678977882757,0.891453725574404,0,0.695190036504187,0.183272493021258,0,0,0,0.934024049817479,0.344696156323814,0,0.174146446210006,0,0,0
TGIF2,0,0.658524801374275,0.907987975091261,0,0.534142151599742,0.474554434185098,0,0.877872020614129,0.404444921623363,0,0.769594159330041,0.834120678548422,0,0,0.802555293107151,0.871215374704746,0,0.91485935151385,0.746510629160404,0,0,0,0.884528666523513,0.461616920764441,0,0.975144943096414,0,0,0
SUMO2,0,0.446961563238136,0.792624006871376,0,0.241088683701954,0.300837449001503,0,0.513152243933863,0.291013528022332,0,0.438264977453296,0.656914322525231,0,0,0.533390594803522,0.647144084174361,0,0.71193901653425,0.201041442989049,0,0,0,0.788597809748765,0.0894352587502684,0,0.934131415074082,0,0,0
CFB,0,0.671247584281726,0.930910457375993,0,0.241088683701954,0.266587932145158,0,0.718327249302126,0.291013528022332,0,0.694116383938158,0.639413785698948,0,0,0.776841314150741,0.890433755636676,0,0.799871161692076,0.236364612411424,0,0,0,0.955604466394675,0.0478312218166201,0,0.878194116383938,0,0,0
BSDC1,0,0.661745759072364,0.136837019540477,0,0.512883830792356,0.592065707537041,0,0.644298904874383,0.566727506978742,0,0.702276143439983,0.733734163624651,0,0,0.552018466824136,0.704477131200344,0,0.671999141077947,0.164107794717629,0,0,0,0.755636675971656,0.731050032209577,0,0.234593085677475,0,0,0
TGFB1I1,0,0.807655142795791,0.620624865793429,0,0.733465750483144,0.483304702598239,0,0.635924414859351,0.641400042946103,0,0.537524157182736,0.47498389521151,0,0,0.850547562808675,0.763957483358385,0,0.482660511058621,0.266373201631952,0,0,0,0.872557440412283,0.570538973588147,0,0.234861498818982,0,0,0
ARF6,0,0.952812969722998,0.49710113807172,0,0.656323813613915,0.89998926347434,0,0.908041657719562,0.771419368692291,0,0.658632166630878,0.792785054756281,0,0,0.918026626583638,0.905357526304488,0,0.860317801159545,0.652995490659223,0,0,0,0.91196048958557,0.830362894567318,0,0.21558943525875,0,0,0
PGBD1,0,0.50107365256603,0.394674683272493,0,0.932306205711832,0.331973373416362,0,0.817801159544771,0.516534249516856,0,0.380126691002792,0.614558728795362,0,0,0.799763796435473,0.587341636246511,0,0.768305776250805,0.700826712475843,0,0,0,0.285323169422375,0.527485505690359,0,0.767983680480996,0,0,0
TBXA2R,0,0.747423233841529,0.367135494953833,0,0.657773244578055,0.826121966931501,0,0.629321451578269,0.942989048743826,0,0.437889199055186,0.413624651062916,0,0,0.729869014386944,0.724071290530384,0,0.171569680051535,0.543160833154391,0,0,0,0.776036074726219,0.941754348292892,0,0.0175542194545845,0,0,0
ACOT9,0,0.925595877174146,0.484593085677475,0,0.877979385870732,0.814633884474984,0,0.814687567103285,0.878730942666953,0,0.218434614558729,0.802877388876959,0,0,0.857741035001074,0.671945458449646,0,0.862894567318016,0.756817693794288,0,0,0,0.657021687781834,0.847380287738888,0,0.926186386085463,0,0,0
MYBPH,0,0.806688855486365,0.471870302770024,0,0.733573115739747,0.919637105432682,0,0.601406484861499,0.884152888125403,0,0.291442989048744,0.704852909598454,0,0,0.563506549280653,0.643547348078162,0,0.585409061627657,0.792248228473266,0,0,0,0.770506764011166,0.955228687996564,0,0.188479707966502,0,0,0
SMARCD2,0,0.573223105003221,0.0264655357526304,0,0.500697874167919,0.774694009018682,0,0.839166845608761,0.71483787846253,0,0.963817908524801,0.832778612840885,0,0,0.810070861069358,0.911906806957269,0,0.514172213871591,0.0134206570753704,0,0,0,0.892581060768735,0.601406484861499,0,0.0353231694223749,0,0,0
MBTD1,0,0.566459093837234,0.860908310070861,0,0.469239853983251,0.351245436976594,0,0.77356667382435,0.598668670818123,0,0.140272707751772,0.561198196263689,0,0,0.652995490659223,0.727990122396392,0,0.814633884474984,0.905035430534679,0,0,0,0.658149022976165,0.65036504187245,0,0.688587073223105,0,0,0
BCL2L11,0,0.593515138501181,0.82789349366545,0,0.612143010521795,0.595608761004939,0,0.64998926347434,0.389413785698948,0,0.850171784410565,0.84566244363324,0,0,0.679783122181662,0.655357526304488,0,0.830201846682414,0.880234056259394,0,0,0,0.716555722568177,0.448786772600387,0,0.888501181017823,0,0,0
FUCA1,0,0.507354520077303,0.452115095555078,0,0.546435473480782,0.70759072364183,0,0.527109727292248,0.474071290530384,0,0.253328322954692,0.982016319519004,0,0,0.602372772170925,0.561305561520292,0,0.805722568176938,0.328215589435259,0,0,0,0.706087610049388,0.598614988189822,0,0.954316083315439,0,0,0
MGAT1,0,0.961080094481426,0.0449323598883401,0,0.907021687781834,0.917972943955336,0,0.883455013957483,0.789564097058192,0,0.877925703242431,0.993343354090616,0,0,0.89274210865364,0.868316512776465,0,0.944867940734378,0.0737062486579343,0,0,0,0.874221601889628,0.872611123040584,0,0.963227399613485,0,0,0
CSK,0,0.531296972299764,0.0576014601674898,0,0.660081597595018,0.790047240712905,0,0.524157182735667,0.513259609190466,0,0.981586858492592,0.919476057547778,0,0,0.577947176293751,0.612250375778398,0,0.664161477345931,0.0530921193901653,0,0,0,0.647305132059266,0.658256388232768,0,0.463495812754992,0,0,0
ZNRF1,0,0.892205282370625,0.817210650633455,0,0.605540047240713,0.633079235559373,0,0.856560017178441,0.547025982392098,0,0.829396607257891,0.930856774747692,0,0,0.892258964998926,0.899720850332832,0,0.945512132273996,0.381092978312218,0,0,0,0.928226325960919,0.3767983680481,0,0.978687996564312,0,0,0
ACTR3,0,0.580470259823921,0.278720206141293,0,0.608385226540691,0.781994846467683,0,0.773620356452652,0.829181876744685,0,0.22138715911531,0.951256173502255,0,0,0.588630019325746,0.799226970152459,0,0.891990551857419,0.385656001717844,0,0,0,0.781672750697874,0.761756495598024,0,0.92248228473266,0,0,0
C11orf54,0,0.369497530599098,0.164000429461026,0,0.565868584925918,0.761917543482929,0,0.229063774962422,0.817371698518359,0,0.15363968219884,0.825424092763582,0,0,0.204745544341851,0.109619926991626,0,0.218756710328538,0.155303843676186,0,0,0,0.190358599957054,0.915127764655358,0,0.177850547562809,0,0,0
ZNF134,0,0.207537041013528,0.168241357096843,0,0.241088683701954,0.308889843246725,0,0.184238780330685,0.291013528022332,0,0.849796006012454,0.915986686708181,0,0,0.348400257676616,0.426884260253382,0,0.483519433111445,0.00756925059050891,0,0,0,0.552823706248658,0.00348937083959631,0,0.904283873738458,0,0,0
LOC93622,0,0.737652995490659,0.533659007945029,0,0.241088683701954,0.380609834657505,0,0.725896499892635,0.291013528022332,0,0.927743182306206,0.815653854412712,0,0,0.747423233841529,0.867833369121752,0,0.892634743397037,0.20361820914752,0,0,0,0.941915396177797,0.349312862357741,0,0.914376207859137,0,0,0
TMEM199,0,0.665020399398755,0.442828000858922,0,0.829987116169208,0.420925488511918,0,0.750053682628302,0.425649559802448,0,0.946317371698518,0.796167060339274,0,0,0.784356882112948,0.891722138715912,0,0.696424736955121,0.183809319304273,0,0,0,0.933755636675972,0.3442130126691,0,0.174039080953403,0,0,0
ARHGAP22,0,0.520130985613056,0.31050032209577,0,0.344266695297402,0.455228687996564,0,0.556849903371269,0.496188533390595,0,0.900257676615847,0.773137212797939,0,0,0.571075799871162,0.716394674683272,0,0.565170710757999,0.141185312432897,0,0,0,0.814526519218381,0.468058836160618,0,0.660725789134636,0,0,0
ZBTB5,0,0.25977023835087,0.0744041228258536,0,0.570216877818338,0.621054326819841,0,0.299710113807172,0.412389950611982,0,0.858170496027486,0.805990981318445,0,0,0.378677260038651,0.427689499677904,0,0.565063345501396,0.309372986901439,0,0,0,0.549656431178871,0.559748765299549,0,0.310339274210865,0,0,0
OASL,0,0.657826927206356,0.233089972085033,0,0.931662014172214,0.790959845394031,0,0.466072578913464,0.815492806527808,0,0.204155035430535,0.809211939016534,0,0,0.635387588576337,0.484915181447284,0,0.455228687996564,0.340669959201202,0,0,0,0.610478849044449,0.971977668026627,0,0.26014601674898,0,0,0
ST14,0,0.741625509984969,0.161799441700666,0,0.653854412712046,0.672643332617565,0,0.580738672965428,0.654230191110157,0,0.273996134850762,0.563506549280653,0,0,0.565117028129697,0.682896714623148,0,0.645587287953618,0.642420012883831,0,0,0,0.809748765299549,0.792462958986472,0,0.230620571183165,0,0,0
EMID1,0,0.0492806527807601,0.259662873094267,0,0.325048314365471,0.304219454584496,0,0.0659222675542195,0.346575048314365,0,0.606721065063346,0.64349366544986,0,0,0.257891346360318,0.210435902941808,0,0.27716340992055,0.0576551427957913,0,0,0,0.284249516856345,0.0579772385656002,0,0.841099420227614,0,0,0
C9orf72,0,0.0538973588146876,0.469400901868155,0,0.434024049817479,0.565278076014602,0,0.466233626798368,0.407290100923341,0,0.295039725144943,0.580738672965428,0,0,0.485988834013313,0.476916469830363,0,0.505744041228259,0.697444706892849,0,0,0,0.425327464032639,0.452061412926777,0,0.416201417221387,0,0,0
UBFD1,0,0.668402404981748,0.0590508911316298,0,0.986364612411424,0.987814043375564,0,0.533497960060125,0.975842817264333,0,0.938855486364612,0.868316512776465,0,0,0.544180803092119,0.562540261971226,0,0.206248657934292,0.14274210865364,0,0,0,0.591260468112519,0.959630663517286,0,0.0859458879106721,0,0,0
TBC1D8,0,0.610639896929354,0.16233626798368,0,0.540637749624222,0.794502898861928,0,0.606184238780331,0.704530813828645,0,0.684185097702384,0.691915396177797,0,0,0.575101996993773,0.653424951685635,0,0.744470689284947,0.293590294180803,0,0,0,0.769969937728151,0.719776680266266,0,0.887588576336697,0,0,0
OSBPL9,0,0.929461026411853,0.850279149667168,0,0.765084818552716,0.895104144298905,0,0.887749624221602,0.821505260897574,0,0.226164913034142,0.680534678977883,0,0,0.8587073223105,0.876315224393386,0,0.870946961563238,0.948733089972085,0,0,0,0.87137642258965,0.862894567318016,0,0.657021687781834,0,0,0
RAPGEF3,0,0.503059909813184,0.219884045522869,0,0.37534893708396,0.120893278934937,0,0.901116598668671,0.291013528022332,0,0.970474554434185,0.732714193686923,0,0,0.933057762508052,0.933379858277861,0,0.924039080953403,0.15798797509126,0,0,0,0.856721065063346,0.073008374490015,0,0.72353446424737,0,0,0
CHMP2A,0,0.747637964354735,0.0529847541335624,0,0.950021473051321,0.883669744470689,0,0.492591797294396,0.96193901653425,0,0.98078161906807,0.76487008803951,0,0,0.591475198625725,0.682681984109942,0,0.00338200558299334,0.0120249087395319,0,0,0,0.774747691646983,0.672052823706249,0,0.0346252952544557,0,0,0
PLXNB2,0,0.408900579772386,0.0156216448357312,0,0.694867940734378,0.800998496886408,0,0.731479493235989,0.859566244363324,0,0.931500966287309,0.717146231479493,0,0,0.918670818123255,0.784893708395963,0,0.552662658363754,0.122933218810393,0,0,0,0.769969937728151,0.881092978312218,0,0.116813399184024,0,0,0
FTL,0,0.887534893708396,0.212100064419154,0,0.855056903586,0.625402619712261,0,0.872181662014172,0.871591153102856,0,0.529149667167705,0.598883401331329,0,0,0.915503543053468,0.883240283444277,0,0.762454369765944,0.19347219239854,0,0,0,0.856237921408632,0.784249516856345,0,0.646338844749839,0,0,0
CCDC120,0,0.747262185956624,0.0506764011165987,0,0.947444706892849,0.949914107794718,0,0.535645265192184,0.966609405196478,0,0.256388232767876,0.700128838307924,0,0,0.471709254885119,0.379965643117887,0,0.289295683916685,0.423019111015675,0,0,0,0.348400257676616,0.948733089972085,0,0.187513420657075,0,0,0
ING5,0,0.405250161047885,0.0372557440412283,0,0.907558514064849,0.811520292033498,0,0.378784625295254,0.486686708181233,0,0.486310929783122,0.624543697659437,0,0,0.434346145587288,0.257139789564097,0,0.246295898647198,0.100118101782263,0,0,0,0.222407129053038,0.845179299978527,0,0.298958557010951,0,0,0
HSPG2,0,0.915074082027056,0.868745973802877,0,0.93370195404767,0.724500751556796,0,0.784840025767662,0.932520936225038,0,0.661799441700666,0.452007730298475,0,0,0.829128194116384,0.854036933648271,0,0.677045308138286,0.812271848829719,0,0,0,0.908256388232768,0.766534249516856,0,0.243450719347219,0,0,0
WDR31,0,0.269272063560232,0.00649559802447928,0,0.878408846897144,0.952222460811681,0,0.392097917114022,0.753382005582993,0,0.740068713764226,0.791067210650633,0,0,0.369712261112304,0.319035859995705,0,0.192291174575907,0.10725789134636,0,0,0,0.321666308782478,0.912443633240283,0,0.096521365686064,0,0,0
CA12,0,0.74167919261327,0.288705175005368,0,0.912121537470475,0.903424951685635,0,0.502469400901868,0.912121537470475,0,0.610586214301052,0.46483787846253,0,0,0.432198840455229,0.344642473695512,0,0.222997637964355,0.769486794073438,0,0,0,0.316029632810822,0.884313936010307,0,0.145265192183809,0,0,0
C10orf105,0,0.432628301481641,0.471816620141722,0,0.288597809748765,0.390111659866867,0,0.513581704960275,0.33948894137857,0,0.520828859780975,0.739102426454799,0,0,0.485290959845394,0.544449216233627,0,0.790906162765729,0.234002576766158,0,0,0,0.606667382435044,0.334389091689929,0,0.986042516641615,0,0,0
FCGRT,0,0.673824350440198,0.0415503543053468,0,0.850815975950183,0.879053038436762,0,0.66088683701954,0.802608975735452,0,0.864827141936869,0.894728365900795,0,0,0.707375993128624,0.644406270130986,0,0.507998711616921,0.0339811037148379,0,0,0,0.554595232982607,0.873792140863217,0,0.110639896929354,0,0,0
CNN1,0,0.774801374275285,0.198303628945673,0,0.740551857418939,0.932413570968435,0,0.790745114880825,0.890916899291389,0,0.851996993772815,0.884260253382006,0,0,0.768305776250805,0.913946746832725,0,0.657397466179944,0.0594266695297402,0,0,0,0.93949967790423,0.678011595447713,0,0.390916899291389,0,0,0
MYL9,0,0.418617135494954,0.909598453940305,0,0.317586429031565,0.397305132059266,0,0.716716770453081,0.396446210006442,0,0.446478419583423,0.484700450934078,0,0,0.647788275713979,0.792731372127979,0,0.784195834228044,0.633132918187674,0,0,0,0.861498818982177,0.370141722138716,0,0.868692291174576,0,0,0
VEGFC,0,0.890648486149882,0.971548207000215,0,0.563238136139145,0.511112304058407,0,0.932735666738243,0.554648915610908,0,0.262078591367833,0.428602104359029,0,0,0.930051535323169,0.88259609190466,0,0.942881683487224,0.976003865149238,0,0,0,0.810285591582564,0.600225467038866,0,0.72643332617565,0,0,0
CCND3,0,0.711563238136139,0.34673609619927,0,0.841528881254026,0.710060124543698,0,0.845555078376637,0.892473695512132,0,0.886998067425381,0.892258964998926,0,0,0.862733519433111,0.84276358170496,0,0.787524157182736,0.245598024479279,0,0,0,0.834550139574834,0.891238995061198,0,0.20941593300408,0,0,0
CHD4,0,0.805776250805239,0.641507408202706,0,0.878569894782048,0.877496242216019,0,0.779793858707322,0.631790852480137,0,0.638876959415933,0.768413141507408,0,0,0.882327678763152,0.875080523942452,0,0.780867511273352,0.771795147090402,0,0,0,0.928441056474125,0.83803951041443,0,0.313184453510844,0,0,0
JPH4,0,0.388876959415933,0.248228473266051,0,0.67355593729869,0.672911745759072,0,0.393976809104574,0.636837019540477,0,0.795737599312862,0.792140863216663,0,0,0.36885333905948,0.442559587717415,0,0.448357311573975,0.100064419153962,0,0,0,0.563828645050462,0.720957698088898,0,0.253650418724501,0,0,0
HS1BP3,0,0.699538329396607,0.0894889413785699,0,0.755207214945244,0.84131415074082,0,0.642903156538544,0.82392097917114,0,0.858599957053897,0.887373845823492,0,0,0.529793858707322,0.677474769164698,0,0.491142366330256,0.0815439123899506,0,0,0,0.510843890916899,0.415074082027056,0,0.151116598668671,0,0,0
ZNF8,0,0.306205711831651,0.0208825424092764,0,0.678494739102426,0.6376959415933,0,0.0231372127979386,0.728312218166201,0,0.831060768735237,0.811090831007086,0,0,0.192076444062701,0.213925273781404,0,0.0513742752845179,0.0398325101996994,0,0,0,0.332993343354091,0.573008374490015,0,0.164322525230835,0,0,0
PRELID1,0,0.472782907451149,0.229439553360533,0,0.837234270989908,0.963817908524801,0,0.337073223105003,0.925864290315654,0,0.954530813828645,0.786450504616706,0,0,0.381790852480137,0.415610908310071,0,0.264655357526304,0.420764440627013,0,0,0,0.541765084818553,0.964515782692721,0,0.124812110800945,0,0,0
PRR13,0,0.877066781189607,0.592709899076659,0,0.241088683701954,0.418241357096843,0,0.92248228473266,0.291013528022332,0,0.995329611337771,0.870463817908525,0,0,0.917167704530814,0.978687996564312,0,0.950075155679622,0.399935580846038,0,0,0,0.995168563452867,0.381790852480137,0,0.821719991410779,0,0,0
ZNF337,0,0.441378569894782,0.48512991196049,0,0.241088683701954,0.296703886622289,0,0.458879106721065,0.291013528022332,0,0.724715482070002,0.493880180373631,0,0,0.429997852694868,0.528290745114881,0,0.473051320592656,0.203886622289027,0,0,0,0.674146446210006,0.0709684346145587,0,0.675864290315654,0,0,0
SNN,0,0.515675327464033,0.865095555078377,0,0.464945243719132,0.649935580846038,0,0.738136139145373,0.631790852480137,0,0.311144513635388,0.978419583422804,0,0,0.630019325746189,0.763528022331973,0,0.931447283659008,0.838952115095555,0,0,0,0.805829933433541,0.705926562164484,0,0.956194975305991,0,0,0
AHDC1,0,0.305239424522225,0.22788275713979,0,0.777646553575263,0.803736310929783,0,0.3514601674898,0.704584496456947,0,0.523781404337556,0.856667382435044,0,0,0.357794717629375,0.410833154391239,0,0.491196048958557,0.29928065278076,0,0,0,0.487975091260468,0.741840240498175,0,0.781994846467683,0,0,0
SERINC2,0,0.904444921623363,0.12824779901224,0,0.752093622503758,0.886139145372557,0,0.808084603822203,0.932896714623148,0,0.939607043160833,0.953940304917329,0,0,0.871215374704746,0.854573759931286,0,0.919046596521366,0.411262615417651,0,0,0,0.932198840455229,0.960919046596521,0,0.85650633455014,0,0,0
ACSL5,0,0.996134850762293,0.93515138501181,0,0.930480996349581,0.884689714408417,0,0.976057547777539,0.869443847970797,0,0.6376959415933,0.328430319948465,0,0,0.979385870732231,0.943364827141937,0,0.939070216877818,0.993665449860425,0,0,0,0.917972943955336,0.966340992054971,0,0.157504831436547,0,0,0
SGK1,0,0.772976164913034,0.946317371698518,0,0.433111445136354,0.429514709040155,0,0.768413141507408,0.396983036289457,0,0.636675971655572,0.59925917972944,0,0,0.760092334120679,0.77753918831866,0,0.803951041442989,0.895426240068714,0,0,0,0.808191969078806,0.421247584281726,0,0.673716985183595,0,0,0
KDM3A,0,0.954638179085248,0.635172858063131,0,0.899506119819626,0.740015031135924,0,0.951309856130556,0.652619712261112,0,0.775284517929998,0.766373201631952,0,0,0.959254885119175,0.862143010521795,0,0.935956624436332,0.98947820485291,0,0,0,0.636139145372557,0.798690143869444,0,0.179514709040155,0,0,0
UCKL1,0,0.790798797509126,0.0642581060768735,0,0.529686493450719,0.882327678763152,0,0.794073437835516,0.95796650203994,0,0.842548851191754,0.833261756495598,0,0,0.853392742108654,0.890863216663088,0,0.75252308353017,0.326551427957913,0,0,0,0.897949323598883,0.95254455658149,0,0.0503543053467898,0,0,0
IQSEC1,0,0.386139145372557,0.232284732660511,0,0.322417865578699,0.00450934077732446,0,0.500322095769809,0.291013528022332,0,0.810929783122182,0.98298260682843,0,0,0.59636031780116,0.427206356023191,0,0.87572471548207,0.0594803521580417,0,0,0,0.419315009662873,0.071558943525875,0,0.993933863001933,0,0,0
CCDC88B,0,0.909974232338415,0.12427528451793,0,0.573598883401331,0.762400687137642,0,0.848990766587932,0.712422160188963,0,0.954691861713549,0.702276143439983,0,0,0.830577625080524,0.867189177582134,0,0.569143225252308,0.136407558514065,0,0,0,0.905840669959201,0.803360532531673,0,0.213817908524801,0,0,0
JAK2,0,0.821934721923985,0.211080094481426,0,0.936493450719347,0.897680910457376,0,0.634582349151814,0.918241357096844,0,0.122718488297187,0.680856774747692,0,0,0.645318874812111,0.356023190895426,0,0.492860210435903,0.831597595018252,0,0,0,0.220904015460597,0.961616920764441,0,0.331060768735237,0,0,0
SLC12A8,0,0.437889199055186,0.247369551213227,0,0.737814043375564,0.795308138286451,0,0.343568821129483,0.695673180158901,0,0.11160618423878,0.623470045093408,0,0,0.289725144943096,0.253328322954692,0,0.308299334335409,0.341528881254026,0,0,0,0.340294180803092,0.785269486794073,0,0.864880824565171,0,0,0
TACO1,0,0.783497960060125,0.0286665235129912,0,0.957912819411638,0.916094051964784,0,0.910940519647842,0.778720206141293,0,0.962851621215375,0.905357526304488,0,0,0.912604681125188,0.860317801159545,0,0.868692291174576,0.319680051535323,0,0,0,0.746295898647198,0.913302555293107,0,0.451041442989049,0,0,0
SLC39A3,0,0.0372557440412283,0.145802018466824,0,0.863485076229332,0.781028559158256,0,0.555346789778828,0.733089972085033,0,0.864343998282156,0.934453510843891,0,0,0.56194975305991,0.589381576121967,0,0.437030277002362,0.310017178441056,0,0,0,0.435741893923126,0.381844535108439,0,0.470742967575693,0,0,0
FLOT1,0,0.959093837234271,0.0654928065278076,0,0.866867081812326,0.872235344642474,0,0.988458234915181,0.992484432037793,0,0.991947605754778,0.99602748550569,0,0,0.99092763581705,0.996993772815117,0,0.99527592870947,0.35108438909169,0,0,0,0.992860210435903,0.902619712261112,0,0.663463603178012,0,0,0
METTL9,0,0.946800515353232,0.318606398969294,0,0.928709469615632,0.925917972943955,0,0.817479063774962,0.815492806527808,0,0.801052179514709,0.863538758857634,0,0,0.905625939445995,0.761649130341422,0,0.749785269486794,0.581060768735237,0,0,0,0.740390809534035,0.753435688211295,0,0.666416147734593,0,0,0
MUM1,0,0.715159974232338,0.272922482284733,0,0.677313721279794,0.651760790208289,0,0.836643762078591,0.596789778827571,0,0.70759072364183,0.705497101138072,0,0,0.779257032424307,0.854144298904874,0,0.734915181447284,0.660618423878033,0,0,0,0.811788705175005,0.641990551857419,0,0.184077732445781,0,0,0
ATP2C1,0,0.213334764870088,0.471065063345501,0,0.360908310070861,0.556420442344857,0,0.162121537470475,0.774157182735667,0,0.439445995275929,0.661155250161048,0,0,0.101406484861499,0.109619926991626,0,0.415557225681769,0.438426025338201,0,0,0,0.190358599957054,0.600279149667168,0,0.73840455228688,0,0,0
RHOG,0,0.60725789134636,0.0976487008803951,0,0.574618853339059,0.667597165557226,0,0.551159544771312,0.570807386729654,0,0.895587287953618,0.84238780330685,0,0,0.497960060124544,0.692505905089113,0,0.377066781189607,0.093515138501181,0,0,0,0.700934077732446,0.547294395533605,0,0.1847756066137,0,0,0
DEGS1,0,0.924575907236418,0.849957053897359,0,0.931178870517501,0.858599957053897,0,0.882864505046167,0.686815546489156,0,0.798690143869444,0.893601030706463,0,0,0.930373631092978,0.855217951470904,0,0.933540906162766,0.943418509770238,0,0,0,0.868262830148164,0.873845823491518,0,0.77281511702813,0,0,0
CREBZF,0,0.529418080309212,0.234378355164269,0,0.538705175005368,0.683111445136354,0,0.35978097487653,0.602319089542624,0,0.49167919261327,0.825316727506979,0,0,0.501986257247155,0.32392097917114,0,0.481855271634099,0.212422160188963,0,0,0,0.396929353661155,0.52319089542624,0,0.445619497530599,0,0,0
MAPK7,0,0.874597380287739,0.384850762293322,0,0.592709899076659,0.759179729439553,0,0.913356237921409,0.707805454155035,0,0.271795147090402,0.795576551427958,0,0,0.950987760360747,0.947874167919261,0,0.917972943955336,0.791335623792141,0,0,0,0.959093837234271,0.748496886407559,0,0.618692291174576,0,0,0
ATP6V1E1,0,0.873255314580202,0.265245866437621,0,0.799656431178871,0.7717414644621,0,0.779901223963925,0.801857418939231,0,0.925756925059051,0.824296757569251,0,0,0.720528237062487,0.651331329181877,0,0.728526948679407,0.271634099205497,0,0,0,0.539993558084604,0.837717414644621,0,0.590079450289886,0,0,0
MT2A,0,0.35070861069358,0.523244578054541,0,0.241088683701954,0.275069787416792,0,0.626261541765085,0.291013528022332,0,0.973373416362465,0.675917972943955,0,0,0.576497745329611,0.700504616706034,0,0.652941808030921,0.0514816405411209,0,0,0,0.828430319948465,0.11123040584067,0,0.836160618423878,0,0,0
MAPKAPK5,0,0.517178441056474,0.0341421515997423,0,0.603661155250161,0.788490444492162,0,0.480566888554864,0.782370624865793,0,0.480191110156753,0.744255958771741,0,0,0.523137212797939,0.593729869014387,0,0.527109727292248,0.168456087610049,0,0,0,0.671891775821344,0.746617994417007,0,0.471172428602104,0,0,0
RBP5,0,0.0534678977882757,0.383079235559373,0,0.241088683701954,0.200128838307924,0,0.218917758213442,0.291013528022332,0,0.696478419583423,0.462744255958772,0,0,0.218756710328538,0.255207214945244,0,0.406699592012025,0.0930319948464677,0,0,0,0.384313936010307,0.149130341421516,0,0.731962636890702,0,0,0
UNC13D,0,0.72970796650204,0.0759609190465965,0,0.670710757998712,0.775821344213013,0,0.621698518359459,0.92173072793644,0,0.876261541765085,0.946532102211724,0,0,0.690090186815546,0.696210006441915,0,0.701685634528667,0.030652780760146,0,0,0,0.718166201417221,0.805561520292034,0,0.580362894567318,0,0,0
FAM196B,0,0.577034571612626,0.960328537685205,0,0.241088683701954,0.157719561949753,0,0.556581490229762,0.291013528022332,0,0.398432467253597,0.0668348722353446,0,0,0.566083315439124,0.688103929568392,0,0.585731157397466,0.803306849903371,0,0,0,0.819411638393816,0.300193257461885,0,0.537363109297831,0,0,0
LRRFIP1,0,0.811412926776895,0.895963066351729,0,0.610264118531243,0.68767446854198,0,0.87610049388018,0.622772170925489,0,0.62427528451793,0.790637749624222,0,0,0.882166630878248,0.87030277002362,0,0.868048099634958,0.869282800085892,0,0,0,0.891346360317801,0.781458020184668,0,0.331543912389951,0,0,0
GLIS2,0,0.8369658578484,0.531296972299764,0,0.871805883616062,0.901707107579987,0,0.814794932359888,0.805561520292034,0,0.809534034786343,0.73223105003221,0,0,0.708503328322955,0.856935795576551,0,0.787416791926133,0.829020828859781,0,0,0,0.855056903586,0.801320592656216,0,0.501664161477346,0,0,0
TMEM14A,0,0.853285376852051,0.547616491303414,0,0.569894782048529,0.841528881254026,0,0.632757139789564,0.702705604466395,0,0.842602533820056,0.698088898432467,0,0,0.700504616706034,0.829396607257891,0,0.575585140648486,0.346199269916255,0,0,0,0.915020399398755,0.763152243933863,0,0.208395963066352,0,0,0
STX12,0,0.560017178441056,0.246832724930213,0,0.80035430534679,0.873362679836805,0,0.346682413570968,0.941163839381576,0,0.143601030706463,0.724232338415289,0,0,0.437352372772171,0.256817693794288,0,0.273835086965858,0.55905089113163,0,0,0,0.207859136783337,0.937889199055186,0,0.205765514279579,0,0,0
ZFP36,0,0.919959201202491,0.0460060124543698,0,0.780384367618639,0.76197122611123,0,0.880770882542409,0.737491947605755,0,0.975842817264333,0.941915396177797,0,0,0.932467253596736,0.952974017607902,0,0.901760790208289,0.123523727721709,0,0,0,0.966340992054971,0.70506764011166,0,0.700987760360747,0,0,0
TRIM45,0,0.431125187889199,0.87100064419154,0,0.438748121108009,0.00327464032639038,0,0.311466609405196,0.300837449001503,0,0.494094910886837,0.315331758642903,0,0,0.374328967146231,0.453671891775821,0,0.224554434185098,0.709952759287095,0,0,0,0.579557655142796,0.33406699592012,0,0.171838093193043,0,0,0
ABCD1,0,0.649184024049817,0.593676186386085,0,0.728849044449216,0.727345930856775,0,0.459093837234271,0.710221172428602,0,0.420496027485506,0.626959415933004,0,0,0.392527378140434,0.477721709254885,0,0.457268627872021,0.714032639038007,0,0,0,0.601513850118102,0.741088683701954,0,0.612250375778398,0,0,0
RNF43,0,0.350547562808675,0.00563667597165557,0,0.854788490444492,0.973319733734164,0,0.332832295469186,0.880985613055615,0,0.752254670388662,0.808030921193902,0,0,0.264386944384797,0.308299334335409,0,0.262508052394245,0.171838093193043,0,0,0,0.190358599957054,0.959899076658793,0,0.0410672106506335,0,0,0
MFAP4,0,0.881844535108439,0.518735237277217,0,0.527109727292248,0.647197766802663,0,0.90326390380073,0.5905625939446,0,0.22718488297187,0.64891561090831,0,0,0.934721923985398,0.926884260253382,0,0.909544771312003,0.866759716555723,0,0,0,0.93805024694009,0.686117672321237,0,0.64204423448572,0,0,0
KCNQ5,0,0.133186600815976,0.719400901868155,0,0.241088683701954,0.283229546918617,0,0.185258750268413,0.291013528022332,0,0.139521150955551,0.720420871805884,0,0,0.101406484861499,0.109619926991626,0,0.638179085248014,0.445404767017393,0,0,0,0.190358599957054,0.300193257461885,0,0.982284732660511,0,0,0
IL6R,0,0.894406270130986,0.972407129053038,0,0.404928065278076,0.215696800515353,0,0.905035430534679,0.291013528022332,0,0.838200558299334,0.699538329396607,0,0,0.904928065278076,0.861176723212368,0,0.956248657934292,0.939231264762723,0,0,0,0.790745114880825,0.0606613699806743,0,0.913141507408203,0,0,0
C6orf47,0,0.653102855915826,0.0624328967146231,0,0.760253382005583,0.787738887695942,0,0.700665664590938,0.873362679836805,0,0.918348722353446,0.846199269916255,0,0,0.860961992699163,0.813506549280653,0,0.544234485720421,0.0452007730298475,0,0,0,0.859995705389736,0.800085892205282,0,0.131200343568821,0,0,0
TRAFD1,0,0.290369336482714,0.32826927206356,0,0.787899935580846,0.741947605754778,0,0.605003220957698,0.782370624865793,0,0.531672750697874,0.771473051320593,0,0,0.397573545200773,0.537363109297831,0,0.646499892634743,0.814419153961778,0,0,0,0.399667167704531,0.687835516426884,0,0.806849903371269,0,0,0
C12orf73,0,0.262883830792356,0.0807386729654284,0,0.613162980459523,0.775069787416792,0,0.251610478849044,0.556957268627872,0,0.943579557655143,0.826873523727722,0,0,0.456141292677689,0.40798797509126,0,0.0362894567318016,0.0532531672750698,0,0,0,0.534571612626154,0.701954047670174,0,0.0700021473051321,0,0,0
ARRB2,0,0.815439123899506,0.488511917543483,0,0.627388876959416,0.837985827786128,0,0.767715267339489,0.556742538114666,0,0.680373631092978,0.705550783766373,0,0,0.821827356667382,0.883938157612197,0,0.567479063774962,0.368370195404767,0,0,0,0.925542194545845,0.718434614558729,0,0.160188962851621,0,0,0
CLEC5A,0,0.629160403693365,0.923985398325102,0,0.272063560231909,0.352104359029418,0,0.559372986901439,0.41013528022332,0,0.196854197981533,0.0919046596521366,0,0,0.572042087180588,0.694384797079665,0,0.533390594803522,0.805722568176938,0,0,0,0.824082027056045,0.452490873953189,0,0.245866437620786,0,0,0
HIP1R,0,0.947015245866438,0.820753704101353,0,0.824028344427743,0.861874597380288,0,0.90723641829504,0.820002147305132,0,0.426830577625081,0.661531028559158,0,0,0.917221387159115,0.909813184453511,0,0.903854412712046,0.901760790208289,0,0,0,0.92897788275714,0.83406699592012,0,0.849796006012454,0,0,0
ZNF549,0,0.0326390380073008,0.192452222460812,0,0.241088683701954,0.318445351084389,0,0.199216233626798,0.291013528022332,0,0.640380073008375,0.726862787202061,0,0,0.34383723427099,0.421569680051535,0,0.286182091475199,0.0181447283659008,0,0,0,0.547133347648701,0.00746188533390595,0,0.853124328967146,0,0,0
LRRC28,0,0.0388662228902727,0.195512132273996,0,0.46338844749839,0.545791281941164,0,0.188211294824995,0.555668885548636,0,0.6340455228688,0.646446210006442,0,0,0.227614343998282,0.230513205926562,0,0.0415503543053468,0.103070646338845,0,0,0,0.190358599957054,0.492216018896285,0,0.133777109727292,0,0,0
TMEM120B,0,0.662550998496886,0.751610478849044,0,0.578484002576766,0.623040584066996,0,0.81377496242216,0.605003220957698,0,0.777270775177153,0.847702383508697,0,0,0.837771097272922,0.902404981747906,0,0.861284088468971,0.742967575692506,0,0,0,0.942989048743826,0.60833154391239,0,0.719884045522869,0,0,0
TINF2,0,0.886353875885763,0.550407987975091,0,0.960650633455014,0.817586429031565,0,0.956409705819197,0.942720635602319,0,0.949592012024909,0.866920764440627,0,0,0.97138715911531,0.974178655786987,0,0.855540047240713,0.910618423878033,0,0,0,0.941432252523083,0.702115095555078,0,0.0237277217092549,0,0,0
MED21,0,0.739156109083101,0.213817908524801,0,0.795308138286451,0.921086536396822,0,0.50037577839811,0.927528451793,0,0.880985613055615,0.727345930856775,0,0,0.781672750697874,0.50182520936225,0,0.42462958986472,0.375295254455658,0,0,0,0.504455658149023,0.804756280867511,0,0.288007300837449,0,0,0
SNX27,0,0.610747262185957,0.279310715052609,0,0.823008374490015,0.805776250805239,0,0.76159544771312,0.393386300193257,0,0.716179944170067,0.745973802877389,0,0,0.69454584496457,0.713925273781404,0,0.740766587932145,0.630878247799012,0,0,0,0.579557655142796,0.55507837663732,0,0.713925273781404,0,0,0
RHOT1,0,0.966985183594589,0.978687996564312,0,0.72498389521151,0.834281726433326,0,0.968005153532317,0.827464032639038,0,0.833261756495598,0.549441700665665,0,0,0.971226111230406,0.971440841743612,0,0.961455872879536,0.985237277217093,0,0,0,0.959845394030492,0.800891131629805,0,0.243665449860425,0,0,0
TRNT1,0,0.265084818552716,0.36267983680481,0,0.462905303843676,0.577947176293751,0,0.263313291818767,0.6087073223105,0,0.145104144298905,0.665879321451578,0,0,0.195941593300408,0.193525875026841,0,0.347702383508697,0.436922911745759,0,0,0,0.190358599957054,0.702490873953189,0,0.443901653424952,0,0,0
KIAA0907,0,0.210811681339918,0.114021902512347,0,0.551374275284518,0.715106291604037,0,0.49420227614344,0.494739102426455,0,0.812110800944814,0.989961348507623,0,0,0.712100064419154,0.600762293321881,0,0.793375563667597,0.0351621215374705,0,0,0,0.597487652995491,0.346682413570968,0,0.929568391668456,0,0,0
NUAK2,0,0.669153961777969,0.421838093193043,0,0.598400257676616,0.545898647197767,0,0.656914322525231,0.503167275069787,0,0.879536182091475,0.970581919690788,0,0,0.617672321236848,0.740283444277432,0,0.865310285591583,0.300569035859996,0,0,0,0.804380502469401,0.44674683272493,0,0.892205282370625,0,0,0
MNDA,0,0.133186600815976,0.719400901868155,0,0.241088683701954,0.270453081382865,0,0.105540047240713,0.291013528022332,0,0.0519111015675327,0.214086321666309,0,0,0.101406484861499,0.109619926991626,0,0.168295039725145,0.539403049173288,0,0,0,0.190358599957054,0.300193257461885,0,0.75289886192828,0,0,0
RHOA,0,0.7137642258965,0.772976164913034,0,0.241088683701954,0.26052179514709,0,0.673985398325102,0.291013528022332,0,0.800461670603393,0.904874382649774,0,0,0.740712905303844,0.863538758857634,0,0.868584925917973,0.0616813399184024,0,0,0,0.932198840455229,0.010360747262186,0,0.95216877818338,0,0,0
ZKSCAN3,0,0.062969722997638,0.219508267124758,0,0.241088683701954,0.320861069357956,0,0.020614129267769,0.291013528022332,0,0.441378569894782,0.687298690143869,0,0,0.167060339274211,0.192613270345716,0,0.30905089113163,0.058406699592012,0,0,0,0.305024694009019,0.0477775391883187,0,0.867189177582134,0,0,0
LSM10,0,0.928763152243934,0.256388232767876,0,0.950665664590938,0.927635817049603,0,0.917972943955336,0.856721065063346,0,0.876744685419798,0.909974232338415,0,0,0.918992913893064,0.891238995061198,0,0.852587502684131,0.210221172428602,0,0,0,0.881629804595233,0.84963495812755,0,0.809856130556152,0,0,0
TMEM51,0,0.995168563452867,0.930266265836375,0,0.980996349581275,0.994041228258536,0,0.933111445136354,0.993880180373631,0,0.828430319948465,0.609029418080309,0,0,0.931339918402405,0.984754133562379,0,0.731586858492592,0.882435044019755,0,0,0,0.996617994417007,0.987545630234056,0,0.0299549065922268,0,0,0
TSPO,0,0.426132703457161,0.131200343568821,0,0.505690358599957,0.69384797079665,0,0.378086751127335,0.854949538329397,0,0.774532961133777,0.676240068713764,0,0,0.400096628730943,0.434292462958986,0,0.239370839596307,0.150150311359244,0,0,0,0.441217522009878,0.670227614343998,0,0.0993665449860425,0,0,0
RAB35,0,0.304971011380717,0.273083530169637,0,0.609244148593515,0.640809534034786,0,0.516587932145158,0.682574618853339,0,0.282692720635602,0.63914537255744,0,0,0.436439768091046,0.344320377925703,0,0.513581704960275,0.315331758642903,0,0,0,0.263796435473481,0.568660081597595,0,0.888554863646124,0,0,0
BLMH,0,0.903693364827142,0.156592226755422,0,0.855647412497316,0.840240498174791,0,0.920925488511918,0.745544341850977,0,0.833208073867297,0.709738028773889,0,0,0.93225252308353,0.805185741893923,0,0.925649559802448,0.96521365686064,0,0,0,0.60070861069358,0.916040369336483,0,0.573223105003221,0,0,0
EFHC1,0,0.187245007515568,0.337019540476702,0,0.264547992269702,0.216609405196478,0,0.374114236633026,0.300837449001503,0,0.39059480352158,0.720152458664376,0,0,0.293590294180803,0.350815975950183,0,0.686332402834443,0.120839596306635,0,0,0,0.313238136139145,0.064419153961778,0,0.969239853983251,0,0,0
PLAGL1,0,0.157934292462959,0.294502898861928,0,0.252630448786773,0.348507622933219,0,0.387803306849903,0.31484861498819,0,0.544771312003436,0.718380931930427,0,0,0.207912819411638,0.358922052823706,0,0.599044449216234,0.108438909168993,0,0,0,0.255207214945244,0.0664054112089328,0,0.915610908310071,0,0,0
FOLR2,0,0.607365256602963,0.790047240712905,0,0.405572256817694,0.637964354734808,0,0.629750912604681,0.587449001503114,0,0.510790208288598,0.628677260038652,0,0,0.602211724286021,0.680588361606184,0,0.711616920764441,0.828430319948465,0,0,0,0.714784195834228,0.659115310285592,0,0.269486794073438,0,0,0
SNRPG,0,0.639199055185742,0.864827141936869,0,0.241088683701954,0.261863860854627,0,0.571344213012669,0.291013528022332,0,0.594588791067211,0.655733304702598,0,0,0.6485398325102,0.776036074726219,0,0.695887910672107,0.209952759287095,0,0,0,0.884528666523513,0.0279149667167705,0,0.788436761863861,0,0,0
GNB2,0,0.646553575263045,0.180480996349581,0,0.87427528451793,0.796972299763796,0,0.810285591582564,0.872020614129268,0,0.896338844749839,0.759609190465965,0,0,0.841636246510629,0.731318445351084,0,0.685419798153318,0.296113377710973,0,0,0,0.522493021258321,0.75542194545845,0,0.363270345716126,0,0,0
ADAT2,0,0.404230191110157,0.0843890916899291,0,0.558191969078806,0.360639896929354,0,0.77426454799227,0.718971440841744,0,0.701256173502255,0.63839381576122,0,0,0.764279579128194,0.63984324672536,0,0.714945243719132,0.671032853768521,0,0,0,0.369980674253811,0.58911316298046,0,0.410994202276143,0,0,0
SLC17A9,0,0.33911316298046,0.188103929568392,0,0.598024479278505,0.618262830148164,0,0.544771312003436,0.480835301696371,0,0.883293966072579,0.836160618423878,0,0,0.682735666738243,0.582939660725789,0,0.530115954477131,0.150794502898862,0,0,0,0.501717844105647,0.126476272278291,0,0.679568391668456,0,0,0
FAM160B1,0,0.615256602963281,0.120356452651922,0,0.917650848185527,0.931823062057118,0,0.300246940090187,0.946693150096629,0,0.218005153532317,0.777592870946962,0,0,0.199001503113592,0.170979171140219,0,0.365847111874597,0.230620571183165,0,0,0,0.271150955550784,0.921623362679837,0,0.734754133562379,0,0,0
HERPUD1,0,0.893386300193257,0.0440197552072149,0,0.819680051535323,0.981425810607687,0,0.705121322739961,0.940251234700451,0,0.837287953618209,0.890057977238566,0,0,0.687083959630663,0.817962207429676,0,0.565600171784411,0.11267983680481,0,0,0,0.906914322525231,0.981586858492592,0,0.185419798153318,0,0,0
KCNC3,0,0.43225252308353,0.109458879106721,0,0.54455658149023,0.732338415288812,0,0.257998711616921,0.852802233197337,0,0.831114451363539,0.972192398539833,0,0,0.490068713764226,0.273888769594159,0,0.66630878247799,0.0262508052394245,0,0,0,0.400794502898862,0.632220313506549,0,0.969132488726648,0,0,0
RASL12,0,0.763903800730084,0.891722138715912,0,0.473802877388877,0.610693579557655,0,0.600064419153962,0.658363753489371,0,0.4782585355379,0.307010951256174,0,0,0.61810178226326,0.739048743826498,0,0.399237706678119,0.804917328752416,0,0,0,0.850171784410565,0.706463388447498,0,0.0708073867296543,0,0,0
TMEM151A,0,0.578376637320163,0.118423878033069,0,0.892151599742323,0.883132918187674,0,0.623684775606614,0.810070861069358,0,0.914054112089328,0.897519862572472,0,0,0.851513850118102,0.752845179299979,0,0.469132488726648,0.136783336912175,0,0,0,0.819733734163625,0.725789134636032,0,0.177796864934507,0,0,0
TFDP2,0,0.57681984109942,0.446854197981533,0,0.771097272922482,0.712583208073867,0,0.332939660725789,0.767983680480996,0,0.364182950397251,0.920227614343998,0,0,0.284142151599742,0.345340347863431,0,0.637964354734808,0.599796006012454,0,0,0,0.47391024264548,0.689929138930642,0,0.647788275713979,0,0,0
MALT1,0,0.813506549280653,0.915610908310071,0,0.448357311573975,0.585248013742753,0,0.773405625939446,0.625939445995276,0,0.321988404552287,0.690090186815546,0,0,0.758750268413142,0.870463817908525,0,0.770399398754563,0.642312647627228,0,0,0,0.935956624436332,0.720850332832295,0,0.700880395104144,0,0,0
DHX33,0,0.880180373631093,0.600547562808675,0,0.807869873308997,0.593193042731372,0,0.958932789349367,0.707429675756925,0,0.590884689714408,0.776787631522439,0,0,0.975467038866223,0.941056474124973,0,0.925703242430749,0.877120463817909,0,0,0,0.866706033927421,0.63732016319519,0,0.606023190895426,0,0,0
GJD3,0,0.752737814043376,0.370839596306635,0,0.661692076444063,0.666523512991196,0,0.7644943096414,0.56194975305991,0,0.94529740176079,0.865739746617994,0,0,0.885226540691432,0.862089327893494,0,0.863914537255744,0.858761004938802,0,0,0,0.900042946102641,0.603178011595448,0,0.35580846038222,0,0,0
TMEM107,0,0.014709040154606,0.00574404122825854,0,0.849688640755851,0.587663732016319,0,0.636300193257462,0.956624436332403,0,0.996617994417007,0.998980030062272,0,0,0.628945673180159,0.771097272922482,0,0.790476701739317,0.0011810178226326,0,0,0,0.656270130985613,0.326873523727722,0,0.965374704745544,0,0,0
RAB27A,0,0.558406699592012,0.206087610049388,0,0.438587073223105,0.636783336912175,0,0.407719561949753,0.660779471762937,0,0.750966287309427,0.935312432896715,0,0,0.554434185097702,0.528129697229976,0,0.679729439553361,0.0409598453940305,0,0,0,0.653049173287524,0.557923555937299,0,0.966233626798368,0,0,0
SLC4A1,0,0.616974447068928,0.430051535323169,0,0.521150955550784,0.760038651492377,0,0.539188318660082,0.784678977882757,0,0.433057762508052,0.511004938801804,0,0,0.430964140004295,0.451417221387159,0,0.482392097917114,0.569357955765514,0,0,0,0.517822632596092,0.771419368692291,0,0.37824779901224,0,0,0
SIAH1,0,0.941754348292892,0.793321881039296,0,0.948625724715482,0.892258964998926,0,0.94637105432682,0.896875671032854,0,0.240712905303844,0.789778827571398,0,0,0.897519862572472,0.930319948464677,0,0.958879106721065,0.91738243504402,0,0,0,0.88839381576122,0.829181876744685,0,0.93332617564956,0,0,0
ZNF428,0,0.389735881468757,0.356023190895426,0,0.582295469186171,0.705658149022976,0,0.484539403049173,0.498013742752845,0,0.266748980030062,0.668241357096844,0,0,0.523996134850762,0.50037577839811,0,0.433218810392957,0.308621430105218,0,0,0,0.588737384582349,0.675273781404338,0,0.616330255529311,0,0,0
COL18A1,0,0.972675542194546,0.995383293966073,0,0.577249302125832,0.432037792570324,0,0.980674253811467,0.384099205497101,0,0.554648915610908,0.619658578484003,0,0,0.97718488297187,0.977023835086966,0,0.99022976164913,0.990015031135924,0,0,0,0.962744255958772,0.399184024049817,0,0.891990551857419,0,0,0
RPLP0P2,0,0.556313077088254,0.747906377496242,0,0.241088683701954,0.321612626154177,0,0.551266910027915,0.291013528022332,0,0.981908954262401,0.237760360747262,0,0,0.545361820914752,0.662497315868585,0,0.538114666094052,0.541281941163839,0,0,0,0.800300622718488,0.412765729010092,0,0.155411208932789,0,0,0
ASAP1,0,0.986633025552931,0.921032853768521,0,0.921032853768521,0.909920549710114,0,0.98223105003221,0.925542194545845,0,0.149184024049817,0.668563452866652,0,0,0.967146231479493,0.965696800515353,0,0.984807816190681,0.991196048958557,0,0,0,0.907558514064849,0.876691002791497,0,0.889306420442345,0,0,0
ALDH3B1,0,0.825209362250376,0.405894352587503,0,0.983304702598239,0.943525875026841,0,0.863431393601031,0.967522009877604,0,0.89601674898003,0.887749624221602,0,0,0.73840455228688,0.911423663302555,0,0.861928280008589,0.71269057333047,0,0,0,0.909168992913893,0.91593300407988,0,0.204584496456947,0,0,0
SPINT1,0,0.932467253596736,0.0605540047240713,0,0.99420227614344,0.998496886407559,0,0.826390380073008,0.99855056903586,0,0.708664376207859,0.729171140219025,0,0,0.678172643332618,0.692989048743826,0,0.332080738672965,0.686547133347649,0,0,0,0.472729224822847,0.999892634743397,0,0.00107365256602963,0,0,0
SBNO2,0,0.936332402834443,0.571397895640971,0,0.696478419583423,0.78006227184883,0,0.903854412712046,0.90326390380073,0,0.989800300622719,0.742484432037793,0,0,0.913839381576122,0.973212368477561,0,0.737921408632167,0.580899720850333,0,0,0,0.978204852909598,0.550085892205282,0,0.030652780760146,0,0,0
ASXL1,0,0.303897358814688,0.380931930427314,0,0.374704745544342,0.530706463388448,0,0.445351084389092,0.49892634743397,0,0.813023405625939,0.330255529310715,0,0,0.616598668670818,0.54310715052609,0,0.292838737384582,0.273781404337556,0,0,0,0.507676615847112,0.463442130126691,0,0.282048529095985,0,0,0
NR2C1,0,0.729278505475628,0.382757139789564,0,0.820377925703242,0.802125832080739,0,0.839059480352158,0.911477345930857,0,0.688103929568392,0.815707537041014,0,0,0.855325316727507,0.921247584281726,0,0.749892634743397,0.296650203993988,0,0,0,0.937030277002362,0.899345071934722,0,0.0811144513635388,0,0,0
MRPS7,0,0.869175434829289,0.441700665664591,0,0.753006227184883,0.90143869443848,0,0.850171784410565,0.90326390380073,0,0.858009448142581,0.969293536611552,0,0,0.847487652995491,0.922267554219455,0,0.89021902512347,0.187191324887266,0,0,0,0.955336053253167,0.921891775821344,0,0.9202812969723,0,0,0
ZRANB3,0,0.376637320163195,0.37282585355379,0,0.616115525016105,0.688962851621215,0,0.46956194975306,0.655035430534679,0,0.0905625939445995,0.728902727077518,0,0,0.196156323813614,0.330201846682414,0,0.692183809319304,0.711670603392742,0,0,0,0.190358599957054,0.790476701739317,0,0.745490659222676,0,0,0
SHF,0,0.00569035859995705,0.0144943096414,0,0.690143869443848,0.896231479493236,0,0.372664805668886,0.482875241571827,0,0.721279793858707,0.944331114451364,0,0,0.422965428387374,0.510843890916899,0,0.519755207214945,0.0341421515997423,0,0,0,0.614451363538759,0.72246081168134,0,0.674468541979815,0,0,0
HNRNPA1L2,0,0.239692935366116,0.189875456302341,0,0.241088683701954,0.363485076229332,0,0.332563882327679,0.291013528022332,0,0.917650848185527,0.65288812540262,0,0,0.41378569894782,0.506066136998067,0,0.499785269486794,0.0922267554219455,0,0,0,0.647305132059266,0.112948249946317,0,0.782907451148808,0,0,0
MEF2A,0,0.340240498174791,0.114773459308568,0,0.472568176937943,0.768735237277217,0,0.475789134636032,0.697766802662658,0,0.573598883401331,0.576766158471119,0,0,0.446210006441915,0.440734378355164,0,0.411262615417651,0.212261112304058,0,0,0,0.190358599957054,0.624114236633026,0,0.169744470689285,0,0,0
MCOLN1,0,0.797187030277002,0.0931930427313721,0,0.92607902082886,0.944009018681555,0,0.628194116383938,0.830684990337127,0,0.954369765943741,0.967844105647413,0,0,0.782209576980889,0.726164913034142,0,0.659813184453511,0.0511058621430105,0,0,0,0.800300622718488,0.685795576551428,0,0.566029632810822,0,0,0
USP30,0,0.0231908954262401,0.0841206785484217,0,0.615256602963281,0.444492162336268,0,0.370946961563238,0.835194331114451,0,0.751878891990552,0.63152243933863,0,0,0.397895640970582,0.375187889199055,0,0.305722568176938,0.176776894996779,0,0,0,0.195834228043805,0.719132488726648,0,0.246295898647198,0,0,0
TPCN1,0,0.962529525445566,0.904659652136569,0,0.465804165771956,0.688318660081598,0,0.948142581060769,0.6557869873309,0,0.912067854842173,0.950450934077732,0,0,0.964193686922912,0.995705389735882,0,0.946800515353232,0.15326390380073,0,0,0,0.99892634743397,0.489531887481211,0,0.800300622718488,0,0,0
ZNF395,0,0.485344642473696,0.318928494739102,0,0.499785269486794,0.655840669959201,0,0.713871591153103,0.485559372986901,0,0.472675542194546,0.88152243933863,0,0,0.756012454369766,0.768198410994202,0,0.864666094051965,0.18332617564956,0,0,0,0.764225896499893,0.420925488511918,0,0.954477131200344,0,0,0
ZNF326,0,0.94819626368907,0.429622074296758,0,0.947659437406055,0.848453940304917,0,0.917865578698733,0.662336267983681,0,0.728204852909598,0.705658149022976,0,0,0.909920549710114,0.778237062486579,0,0.889467468327249,0.89456731801589,0,0,0,0.535269486794073,0.837449001503114,0,0.641561090831007,0,0,0
TBC1D1,0,0.982821558943526,0.941163839381576,0,0.975413356237921,0.696639467468327,0,0.970206141292678,0.598131844535108,0,0.911531028559158,0.75252308353017,0,0,0.973105003220958,0.931393601030706,0,0.942828000858922,0.962851621215375,0,0,0,0.885924414859351,0.801374275284518,0,0.708986471977668,0,0,0
KIAA1462,0,0.54020828859781,0.921140219025123,0,0.284678977882757,0.178065278076015,0,0.596306635172858,0.301750053682628,0,0.448035215804166,0.130609834657505,0,0,0.587663732016319,0.605969508267125,0,0.623523727721709,0.832724930212583,0,0,0,0.600064419153962,0.125026841314151,0,0.463227399613485,0,0,0
ANAPC11,0,0.991625509984969,0.793429246295899,0,0.874490015031136,0.917489800300623,0,0.979976379643547,0.986633025552931,0,0.588791067210651,0.55942666952974,0,0,0.986096199269916,0.997530599098132,0,0.882757139789564,0.97933218810393,0,0,0,0.996886407558514,0.868423878033069,0,0.00177152673394889,0,0,0
NACA,0,0.0613592441485935,0.0839596306635173,0,0.241088683701954,0.256710328537685,0,0.0475091260468113,0.291013528022332,0,0.658900579772386,0.691324887266481,0,0,0.23657934292463,0.277217092548851,0,0.18515138501181,0.00391883186600816,0,0,0,0.40868584925918,0.0152995490659223,0,0.856184238780331,0,0,0
C9orf43,0,0.503382005582993,0.0344642473695512,0,0.89929138930642,0.979922697015246,0,0.726594374060554,0.96483787846253,0,0.896607257891346,0.951631951900365,0,0,0.664805668885549,0.720152458664376,0,0.695726862787202,0.187889199055186,0,0,0,0.529095984539403,0.931823062057118,0,0.121805883616062,0,0,0
VPS25,0,0.54890487438265,0.0281833798582779,0,0.769862572471548,0.893278934936654,0,0.845071934721924,0.684131415074082,0,0.811359244148594,0.947552072149452,0,0,0.784088468971441,0.85650633455014,0,0.910188962851621,0.0899720850332832,0,0,0,0.773083530169637,0.765836375348937,0,0.916040369336483,0,0,0
PCDH12,0,0.71848829718703,0.410188962851621,0,0.930212583208074,0.751019969937728,0,0.782155894352587,0.583852265406914,0,0.797187030277002,0.616706033927421,0,0,0.714354734807816,0.755582993343354,0,0.668992913893064,0.75397251449431,0,0,0,0.647305132059266,0.681232553145802,0,0.167811896070432,0,0,0
VPS37D,0,0.827356667382435,0.358063130770883,0,0.833852265406914,0.947552072149452,0,0.611176723212368,0.944384797079665,0,0.773137212797939,0.478365900794503,0,0,0.707053897358815,0.756066136998067,0,0.0513205926562164,0.392956839166846,0,0,0,0.848883401331329,0.94239853983251,0,0.00826712475842817,0,0,0
SERPINB9,0,0.638018037363109,0.818284303199485,0,0.478580631307709,0.49420227614344,0,0.815814902297616,0.291013528022332,0,0.554058406699592,0.910457375993129,0,0,0.774801374275285,0.730405840669959,0,0.961885333905948,0.808299334335409,0,0,0,0.732821558943526,0.408310070861069,0,0.993719132488727,0,0,0
ZNF749,0,0.252469400901868,0.172911745759072,0,0.241088683701954,0.37282585355379,0,0.305990981318445,0.291013528022332,0,0.900633455013958,0.744094910886837,0,0,0.471172428602104,0.575907236418295,0,0.492054971011381,0.0815975950182521,0,0,0,0.722407129053038,0.0360210435902942,0,0.630234056259394,0,0,0
CXCL10,0,0.932145157826927,0.354949538329397,0,0.959147519862573,0.890004294610264,0,0.927206356023191,0.781458020184668,0,0.419959201202491,0.69819626368907,0,0,0.881092978312218,0.694814258106077,0,0.917221387159115,0.970098776036075,0,0,0,0.312271848829719,0.84491088683702,0,0.846306635172858,0,0,0
TNFRSF8,0,0.857472621859566,0.579503972514494,0,0.744041228258536,0.689177582134421,0,0.821988404552287,0.630019325746189,0,0.664054112089328,0.883240283444277,0,0,0.807064633884475,0.817425381146661,0,0.855701095125617,0.400633455013957,0,0,0,0.810715052608976,0.541389306420442,0,0.943686922911746,0,0,0
NT5M,0,0.600923341206785,0.0507837663732016,0,0.880180373631093,0.932145157826927,0,0.299602748550569,0.972407129053038,0,0.711885333905948,0.821881039295684,0,0,0.218541979815332,0.23947820485291,0,0.225252308353017,0.110532531672751,0,0,0,0.218917758213442,0.951739317156968,0,0.299173287524157,0,0,0
LOC100270804,0,0.0104681125187889,0.395318874812111,0,0.241088683701954,0.226970152458664,0,0.011702812969723,0.291013528022332,0,0.626959415933004,0.474661799441701,0,0,0.139682198840455,0.15868584925918,0,0.214032639038007,0.133293966072579,0,0,0,0.260790208288598,0.0403156538544127,0,0.770989907665879,0,0,0
ITGB1,0,0.761756495598024,0.947015245866438,0,0.548743826497745,0.491035001073653,0,0.822417865578699,0.522976164913034,0,0.263903800730084,0.7282585355379,0,0,0.865256602963281,0.866276572901009,0,0.927313721279794,0.904767017393172,0,0,0,0.873040584066996,0.439982821558944,0,0.937835516426884,0,0,0
CAPZB,0,0.889199055185742,0.393815761219669,0,0.895855701095126,0.963925273781404,0,0.944867940734378,0.810446639467468,0,0.573974661799442,0.875563667597166,0,0,0.933433540906163,0.96918617135495,0,0.95254455658149,0.925273781404338,0,0,0,0.965696800515353,0.966072578913464,0,0.209308567747477,0,0,0
MFSD5,0,0.608438909168993,0.317049602748551,0,0.720850332832295,0.538866222890273,0,0.641238995061198,0.832027056044664,0,0.882059265621645,0.75107365256603,0,0,0.653747047455443,0.591850977023835,0,0.546972299763796,0.262400687137642,0,0,0,0.546703886622289,0.711402190251235,0,0.433809319304273,0,0,0
TNFSF12,0,0.552608975735452,0.0948035215804166,0,0.86847756066137,0.952007730298475,0,0.559211939016534,0.733465750483144,0,0.704799226970152,0.904552286879966,0,0,0.62754992484432,0.706033927421087,0,0.397627227829075,0.109458879106721,0,0,0,0.77716340992055,0.835999570538974,0,0.173233841528881,0,0,0
POLR3D,0,0.711724286021044,0.14564097058192,0,0.812862357741035,0.835086965857848,0,0.589220528237063,0.832885978097488,0,0.9057869873309,0.858385226540691,0,0,0.592924629589865,0.686547133347649,0,0.532263259609191,0.0989370839596307,0,0,0,0.794771312003436,0.827302984754134,0,0.216824135709684,0,0,0
PNN,0,0.902351299119605,0.129160403693365,0,0.886085462744256,0.972031350654928,0,0.644889413785699,0.960596950826712,0,0.408578484002577,0.70759072364183,0,0,0.649237706678119,0.762347004509341,0,0.384260253382006,0.0639360103070646,0,0,0,0.875617350225467,0.948625724715482,0,0.217629375134207,0,0,0
TAF5,0,0.557279364397681,0.0455228687996564,0,0.853124328967146,0.936332402834443,0,0.537953618209148,0.845232982606828,0,0.518305776250805,0.920066566459094,0,0,0.600493880180374,0.569733734163625,0,0.359834657504831,0.026197122611123,0,0,0,0.60108438909169,0.796435473480782,0,0.780384367618639,0,0,0
SERTAD3,0,0.784088468971441,0.374167919261327,0,0.813506549280653,0.677957912819412,0,0.870088039510414,0.590079450289886,0,0.957107579987116,0.992484432037793,0,0,0.866330255529311,0.925273781404338,0,0.971118745973803,0.135978097487653,0,0,0,0.906484861498819,0.401760790208289,0,0.94529740176079,0,0,0
LRP12,0,0.654122825853554,0.890809534034786,0,0.534303199484647,0.454477131200344,0,0.501717844105647,0.429836804809964,0,0.730727936439768,0.714247369551213,0,0,0.650579772385656,0.593139360103071,0,0.609619926991625,0.810017178441056,0,0,0,0.703510843890917,0.396285162121537,0,0.632005582993343,0,0,0
TPM2,0,0.74457805454155,0.0203457161262615,0,0.854090616276573,0.873094266695297,0,0.618960704316083,0.842119390165343,0,0.627603607472622,0.503006227184883,0,0,0.632649774532961,0.64021902512347,0,0.0211509555507838,0.0836912175220099,0,0,0,0.724769164698304,0.971548207000215,0,0.0126154176508482,0,0,0
DENND2A,0,0.784947391024265,0.890272707751771,0,0.640487438264977,0.594481425810608,0,0.914054112089328,0.47246081168134,0,0.153908095340348,0.324457805454155,0,0,0.8804487867726,0.844642473695512,0,0.87282585355379,0.962368477560661,0,0,0,0.704262400687138,0.498443203779257,0,0.650794502898862,0,0,0
RNF166,0,0.610532531672751,0.021848829718703,0,0.651170281296972,0.873792140863217,0,0.424898003006227,0.480835301696371,0,0.820377925703242,0.818176937942882,0,0,0.635656001717844,0.654283873738458,0,0.24167919261327,0.0114343998282156,0,0,0,0.787255744041228,0.525338200558299,0,0.340669959201202,0,0,0
ZNF566,0,0.201524586643762,0.198894137856989,0,0.653747047455443,0.531296972299764,0,0.205121322739961,0.5,0,0.721118745973803,0.743343354090616,0,0,0.381951900365042,0.250107365256603,0,0.0664590938372343,0.0710221172428602,0,0,0,0.352104359029418,0.523405625939446,0,0.359834657504831,0,0,0
GSDMB,0,0.323115739746618,0.832295469186171,0,0.241088683701954,0.28296113377711,0,0.390326390380073,0.291013528022332,0,0.67462958986472,0.639199055185742,0,0,0.471172428602104,0.575907236418295,0,0.559534034786343,0.300407987975091,0,0,0,0.722407129053038,0.0389735881468757,0,0.787202061412927,0,0,0
PCMTD2,0,0.469776680266266,0.134528666523513,0,0.571827356667382,0.737867726003865,0,0.472192398539833,0.570807386729654,0,0.847004509340777,0.368316512776466,0,0,0.425273781404338,0.470206141292678,0,0.365739746617994,0.354305346789779,0,0,0,0.58224178655787,0.796274425595877,0,0.206785484217307,0,0,0
ZSCAN2,0,0.905142795791282,0.420334979600601,0,0.910027914966717,0.967736740390809,0,0.71193901653425,0.994255958771741,0,0.736096199269916,0.807386729654284,0,0,0.670388662228903,0.808675112733519,0,0.673716985183595,0.569680051535323,0,0,0,0.87389950611982,0.919046596521366,0,0.340025767661585,0,0,0
PALMD,0,0.803736310929783,0.971923985398325,0,0.347595018252094,0.0184131415074082,0,0.860961992699163,0.309319304273137,0,0.159544771312003,0.199484646768306,0,0,0.834818552716341,0.801964784195834,0,0.886890702168778,0.95544341850977,0,0,0,0.716555722568177,0.0990981318445351,0,0.811681339918402,0,0,0
PCBP1,0,0.905948035215804,0.0606076873523728,0,0.877013098561306,0.972997637964355,0,0.817156968005154,0.967683057762508,0,0.900901868155465,0.928709469615632,0,0,0.799978526948679,0.848776036074726,0,0.852748550569036,0.682843031994846,0,0,0,0.832939660725789,0.991196048958557,0,0.184024049817479,0,0,0
LRP5,0,0.97718488297187,0.0370410135280223,0,0.991840240498175,0.999946317371698,0,0.979546918617135,0.998818982177367,0,0.747047455443419,0.838952115095555,0,0,0.935044019755207,0.973480781619068,0,0.871108009448143,0.909705819196908,0,0,0,0.901707107579987,0.999141077947176,0,0.00901868155464892,0,0,0
MORN1,0,0.384528666523513,0.0903478634313936,0,0.465267339488941,0.717629375134207,0,0.0239424522224608,0.667006656645909,0,0.786611552501611,0.715535752630449,0,0,0.307708825424093,0.242591797294396,0,0.0304917328752416,0.0463281082241787,0,0,0,0.273459308567747,0.643010521795147,0,0.124704745544342,0,0,0
AKAP12,0,0.455604466394675,0.735613055615203,0,0.251556796220743,0.202705604466395,0,0.609834657504831,0.291013528022332,0,0.655840669959201,0.49747691646983,0,0,0.50037577839811,0.657504831436547,0,0.693364827141937,0.313560231908954,0,0,0,0.647305132059266,0.086375348937084,0,0.744524371913249,0,0,0
JAM2,0,0.82499463173717,0.905196478419583,0,0.764172213871591,0.464623147949324,0,0.803575263044879,0.487867726003865,0,0.219347219239854,0.441002791496672,0,0,0.799173287524157,0.693150096628731,0,0.792355593729869,0.897305132059266,0,0,0,0.639360103070646,0.496779042301911,0,0.75869658578484,0,0,0
GPR141,0,0.140809534034786,0.546596521365686,0,0.254670388662229,0.237438264977453,0,0.185419798153318,0.291013528022332,0,0.310929783122182,0.403800730083745,0,0,0.164376207859137,0.133079235559373,0,0.407934292462959,0.321773674039081,0,0,0,0.190358599957054,0.151170281296972,0,0.813023405625939,0,0,0
BZRAP1,0,0.00386514923770668,0.0773029847541336,0,0.335194331114451,0.500751556796221,0,0.27029203349796,0.580523942452222,0,0.501127335194331,0.926723212368478,0,0,0.19819626368907,0.289188318660082,0,0.675166416147735,0.161692076444063,0,0,0,0.199323598883401,0.344803521580417,0,0.964998926347434,0,0,0
PROCA1,0,0.903478634313936,0.747423233841529,0,0.889628516212154,0.785752630448787,0,0.8840455228688,0.843944599527593,0,0.941002791496672,0.797187030277002,0,0,0.903800730083745,0.934346145587288,0,0.828913463603178,0.443794288168349,0,0,0,0.958181232553146,0.654391238995061,0,0.635280223319734,0,0,0
CD209,0,0.0542731372127979,0.19964569465321,0,0.241088683701954,0.265997423233842,0,0.212529525445566,0.291013528022332,0,0.40074082027056,0.83116813399184,0,0,0.227238565600172,0.253006227184883,0,0.500751556796221,0.0192720635602319,0,0,0,0.381737169851836,0.070324243074941,0,0.942076444062701,0,0,0
FAM65B,0,0.572578913463603,0.756012454369766,0,0.311037148378785,0.332939660725789,0,0.697229976379644,0.292892420012884,0,0.739800300622719,0.974017607902083,0,0,0.682467253596736,0.837610049388018,0,0.937620785913678,0.109888340133133,0,0,0,0.887964354734808,0.00896499892634743,0,0.993289671462315,0,0,0
VOPP1,0,0.951363538758858,0.957214945243719,0,0.530760146016749,0.561842387803307,0,0.921140219025123,0.37610049388018,0,0.808514064848615,0.947766802662658,0,0,0.949055185741894,0.934721923985398,0,0.981425810607687,0.826873523727722,0,0,0,0.958879106721065,0.485559372986901,0,0.994739102426455,0,0,0
TRIM38,0,0.885172858063131,0.0952329826068284,0,0.840294180803092,0.856452651921838,0,0.784947391024265,0.735988834013313,0,0.920227614343998,0.904069143225252,0,0,0.806205711831651,0.82537041013528,0,0.730459523298261,0.23588146875671,0,0,0,0.895318874812111,0.891936869229117,0,0.473266051105862,0,0,0
SNRPD1,0,0.851996993772815,0.52501610478849,0,0.86123040584067,0.629321451578269,0,0.950934077732446,0.817371698518359,0,0.823062057118316,0.72283659007945,0,0,0.941539617779687,0.935258750268413,0,0.892473695512132,0.781404337556367,0,0,0,0.850171784410565,0.684077732445781,0,0.261112304058407,0,0,0
ZNF639,0,0.402619712261112,0.252630448786773,0,0.659330040798798,0.743343354090616,0,0.488243504401976,0.431769379428817,0,0.47535967360962,0.651116598668671,0,0,0.42607902082886,0.563989692935366,0,0.532531672750698,0.209576980888984,0,0,0,0.617672321236848,0.511273351943311,0,0.70071934721924,0,0,0
CSNK1E,0,0.5072471548207,0.236310929783122,0,0.696210006441915,0.776197122611123,0,0.664000429461026,0.741732875241572,0,0.75907236418295,0.914322525230835,0,0,0.467522009877604,0.673341206785484,0,0.859888340133133,0.318445351084389,0,0,0,0.626476272278291,0.731640541120893,0,0.891722138715912,0,0,0
PIAS3,0,0.0341958342280438,0.0679622074296758,0,0.709254885119175,0.778129697229976,0,0.437620785913678,0.436654498604252,0,0.815922267554219,0.72353446424737,0,0,0.459362250375778,0.418885548636461,0,0.252362035645265,0.0938372342709899,0,0,0,0.37717414644621,0.475198625724715,0,0.593998282155894,0,0,0
ANXA4,0,0.826121966931501,0.53296113377711,0,0.869497530599098,0.728473266051106,0,0.827625080523942,0.616330255529311,0,0.780115954477131,0.733251019969938,0,0,0.821773674039081,0.81812325531458,0,0.856828430319948,0.715535752630449,0,0,0,0.786987330899721,0.606613699806743,0,0.766534249516856,0,0,0
THUMPD1,0,0.0495490659222676,0.116759716555723,0,0.460919046596521,0.655303843676186,0,0.0177152673394889,0.648271419368692,0,0.715482070002147,0.867672321236848,0,0,0.101406484861499,0.109619926991626,0,0.144030491732875,0.0507300837449002,0,0,0,0.190358599957054,0.507837663732016,0,0.630663517285806,0,0,0
GDF11,0,0.862250375778398,0.94239853983251,0,0.749141077947176,0.593568821129483,0,0.848453940304917,0.676132703457161,0,0.76121966931501,0.682306205711832,0,0,0.85795576551428,0.861981962636891,0,0.86557869873309,0.94347219239854,0,0,0,0.840723641829504,0.452437191324887,0,0.727936439768091,0,0,0
CLDN23,0,0.746779042301911,0.210167489800301,0,0.918509770238351,0.859351513850118,0,0.753059909813184,0.927635817049603,0,0.749570538973588,0.994631737169852,0,0,0.728849044449216,0.617242860210436,0,0.914322525230835,0.156968005153532,0,0,0,0.58551642688426,0.831329181876745,0,0.971065063345501,0,0,0
AIM2,0,0.296918617135495,0.209362250375778,0,0.389413785698948,0.280277002362036,0,0.272224608116813,0.291013528022332,0,0.526948679407344,0.957053897358815,0,0,0.264762722782907,0.221226111230406,0,0.661047884904445,0.0294717629375134,0,0,0,0.271150955550784,0.037899935580846,0,0.940465965213657,0,0,0
DET1,0,0.829772385656002,0.335838522654069,0,0.907343783551643,0.836751127335194,0,0.885441271204638,0.953296113377711,0,0.516534249516856,0.736257247154821,0,0,0.867940734378355,0.815439123899506,0,0.791335623792141,0.741142366330256,0,0,0,0.727936439768091,0.965267339488941,0,0.246242216018896,0,0,0
PSAT1,0,0.751181017822633,0.640165342495169,0,0.477775391883187,0.465106291604037,0,0.672052823706249,0.291013528022332,0,0.330201846682414,0.195243719132489,0,0,0.719293536611552,0.65326390380073,0,0.528881254026197,0.551535323169422,0,0,0,0.688103929568392,0.166255099849689,0,0.583637534893708,0,0,0
TNNI2,0,0.47246081168134,0.563936010307065,0,0.264225896499893,0.39311788705175,0,0.778934936654499,0.343515138501181,0,0.634904444921623,0.73298260682843,0,0,0.866169207644406,0.905464891561091,0,0.798582778612841,0.281941163839382,0,0,0,0.925112733519433,0.00713978956409706,0,0.440680695726863,0,0,0
DBNDD2,0,0.85580846038222,0.164268842602534,0,0.975198625724715,0.78585999570539,0,0.921838093193043,0.79058406699592,0,0.929192613270346,0.919261327034572,0,0,0.912550998496886,0.77211724286021,0,0.912228902727078,0.667919261327035,0,0,0,0.500590508911316,0.788329396607258,0,0.812647627227829,0,0,0
BDH2,0,0.239209791711402,0.227023835086966,0,0.445458449645695,0.603070646338845,0,0.546489156109083,0.494363324028344,0,0.800085892205282,0.793966072578913,0,0,0.462797938587073,0.629911960489586,0,0.623255314580202,0.0741357096843461,0,0,0,0.671086536396822,0.534517929997853,0,0.773298260682843,0,0,0
ZNF221,0,0.292462958986472,0.595232982606828,0,0.241088683701954,0.28730942666953,0,0.431178870517501,0.291013528022332,0,0.729117457590724,0.812862357741035,0,0,0.554326819841099,0.67462958986472,0,0.668563452866652,0.0846038222031351,0,0,0,0.809748765299549,0.0078913463603178,0,0.923770667811896,0,0,0
TSPYL4,0,0.248711616920764,0.365739746617994,0,0.308191969078806,0.414107794717629,0,0.217951470904015,0.430749409491089,0,0.746349581275499,0.778720206141293,0,0,0.302447927850548,0.250966287309427,0,0.484915181447284,0.14709040154606,0,0,0,0.379321451578269,0.461080094481426,0,0.672643332617565,0,0,0
TRMT61B,0,0.052716340992055,0.53516212153747,0,0.241088683701954,0.256764011165987,0,0.330201846682414,0.291013528022332,0,0.717307279364398,0.659866867081812,0,0,0.438909168992914,0.519808889843247,0,0.519594159330041,0.108922052823706,0,0,0,0.664215159974232,0.0193257461885334,0,0.841421515997423,0,0,0
CARD14,0,0.495705389735881,0.229010092334121,0,0.615310285591583,0.811573974661799,0,0.539242001288383,0.814741249731587,0,0.673072793643977,0.736149881898218,0,0,0.428172643332618,0.55942666952974,0,0.558728795361821,0.27646553575263,0,0,0,0.517178441056474,0.800139574833584,0,0.321397895640971,0,0,0
QRICH2,0,0.821451578269272,0.19674683272493,0,0.938640755851406,0.938855486364612,0,0.848614988189822,0.833798582778613,0,0.667650848185527,0.671140219025123,0,0,0.816727506978742,0.812862357741035,0,0.828108224178656,0.867726003865149,0,0,0,0.676401116598669,0.860747262185957,0,0.290423019111016,0,0,0
TAF1D,0,0.360908310070861,0.177421086536397,0,0.537363109297831,0.725198625724715,0,0.226057547777539,0.788436761863861,0,0.153747047455443,0.821988404552287,0,0,0.190197552072149,0.109619926991626,0,0.249248443203779,0.154928065278076,0,0,0,0.190358599957054,0.891507408202706,0,0.213066351728581,0,0,0
ZNF227,0,0.249516856345287,0.60253382005583,0,0.241088683701954,0.308782477990122,0,0.369873308997208,0.291013528022332,0,0.948303628945673,0.725950182520936,0,0,0.434507193472192,0.525069787416792,0,0.682896714623148,0.169100279149667,0,0,0,0.671086536396822,0.0428924200128838,0,0.898325101996994,0,0,0
SNX29,0,0.725950182520936,0.0434292462958987,0,0.740498174790638,0.890916899291389,0,0.519003650418725,0.940841743611767,0,0.363001932574619,0.990176079020829,0,0,0.483251019969938,0.307064633884475,0,0.80507837663732,0.276250805239425,0,0,0,0.190358599957054,0.795844964569465,0,0.968219884045523,0,0,0
B3GALT4,0,0.859190465965214,0.00241571827356667,0,0.996832724930213,0.929675756925059,0,0.927313721279794,0.961455872879536,0,0.963227399613485,0.951202490873953,0,0,0.964462100064419,0.879267768949968,0,0.698464676830578,0.185849259179729,0,0,0,0.559104573759931,0.883079235559373,0,0.0412282585355379,0,0,0
SNHG10,0,0.318874812110801,0.457483358385227,0,0.241088683701954,0.317640111659867,0,0.352319089542624,0.291013528022332,0,0.437406055400472,0.860908310070861,0,0,0.432037792570324,0.53043805024694,0,0.715428387373846,0.0828859780974877,0,0,0,0.677152673394889,0.0105754777753919,0,0.968703027700236,0,0,0
EPT1,0,0.836482714193687,0.347058191969079,0,0.934882971870303,0.67210650633455,0,0.732070002147305,0.742645479922697,0,0.557118316512776,0.820753704101353,0,0,0.806474124973159,0.424736955121323,0,0.71993772815117,0.844105647412497,0,0,0,0.231694223749195,0.842817264333262,0,0.746134850762293,0,0,0
TSPAN14,0,0.590079450289886,0.539242001288383,0,0.854466394674683,0.487169851835946,0,0.62824779901224,0.395211509555508,0,0.792570324243075,0.966179944170067,0,0,0.679085248013743,0.594964569465321,0,0.863646124114237,0.365363968219884,0,0,0,0.671086536396822,0.434077732445781,0,0.987008803951041,0,0,0
ASB2,0,0.429783122181662,0.825477775391883,0,0.347541335623792,0.389950611981963,0,0.713495812754993,0.339166845608761,0,0.924414859351514,0.999785269486794,0,0,0.768627872020614,0.889950611981963,0,0.980996349581275,0.0859995705389736,0,0,0,0.945780545415503,0.00252308353016964,0,0.999785269486794,0,0,0
MRPS23,0,0.832295469186171,0.22283659007945,0,0.918939231264763,0.832402834442774,0,0.981962636890702,0.878408846897144,0,0.991357096843461,0.979385870732231,0,0,0.98840455228688,0.989531887481211,0,0.994417006656646,0.881254026197123,0,0,0,0.961348507622933,0.686278720206141,0,0.897573545200773,0,0,0
CDC16,0,0.720528237062487,0.21773674039081,0,0.822417865578699,0.915235129911961,0,0.752469400901868,0.829396607257891,0,0.924307494094911,0.872074296757569,0,0,0.832349151814473,0.837932145157827,0,0.679514709040155,0.175703242430749,0,0,0,0.853178011595448,0.721655572256818,0,0.48802877388877,0,0,0
LARS,0,0.818337985827786,0.121430105217951,0,0.627335194331114,0.660403693364827,0,0.925542194545845,0.99527592870947,0,0.766480566888555,0.945512132273996,0,0,0.903854412712046,0.933165127764655,0,0.941861713549495,0.204638179085248,0,0,0,0.920764440627013,0.835409061627657,0,0.840455228687997,0,0,0
YEATS4,0,0.94674683272493,0.349849688640756,0,0.797133347648701,0.456678118960704,0,0.862626154176508,0.710060124543698,0,0.625456302340563,0.379965643117887,0,0,0.882864505046167,0.658954262400687,0,0.65653854412712,0.410027914966717,0,0,0,0.462422160188963,0.527056044663947,0,0.748335838522654,0,0,0
DNAJB12,0,0.837287953618209,0.0258213442130127,0,0.94819626368907,0.999516856345287,0,0.762615417650848,0.997315868584926,0,0.990015031135924,0.980244792785055,0,0,0.735666738243504,0.867779686493451,0,0.759984968864076,0.151116598668671,0,0,0,0.837985827786128,0.950665664590938,0,0.271795147090402,0,0,0
FAM65C,0,0.93767446854198,0.66051105862143,0,0.930642044234486,0.922052823706249,0,0.905303843676186,0.970689284947391,0,0.873362679836805,0.631415074082027,0,0,0.792516641614773,0.902995490659223,0,0.865471333476487,0.936815546489156,0,0,0,0.90363968219884,0.967199914107795,0,0.185902941808031,0,0,0
P2RY2,0,0.978956409705819,0.823223105003221,0,0.98008374490015,0.982338415288812,0,0.934077732445781,0.976325960919047,0,0.672750697874168,0.912926776894997,0,0,0.938640755851406,0.94239853983251,0,0.912980459523298,0.936493450719347,0,0,0,0.946478419583423,0.969347219239854,0,0.326551427957913,0,0,0
GMCL1,0,0.760843890916899,0.0618960704316083,0,0.810339274210865,0.965052608975735,0,0.656645909383723,0.946210006441915,0,0.410081597595018,0.756119819626369,0,0,0.518305776250805,0.64349366544986,0,0.436278720206141,0.146285162121537,0,0,0,0.553199484646768,0.8623040584067,0,0.199806742538115,0,0,0
ITM2C,0,0.24747691646983,0.101245436976594,0,0.786021043590294,0.599420227614344,0,0.293536611552502,0.468273566673824,0,0.506817693794288,0.995759072364183,0,0,0.215106291604037,0.186010307064634,0,0.827786128408847,0.0209362250375778,0,0,0,0.24672535967361,0.363001932574619,0,0.999516856345287,0,0,0
ZNF551,0,0.680266265836375,0.477775391883187,0,0.498657934292463,0.555615202920335,0,0.807655142795791,0.557869873308997,0,0.966770453081383,0.733358385226541,0,0,0.857687352372772,0.785001073652566,0,0.807923555937299,0.402136568606399,0,0,0,0.671086536396822,0.430319948464677,0,0.626637320163195,0,0,0
RBM39,0,0.608492591797294,0.309748765299549,0,0.68370195404767,0.680051535323169,0,0.817210650633455,0.740766587932145,0,0.829933433540906,0.729922697015246,0,0,0.837985827786128,0.696585784840026,0,0.758803951041443,0.334603822203135,0,0,0,0.493074940949109,0.62282585355379,0,0.68660081597595,0,0,0
ETHE1,0,0.747960060124544,0.0450397251449431,0,0.793643976809105,0.956731801589006,0,0.59491088683702,0.965804165771956,0,0.808836160618424,0.95506764011166,0,0,0.659974232338415,0.705228687996564,0,0.666630878247799,0.0607687352372772,0,0,0,0.833100708610694,0.944975305990981,0,0.608277861284088,0,0,0
STAT6,0,0.966609405196478,0.217683057762508,0,0.990390809534035,0.990283444277432,0,0.909007945028989,0.99602748550569,0,0.285913678333691,0.892205282370625,0,0,0.85360747262186,0.838898432467254,0,0.847326605110586,0.694009018681555,0,0,0,0.766963710543268,0.996886407558514,0,0.224393386300193,0,0,0
ILK,0,0.97208503328323,0.797938587073223,0,0.917811896070432,0.667006656645909,0,0.972353446424737,0.725520721494524,0,0.913678333691218,0.522493021258321,0,0,0.983143654713335,0.979869014386944,0,0.878569894782048,0.868370195404767,0,0,0,0.961187459738029,0.546542838737385,0,0.194009018681555,0,0,0
NAT14,0,0.954369765943741,0.115739746617994,0,0.690036504187245,0.785484217307279,0,0.885548636461241,0.660242645479923,0,0.938211294824995,0.746617994417007,0,0,0.900042946102641,0.970904015460597,0,0.747047455443419,0.0237277217092549,0,0,0,0.986740390809534,0.549495383293966,0,0.175381146660941,0,0,0
CORO7,0,0.00295254455658149,0.230513205926562,0,0.241088683701954,0.315546489156109,0,0.162067854842173,0.291013528022332,0,0.943794288168349,0.926240068713764,0,0,0.523351943311145,0.223856560017178,0,0.627442559587717,0.0359136783336912,0,0,0,0.347004509340777,0.0678011595447713,0,0.954208718058836,0,0,0
USP36,0,0.552501610478849,0.439284947391024,0,0.480352158041658,0.468434614558729,0,0.789564097058192,0.679997852694868,0,0.787792570324243,0.691485935151385,0,0,0.823706248657934,0.829879750912605,0,0.725305990981318,0.644298904874383,0,0,0,0.735827786128409,0.570968434614559,0,0.210382220313507,0,0,0
BIRC5,0,0.626422589649989,0.0507300837449002,0,0.909383723427099,0.989102426454799,0,0.617618638608546,0.994792785054756,0,0.927850547562809,0.711026411853124,0,0,0.40143869443848,0.622074296757569,0,0.0735452007730299,0.210757998711617,0,0,0,0.442183809319304,0.975681769379429,0,0.00424092763581705,0,0,0
IQCE,0,0.836912175220099,0.82064633884475,0,0.456248657934292,0.348668670818123,0,0.853178011595448,0.431769379428817,0,0.900203993987546,0.671301266910028,0,0,0.812164483573116,0.936171354949538,0,0.894943096414,0.551857418939231,0,0,0,0.943740605540047,0.300622718488297,0,0.389789564097058,0,0,0
GCDH,0,0.508106076873524,0.10070861069358,0,0.88189821773674,0.911531028559158,0,0.39601674898003,0.958879106721065,0,0.912926776894997,0.966233626798368,0,0,0.593407773244578,0.397519862572472,0,0.426615847111875,0.256549280652781,0,0,0,0.325799871161692,0.878194116383938,0,0.701041442989049,0,0,0
CLEC4A,0,0.265782692720636,0.499248443203779,0,0.28478634313936,0.273620356452652,0,0.390111659866867,0.356828430319948,0,0.215052608975735,0.450826712475843,0,0,0.297670173931716,0.358868370195405,0,0.549012239639253,0.272976164913034,0,0,0,0.395318874812111,0.354573759931286,0,0.822042087180588,0,0,0
HES4,0,0.360049388018037,0.631307708825424,0,0.241088683701954,0.243772815117028,0,0.415825638823277,0.291013528022332,0,0.797884904444922,0.571881039295684,0,0,0.46956194975306,0.573330470259824,0,0.518788919905519,0.271956194975306,0,0,0,0.720581919690788,0.0690358599957054,0,0.829503972514494,0,0,0
POLG2,0,0.840669959201202,0.0576551427957913,0,0.806420442344857,0.619658578484003,0,0.835248013742753,0.800407987975091,0,0.842173072793644,0.473051320592656,0,0,0.843729869014387,0.837985827786128,0,0.508213442130127,0.161745759072364,0,0,0,0.607365256602963,0.704691861713549,0,0.0475091260468113,0,0,0
C11orf49,0,0.238995061198196,0.0953403478634314,0,0.860532531672751,0.773674039080953,0,0.616169207644406,0.7717414644621,0,0.720206141292678,0.718971440841744,0,0,0.524747691646983,0.614666094051965,0,0.254079879750913,0.327678763152244,0,0,0,0.479224822847327,0.803092119390165,0,0.0185205067640112,0,0,0
TTLL5,0,0.787577839811037,0.0854090616276573,0,0.819465321022117,0.878408846897144,0,0.623416362465106,0.701524586643762,0,0.926562164483573,0.957429675756925,0,0,0.688318660081598,0.501717844105647,0,0.763474339703672,0.390165342495169,0,0,0,0.513205926562164,0.764923770667812,0,0.77571397895641,0,0,0
CRBN,0,0.0124543697659437,0.151760790208289,0,0.541496671677045,0.508642903156539,0,0.328645050461671,0.603124328967146,0,0.700504616706034,0.67790423019111,0,0,0.340401546059695,0.326605110586214,0,0.373094266695297,0.20689284947391,0,0,0,0.190358599957054,0.498872664805669,0,0.659383723427099,0,0,0
LSM12,0,0.721548207000215,0.200665664590938,0,0.884099205497101,0.844749838952115,0,0.807386729654284,0.863699806742538,0,0.53006227184883,0.72138715911531,0,0,0.777324457805454,0.76739317156968,0,0.750483143654713,0.62175220098776,0,0,0,0.658149022976165,0.869229117457591,0,0.57392097917114,0,0,0
S100PBP,0,0.972729224822847,0.839918402404982,0,0.701846682413571,0.786074726218596,0,0.980244792785055,0.846467683057763,0,0.688909168992914,0.900794502898862,0,0,0.975520721494524,0.98840455228688,0,0.982767876315224,0.676401116598669,0,0,0,0.977614343998282,0.661262615417651,0,0.905733304702598,0,0,0
KRT10,0,0.757676615847112,0.416362465106292,0,0.784947391024265,0.841797294395534,0,0.506656645909384,0.872986901438694,0,0.607526304487868,0.363968219884046,0,0,0.54600601245437,0.555024694009019,0,0.257354520077303,0.437996564311789,0,0,0,0.682520936225038,0.834657504831437,0,0.143171569680052,0,0,0
STXBP2,0,0.881092978312218,0.106560017178441,0,0.949914107794718,0.96483787846253,0,0.782853768520507,0.811896070431608,0,0.90433755636676,0.754079879750913,0,0,0.864880824565171,0.539778827571398,0,0.706570753704101,0.711992699162551,0,0,0,0.190358599957054,0.795147090401546,0,0.836858492591797,0,0,0
EBF4,0,0.484109942022761,0.301911101567533,0,0.550032209576981,0.723319733734164,0,0.361176723212368,0.660779471762937,0,0.559158256388233,0.391453725574404,0,0,0.28151170281297,0.385978097487653,0,0.220152458664376,0.338791067210651,0,0,0,0.444384797079665,0.732338415288812,0,0.167060339274211,0,0,0
KMO,0,0.306044663946747,0.288973588146876,0,0.623147949323599,0.713012669100279,0,0.418885548636461,0.889413785698948,0,0.411423663302555,0.851513850118102,0,0,0.373416362465106,0.302608975735452,0,0.676562164483573,0.65074082027056,0,0,0,0.229010092334121,0.9057869873309,0,0.471118745973803,0,0,0
POLR3E,0,0.690304917328752,0.0404767017393172,0,0.903049173287524,0.908041657719562,0,0.867511273351943,0.769433111445136,0,0.773835086965858,0.941110156753275,0,0,0.886031780115955,0.82499463173717,0,0.820109512561735,0.302877388876959,0,0,0,0.689929138930642,0.686439768091046,0,0.644782048529096,0,0,0
CALM1,0,0.00606613699806743,0.0318874812110801,0,0.241088683701954,0.356774747691647,0,0.258374490015031,0.291013528022332,0,0.957483358385227,0.954799226970152,0,0,0.419153961777969,0.513850118101782,0,0.590777324457806,0.0038114666094052,0,0,0,0.657021687781834,0.0142795791281941,0,0.786504187245007,0,0,0
PCYT2,0,0.99312862357741,0.735559372986901,0,0.924307494094911,0.972943955336053,0,0.967951470904015,0.993074940949109,0,0.554595232982607,0.477614343998282,0,0,0.975681769379429,0.990605540047241,0,0.761434399828216,0.979600601245437,0,0,0,0.98947820485291,0.946907880609835,0,0.000375778398110371,0,0,0
PLCB3,0,0.885817049602749,0.3985398325102,0,0.836429031565385,0.889628516212154,0,0.936386085462744,0.807708825424093,0,0.92897788275714,0.903210221172429,0,0,0.917919261327035,0.969830362894567,0,0.891238995061198,0.401223963925274,0,0,0,0.985076229332188,0.917436117672321,0,0.230888984324673,0,0,0
CCR8,0,0.29058406699592,0.426132703457161,0,0.527217092548851,0.546220742967576,0,0.318606398969294,0.477668026626584,0,0.174844320377926,0.574833583852265,0,0,0.374006871376423,0.258106076873524,0,0.41593300407988,0.366920764440627,0,0,0,0.341260468112519,0.496403263903801,0,0.786557869873309,0,0,0
TCF3,0,0.69529740176079,0.284356882112948,0,0.867296542838737,0.953671891775821,0,0.840992054971011,0.806635172858063,0,0.350815975950183,0.899130341421516,0,0,0.740283444277432,0.613807171999141,0,0.91593300407988,0.937889199055186,0,0,0,0.281028559158256,0.952061412926777,0,0.931554648915611,0,0,0
HIPK2,0,0.993880180373631,0.593354090616277,0,0.993987545630234,0.98368048099635,0,0.977131200343569,0.967522009877604,0,0.189821773674039,0.989370839596307,0,0,0.966072578913464,0.932520936225038,0,0.994739102426455,0.957429675756925,0,0,0,0.887856989478205,0.991625509984969,0,0.991625509984969,0,0,0
RBM8A,0,0.237277217092549,0.0471333476487009,0,0.592978312218166,0.892420012883831,0,0.532853768520507,0.64639252737814,0,0.871108009448143,0.81957268627872,0,0,0.437835516426884,0.529793858707322,0,0.440358599957054,0.0509984968864076,0,0,0,0.469776680266266,0.80760146016749,0,0.565439123899506,0,0,0
TSEN15,0,0.191110156753275,0.142581060768735,0,0.35833154391239,0.460382220313507,0,0.61520292033498,0.291013528022332,0,0.161262615417651,0.539027270775177,0,0,0.573330470259824,0.621322739961348,0,0.666738243504402,0.295200773029848,0,0,0,0.58551642688426,0.517124758428173,0,0.60650633455014,0,0,0
C20orf24,0,0.00622718488297187,0.480942666952974,0,0.241088683701954,0.329879750912605,0,0.301374275284518,0.291013528022332,0,0.589542624006871,0.908846897144084,0,0,0.291335623792141,0.354895855701095,0,0.688962851621215,0.13114666094052,0,0,0,0.483841528881254,0.043912389950612,0,0.993343354090616,0,0,0
COPS7A,0,0.809480352158042,0.0697337341636246,0,0.934507193472192,0.826927206356023,0,0.901062916040369,0.861445136353876,0,0.970796650203994,0.964462100064419,0,0,0.93042731372128,0.899022976164913,0,0.878462529525446,0.205926562164484,0,0,0,0.839811037148379,0.769111015675327,0,0.610747262185957,0,0,0
FTH1,0,0.879267768949968,0.991088683701954,0,0.241088683701954,0.25037577839811,0,0.830738672965428,0.291013528022332,0,0.46918617135495,0.839005797723857,0,0,0.853929568391668,0.944760575477775,0,0.956946532102212,0.801642688426025,0,0,0,0.982445780545416,0.0840669959201202,0,0.930588361606184,0,0,0
GLG1,0,0.522385656001718,0.106721065063345,0,0.910618423878033,0.846038222031351,0,0.282102211724286,0.75434829289242,0,0.338898432467254,0.727614343998282,0,0,0.353446424736955,0.198733089972085,0,0.0797723856560017,0.143815761219669,0,0,0,0.292087180588362,0.877925703242431,0,0.298421730727936,0,0,0
NEDD9,0,0.775552931071505,0.246188533390595,0,0.832939660725789,0.695619497530599,0,0.963603178011595,0.620839596306635,0,0.683111445136354,0.997315868584926,0,0,0.980620571183165,0.916147734593086,0,0.994953832939661,0.236633025552931,0,0,0,0.791335623792141,0.568284303199485,0,0.998711616920764,0,0,0
MSC,0,0.0312432896714623,0.425488511917543,0,0.241088683701954,0.234915181447284,0,0.236633025552931,0.291013528022332,0,0.137964354734808,0.892795791281941,0,0,0.121537470474554,0.135333905948035,0,0.786128408846897,0.159168992913893,0,0,0,0.226755421945458,0.300193257461885,0,0.984915181447284,0,0,0
LOC100128288,0,0.258267124758428,0.309104573759931,0,0.241088683701954,0.340777324457805,0,0.335731157397466,0.291013528022332,0,0.804809963495813,0.562271848829719,0,0,0.421462314794932,0.516856345286665,0,0.486633025552931,0.210113807171999,0,0,0,0.661047884904445,0.100547562808675,0,0.618638608546274,0,0,0
MRO,0,0.940734378355164,0.438962851621215,0,0.954262400687138,0.985613055615203,0,0.752254670388662,0.987760360747262,0,0.209362250375778,0.404498604251664,0,0,0.713281082241787,0.659705819196908,0,0.544717629375134,0.902243933863002,0,0,0,0.702651921838093,0.992484432037793,0,0.204477131200344,0,0,0
CISH,0,0.968595662443633,0.790315653854413,0,0.857204208718059,0.912980459523298,0,0.883186600815976,0.87754992484432,0,0.682789349366545,0.956946532102212,0,0,0.891238995061198,0.915664590938372,0,0.896338844749839,0.749570538973588,0,0,0,0.939231264762723,0.866544986042517,0,0.721333476487009,0,0,0
ARFRP1,0,0.625026841314151,0.63152243933863,0,0.390487438264977,0.562647627227829,0,0.675059050891132,0.576873523727722,0,0.980244792785055,0.78913463603178,0,0,0.749355808460382,0.857418939231265,0,0.583047025982392,0.12572471548207,0,0,0,0.935366115525016,0.49167919261327,0,0.733841528881254,0,0,0
PGAP2,0,0.479278505475628,0.106184238780331,0,0.571988404552287,0.711294824994632,0,0.311896070431608,0.720957698088898,0,0.826068284303199,0.722782907451149,0,0,0.250805239424522,0.335409061627657,0,0.258428172643333,0.108546274425596,0,0,0,0.408202705604466,0.672589649989264,0,0.308138286450505,0,0,0
PTRH2,0,0.843139360103071,0.62389950611982,0,0.639628516212154,0.689660725789135,0,0.814526519218381,0.767554219454584,0,0.542946102641185,0.617726003865149,0,0,0.899506119819626,0.813077088254241,0,0.721816620141722,0.4239317156968,0,0,0,0.847219239853983,0.858761004938802,0,0.337717414644621,0,0,0
SCFD2,0,0.327839811037148,0.347541335623792,0,0.613968219884045,0.507354520077303,0,0.542999785269487,0.49092763581705,0,0.805239424522225,0.658041657719562,0,0,0.452651921838093,0.410994202276143,0,0.520023620356453,0.354466394674683,0,0,0,0.190358599957054,0.445834228043805,0,0.417114021902512,0,0,0
TUBB1,0,0.849957053897359,0.349796006012454,0,0.543643976809105,0.798851191754348,0,0.713978956409706,0.861874597380288,0,0.715106291604037,0.727721709254885,0,0,0.78730942666953,0.827141936869229,0,0.536879965643118,0.31957268627872,0,0,0,0.88189821773674,0.942666952974018,0,0.0251771526733949,0,0,0
C3orf58,0,0.793912389950612,0.900311359244149,0,0.468649345071935,0.522707751771527,0,0.782370624865793,0.522976164913034,0,0.141077947176294,0.757945028988619,0,0,0.719454584496457,0.72933218810393,0,0.884528666523513,0.894943096414,0,0,0,0.731694223749195,0.506012454369766,0,0.861767232123685,0,0,0
GNG12,0,0.59383723427099,0.233734163624651,0,0.695512132273996,0.884958127549925,0,0.377388876959416,0.77501610478849,0,0.460919046596521,0.300246940090187,0,0,0.329611337771097,0.341421515997423,0,0.0534678977882757,0.675112733519433,0,0,0,0.43080309211939,0.888823276787632,0,0.065868584925918,0,0,0
ITSN2,0,0.357043160833154,0.0484217307279364,0,0.533122181662014,0.70254455658149,0,0.39059480352158,0.664966716770453,0,0.452276143439983,0.849473910242646,0,0,0.203725574404123,0.297079665020399,0,0.594481425810608,0.0216340992054971,0,0,0,0.190358599957054,0.670925488511918,0,0.861069357955766,0,0,0
CECR5,0,0.774157182735667,0.293268198410994,0,0.565600171784411,0.642151599742323,0,0.513259609190466,0.554648915610908,0,0.929675756925059,0.300461670603393,0,0,0.648378784625295,0.729385870732231,0,0.38694438479708,0.844266695297402,0,0,0,0.835248013742753,0.653585999570539,0,0.0221172428602104,0,0,0
DPF3,0,0.317210650633455,0.420979171140219,0,0.545308138286451,0.628569894782048,0,0.37862357741035,0.421891775821344,0,0.50252308353017,0.620893278934937,0,0,0.3732016319519,0.455389735881469,0,0.365363968219884,0.309748765299549,0,0,0,0.581597595018252,0.670496027485506,0,0.228956409705819,0,0,0
ICT1,0,0.961348507622933,0.0436439768091046,0,0.978526948679407,0.991732875241572,0,0.964730513205927,0.985988834013313,0,0.942237491947606,0.970796650203994,0,0,0.976003865149238,0.962100064419154,0,0.89274210865364,0.0618960704316083,0,0,0,0.897305132059266,0.950558299334335,0,0.156914322525231,0,0,0
NIPSNAP1,0,0.536933648271419,0.146607257891346,0,0.901707107579987,0.748067425381147,0,0.60215804165772,0.816942237491948,0,0.559104573759931,0.840240498174791,0,0,0.56232553145802,0.448249946317372,0,0.500858922052824,0.348078161906807,0,0,0,0.3587073223105,0.774747691646983,0,0.298260682843032,0,0,0
GLOD4,0,0.821183165127765,0.515729010092334,0,0.620732231050032,0.340240498174791,0,0.851943311144514,0.928441056474125,0,0.670442344857204,0.677743182306206,0,0,0.800246940090187,0.770882542409276,0,0.895587287953618,0.542087180588362,0,0,0,0.698518359458879,0.516426884260253,0,0.859619926991625,0,0,0
INTS10,0,0.874221601889628,0.474769164698304,0,0.564526519218381,0.406109083100709,0,0.841582563882328,0.61160618423878,0,0.915503543053468,0.655357526304488,0,0,0.795093407773245,0.783122181662014,0,0.850171784410565,0.78875885763367,0,0,0,0.658149022976165,0.558675112733519,0,0.73115739746618,0,0,0
FGF7,0,0.901385011810178,0.97283659007945,0,0.445780545415504,0.103500107365257,0,0.89311788705175,0.291013528022332,0,0.15653854412712,0.394996779042302,0,0,0.887642258964999,0.707751771526734,0,0.944223749194761,0.964623147949324,0,0,0,0.549065922267554,0.17790423019111,0,0.981103714837879,0,0,0
GJB2,0,0.485988834013313,0.256012454369766,0,0.709040154605969,0.673126476272278,0,0.398217736740391,0.505958771741464,0,0.38007300837449,0.866974447068928,0,0,0.294234485720421,0.358170496027486,0,0.691861713549495,0.166791926132703,0,0,0,0.487975091260468,0.697552072149452,0,0.935366115525016,0,0,0
UGDH,0,0.934614558728795,0.493987545630234,0,0.95071934721924,0.847326605110586,0,0.926401116598669,0.746188533390595,0,0.583208073867297,0.423072793643977,0,0,0.878355164268843,0.8732016319519,0,0.91196048958557,0.966716770453081,0,0,0,0.766265836375349,0.779095984539403,0,0.562486579342925,0,0,0
ACSM3,0,0.226487008803951,0.0762830148164054,0,0.571236847756066,0.731103714837879,0,0.170710757998712,0.58948894137857,0,0.527217092548851,0.943525875026841,0,0,0.101406484861499,0.109619926991626,0,0.469991410779472,0.0416040369336483,0,0,0,0.190358599957054,0.66378569894782,0,0.783766373201632,0,0,0
ZNF627,0,0.147680910457376,0.484270989907666,0,0.241088683701954,0.300461670603393,0,0.183218810392957,0.291013528022332,0,0.828591367833369,0.814365471333476,0,0,0.283229546918617,0.34383723427099,0,0.476648056688855,0.144728365900794,0,0,0,0.472729224822847,0.0210435902941808,0,0.885119175434829,0,0,0
MARCH1,0,0.133186600815976,0.630824565170711,0,0.241088683701954,0.154874382649775,0,0.0730620571183165,0.291013528022332,0,0.176776894996779,0.360532531672751,0,0,0.101406484861499,0.109619926991626,0,0.322578913463603,0.41630878247799,0,0,0,0.190358599957054,0.142205282370625,0,0.699377281511703,0,0,0
YTHDF1,0,0.756710328537685,0.857043160833154,0,0.71521365686064,0.382918187674469,0,0.616867081812326,0.581329181876745,0,0.583905948035216,0.377979385870732,0,0,0.610639896929354,0.72718488297187,0,0.383455013957483,0.306474124973159,0,0,0,0.836160618423878,0.140433755636676,0,0.210972729224823,0,0,0
TUBD1,0,0.642473695512132,0.831597595018252,0,0.742162336267984,0.639038007300837,0,0.742108653639682,0.644352587502684,0,0.636622289027271,0.788812540261971,0,0,0.869873308997208,0.80180373631093,0,0.794288168348722,0.850118101782263,0,0,0,0.82354520077303,0.510199699377281,0,0.71666308782478,0,0,0
RAB11FIP1,0,0.949699377281512,0.011810178226326,0,0.947122611123041,0.998013742752845,0,0.842495168563453,0.993021258320807,0,0.919637105432682,0.979654283873738,0,0,0.811359244148594,0.929783122181662,0,0.790315653854413,0.198947820485291,0,0,0,0.954101352802233,0.996617994417007,0,0.0558836160618424,0,0,0
CEP76,0,0.628945673180159,0.803575263044879,0,0.40074082027056,0.546113377710973,0,0.683487223534464,0.599151814472837,0,0.708020184668241,0.383562379214086,0,0,0.526250805239424,0.688855486364612,0,0.659491088683702,0.874328967146231,0,0,0,0.603178011595448,0.53188748121108,0,0.227131200343569,0,0,0
ING4,0,0.465535752630449,0.0424092763581705,0,0.933863001932575,0.916469830362895,0,0.616813399184024,0.869765943740606,0,0.881468756710329,0.896983036289457,0,0,0.65363968219884,0.648432467253597,0,0.476862787202061,0.167704530813829,0,0,0,0.555990981318445,0.950880395104144,0,0.120034356882113,0,0,0
ISYNA1,0,0.890863216663088,0.307010951256174,0,0.892688426025338,0.86557869873309,0,0.735666738243504,0.939982821558944,0,0.652727077517715,0.710221172428602,0,0,0.686386085462744,0.712797938587073,0,0.663302555293107,0.60978097487653,0,0,0,0.739692935366116,0.872986901438694,0,0.261917543482929,0,0,0
ARID1B,0,0.366920764440627,0.44384797079665,0,0.501717844105647,0.678065278076015,0,0.383025552931071,0.600440197552072,0,0.173985398325102,0.751234700450934,0,0,0.312754992484432,0.359029418080309,0,0.50687137642259,0.603446424736955,0,0,0,0.4710113807172,0.752684131415074,0,0.729385870732231,0,0,0
SMARCAL1,0,0.00332832295469186,0.245329611337771,0,0.365363968219884,0.467790423019111,0,0.0318874812110801,0.291013528022332,0,0.657343783551643,0.879160403693365,0,0,0.300300622718488,0.118907021687782,0,0.467683057762508,0.111820914751986,0,0,0,0.199323598883401,0.435097702383509,0,0.786933648271419,0,0,0
CABLES1,0,0.749141077947176,0.43949967790423,0,0.642366330255529,0.926132703457161,0,0.703564526519218,0.838683701954048,0,0.930105217951471,0.769755207214945,0,0,0.560983465750483,0.656377496242216,0,0.709684346145587,0.841099420227614,0,0,0,0.671086536396822,0.883616061842388,0,0.561735022546704,0,0,0
MRAS,0,0.747745329611338,0.847756066136998,0,0.748228473266051,0.507461885333906,0,0.915718273566674,0.408041657719562,0,0.177152673394889,0.404981747906377,0,0,0.770399398754563,0.884474983895212,0,0.902512347004509,0.928816834872235,0,0,0,0.719776680266266,0.309372986901439,0,0.758428172643333,0,0,0
DOC2A,0,0.785698947820485,0.338791067210651,0,0.635011810178226,0.628516212153747,0,0.620088039510414,0.596521365686064,0,0.960113807171999,0.823759931286236,0,0,0.698786772600386,0.666952974017608,0,0.606721065063346,0.25289886192828,0,0,0,0.735827786128409,0.611659866867082,0,0.395855701095126,0,0,0
HINT1,0,0.0392420012883831,0.1267983680481,0,0.739263474339704,0.751664161477346,0,0.478419583422804,0.54240927635817,0,0.290637749624222,0.831651277646554,0,0,0.366867081812326,0.400042946102641,0,0.580577625080524,0.216448357311574,0,0,0,0.231694223749195,0.734646768305776,0,0.591367833369122,0,0,0
NKTR,0,0.595984539403049,0.0178226325960919,0,0.948088898432467,0.939768091045738,0,0.40471333476487,0.899452437191325,0,0.692291174575907,0.750858922052824,0,0,0.335409061627657,0.353231694223749,0,0.00311359244148594,0.0171784410564741,0,0,0,0.220904015460597,0.964676830577625,0,0.00520721494524372,0,0,0
C17orf53,0,0.896714623147949,0.786021043590294,0,0.932628301481641,0.63442130126691,0,0.970850332832295,0.93515138501181,0,0.728365900794503,0.88694438479708,0,0,0.960006441915396,0.959523298260683,0,0.967683057762508,0.899398754563023,0,0,0,0.880985613055615,0.777700236203565,0,0.832885978097488,0,0,0
AGXT2,0,0.672052823706249,0.847004509340777,0,0.380717199914108,0.518198410994202,0,0.699162550998497,0.543805024694009,0,0.598400257676616,0.470796650203994,0,0,0.672589649989264,0.755529310715053,0,0.787631522439339,0.7355056903586,0,0,0,0.793268198410994,0.475413356237921,0,0.812540261971226,0,0,0
PRPF40B,0,0.585355378999356,0.525284517929998,0,0.404767017393172,0.609834657504831,0,0.503220957698089,0.556742538114666,0,0.574082027056045,0.552018466824136,0,0,0.601406484861499,0.600869658578484,0,0.436010307064634,0.343890916899291,0,0,0,0.689016534249517,0.495222246081168,0,0.268252093622504,0,0,0
TPD52L1,0,0.00692505905089113,0.602480137427528,0,0.280599098131845,0.341421515997423,0,0.295630234056259,0.291013528022332,0,0.602211724286021,0.125832080738673,0,0,0.286933648271419,0.307440412282585,0,0.308997208503328,0.685849259179729,0,0,0,0.330255529310715,0.329611337771097,0,0.26556796220743,0,0,0
FAM136A,0,0.932198840455229,0.762347004509341,0,0.697337341636246,0.814258106076874,0,0.895426240068714,0.841582563882328,0,0.58551642688426,0.69529740176079,0,0,0.854573759931286,0.909598453940305,0,0.817801159544771,0.827625080523942,0,0,0,0.880985613055615,0.823384152888125,0,0.177045308138286,0,0,0
UTP18,0,0.566351728580631,0.861928280008589,0,0.469776680266266,0.350547562808675,0,0.775230835301696,0.596521365686064,0,0.140272707751772,0.560929783122182,0,0,0.65508911316298,0.733089972085033,0,0.816190680695727,0.905196478419583,0,0,0,0.666362465106292,0.649345071934722,0,0.686815546489156,0,0,0
PRELP,0,0.908041657719562,0.444331114451364,0,0.873040584066996,0.89456731801589,0,0.996134850762293,0.872664805668886,0,0.363216663087825,0.3804487867726,0,0,0.989585570109513,0.985076229332188,0,0.993343354090616,0.992430749409491,0,0,0,0.721440841743612,0.709845394030492,0,0.701148808245652,0,0,0
ZMYND15,0,0.746403263903801,0.0970045093407773,0,0.987277217092549,0.967468327249302,0,0.667919261327035,0.686815546489156,0,0.703027700236204,0.845340347863431,0,0,0.730942666952974,0.572793643976809,0,0.559587717414645,0.333315439123899,0,0,0,0.552823706248658,0.880395104144299,0,0.303467897788276,0,0,0
TBC1D14,0,0.912014172213872,0.0408524801374275,0,0.980352158041658,0.927260038651492,0,0.758589220528237,0.946317371698518,0,0.7789886192828,0.903371269057333,0,0,0.769057333047026,0.482928924200129,0,0.564419153961778,0.0628086751127335,0,0,0,0.368745973802877,0.960006441915396,0,0.246993772815117,0,0,0
SH3BGRL3,0,0.803199484646768,0.87030277002362,0,0.703779257032424,0.49747691646983,0,0.669690788060983,0.520184668241357,0,0.612357741035001,0.371591153102856,0,0,0.662282585355379,0.788436761863861,0,0.502147305132059,0.437942881683487,0,0,0,0.894245222246081,0.592173072793644,0,0.186654498604252,0,0,0
ANKRD46,0,0.810661369980674,0.10688211294825,0,0.910242645479923,0.846789778827571,0,0.84856130556152,0.908632166630878,0,0.700075155679622,0.934882971870303,0,0,0.84818552716341,0.779901223963925,0,0.818499033712691,0.267071075799871,0,0,0,0.667436117672321,0.931071505260898,0,0.657129053038437,0,0,0
EME1,0,0.409705819196908,0.182413570968435,0,0.64204423448572,0.702812969722998,0,0.628355164268843,0.770560446639467,0,0.79240927635817,0.632542409276358,0,0,0.636675971655572,0.599098131844535,0,0.178709469615632,0.256441915396178,0,0,0,0.436010307064634,0.721226111230406,0,0.0437513420657075,0,0,0
GPR39,0,0.947176293751342,0.625778398110372,0,0.966448357311574,0.970313506549281,0,0.9057869873309,0.809587717414645,0,0.539993558084604,0.360908310070861,0,0,0.854197981533176,0.847702383508697,0,0.645050461670603,0.945995275928709,0,0,0,0.867672321236848,0.984968864075585,0,0.0417650848185527,0,0,0
ANKRD28,0,0.929246295898647,0.754294610264118,0,0.71124114236633,0.827786128408847,0,0.777109727292248,0.868638608546274,0,0.627227829074511,0.891346360317801,0,0,0.793536611552502,0.808889843246725,0,0.870517500536826,0.920603392742109,0,0,0,0.848883401331329,0.818499033712691,0,0.440734378355164,0,0,0
LUC7L3,0,0.935258750268413,0.257998711616921,0,0.792516641614773,0.848722353446425,0,0.927367403908095,0.854949538329397,0,0.709523298260683,0.67645479922697,0,0,0.95109512561735,0.901921838093193,0,0.8297187030277,0.626744685419798,0,0,0,0.833798582778613,0.821934721923985,0,0.291818767446854,0,0,0
EMR2,0,0.565814902297616,0.958986471977668,0,0.241088683701954,0.10978097487653,0,0.487438264977453,0.291013528022332,0,0.199055185741894,0.073008374490015,0,0,0.558943525875027,0.680266265836375,0,0.472675542194546,0.799656431178871,0,0,0,0.814580201846682,0.0547025982392098,0,0.305668885548636,0,0,0
HLA-DRA,0,0.0485827786128409,0.446478419583423,0,0.241088683701954,0.183272493021258,0,0.169744470689285,0.291013528022332,0,0.242108653639682,0.59491088683702,0,0,0.132757139789564,0.149559802447928,0,0.339005797723857,0.190197552072149,0,0,0,0.24817479063775,0.300193257461885,0,0.888984324672536,0,0,0
CGNL1,0,0.480942666952974,0.924092763581705,0,0.264547992269702,0.0141722138715912,0,0.678172643332618,0.418509770238351,0,0.194223749194761,0.297348078161907,0,0,0.692237491947606,0.726916469830363,0,0.761649130341422,0.850225467038866,0,0,0,0.711294824994632,0.10070861069358,0,0.689875456302341,0,0,0
CHST6,0,0.190143869443848,0.535645265192184,0,0.241088683701954,0.206839166845609,0,0.22788275713979,0.291013528022332,0,0.653532316942237,0.58186600815976,0,0,0.253650418724501,0.302233197337342,0,0.470957698088898,0.216609405196478,0,0,0,0.433433540906163,0.089274210865364,0,0.834603822203135,0,0,0
RTEL1,0,0.0566351728580631,0.246510629160404,0,0.241088683701954,0.280760146016749,0,0.331007086106936,0.291013528022332,0,0.964247369551213,0.680212583208074,0,0,0.427635817049603,0.525069787416792,0,0.36267983680481,0.0151385011810178,0,0,0,0.671086536396822,0.0113807171999141,0,0.791174575907236,0,0,0
CYR61,0,0.96483787846253,0.987545630234056,0,0.773137212797939,0.598883401331329,0,0.943418509770238,0.697337341636246,0,0.6087073223105,0.264011165986687,0,0,0.916684560876101,0.950075155679622,0,0.908739531887481,0.972353446424737,0,0,0,0.954369765943741,0.722299763796435,0,0.263528022331973,0,0,0
ID1,0,0.991732875241572,0.993719132488727,0,0.715321022117243,0.409491088683702,0,0.988082456517071,0.989370839596307,0,0.800246940090187,0.660081597595018,0,0,0.99672535967361,0.997154820700021,0,0.985666738243504,0.96086536396822,0,0,0,0.997423233841529,0.669153961777969,0,0.736364612411424,0,0,0
DARS,0,0.71231479493236,0.18515138501181,0,0.424253811466609,0.578215589435259,0,0.579987116169208,0.54638179085248,0,0.763152243933863,0.934829289242001,0,0,0.711670603392742,0.592334120678548,0,0.776680266265836,0.25579772385656,0,0,0,0.624919476057548,0.660994202276143,0,0.853070646338845,0,0,0
ZNF286B,0,0.215482070002147,0.403800730083745,0,0.241088683701954,0.195243719132489,0,0.213012669100279,0.291013528022332,0,0.501503113592441,0.516051105862143,0,0,0.202115095555078,0.234700450934078,0,0.408846897144084,0.114880824565171,0,0,0,0.359512561735023,0.146983036289457,0,0.759609190465965,0,0,0
TRAPPC2,0,0.165127764655358,0.0871269057333047,0,0.241088683701954,0.275982392097917,0,0.0436439768091046,0.291013528022332,0,0.426186386085463,0.921784410564741,0,0,0.137159115310286,0.154659652136569,0,0.440465965213657,0.0052608975735452,0,0,0,0.255207214945244,0.0356452651921838,0,0.95796650203994,0,0,0
CDK4,0,0.525606613699807,0.492484432037793,0,0.640057977238566,0.408632166630878,0,0.817264333261757,0.614827141936869,0,0.883240283444277,0.759448142581061,0,0,0.808514064848615,0.85580846038222,0,0.664644621000644,0.748872664805669,0,0,0,0.785376852050676,0.528022331973373,0,0.096414000429461,0,0,0
CPEB3,0,0.787738887695942,0.242108653639682,0,0.699860425166416,0.809748765299549,0,0.896231479493236,0.767554219454584,0,0.889628516212154,0.941808030921194,0,0,0.860103070646339,0.809748765299549,0,0.919261327034572,0.780330684990337,0,0,0,0.705336053253167,0.808675112733519,0,0.911262615417651,0,0,0
TXNDC11,0,0.710274855056904,0.909544771312003,0,0.539242001288383,0.586267983680481,0,0.941110156753275,0.749892634743397,0,0.886300193257462,0.990390809534035,0,0,0.824940949108868,0.927957912819412,0,0.992269701524587,0.921677045308138,0,0,0,0.897949323598883,0.755207214945244,0,0.948786772600386,0,0,0
IFFO1,0,0.805507837663732,0.21414000429461,0,0.908417436117672,0.822364182950397,0,0.76991625509985,0.660779471762937,0,0.710972729224823,0.904659652136569,0,0,0.679997852694868,0.698679407343784,0,0.860532531672751,0.196532102211724,0,0,0,0.693794288168349,0.776304487867726,0,0.77646553575263,0,0,0
EAF1,0,0.3732016319519,0.204047670173932,0,0.687298690143869,0.539617779686493,0,0.191217522009878,0.57789349366545,0,0.781082241786558,0.860049388018037,0,0,0.401492377066781,0.226379643547348,0,0.243450719347219,0.0941056474124973,0,0,0,0.25907236418295,0.31377496242216,0,0.604144298904874,0,0,0
MYB,0,0.342119390165342,0.222675542194546,0,0.468703027700236,0.596789778827571,0,0.256978741679193,0.58911316298046,0,0.479922697015246,0.956409705819197,0,0,0.14639252737814,0.135656001717844,0,0.708395963066352,0.137427528451793,0,0,0,0.202490873953189,0.564472836590079,0,0.95506764011166,0,0,0
XIRP1,0,0.784571612626154,0.27426454799227,0,0.563721279793859,0.752791496671677,0,0.69674683272493,0.645748335838523,0,0.950289886192828,0.878194116383938,0,0,0.726701739317157,0.750483143654713,0,0.665825638823277,0.405518574189392,0,0,0,0.773083530169637,0.539564097058192,0,0.66738243504402,0,0,0
YES1,0,0.648003006227185,0.481801589005798,0,0.794127120463818,0.660779471762937,0,0.461885333905948,0.895050461670603,0,0.630341421515997,0.855217951470904,0,0,0.392097917114022,0.348668670818123,0,0.571505260897574,0.43042731372128,0,0,0,0.41448357311574,0.76052179514709,0,0.748818982177367,0,0,0
SLC25A38,0,0.202437191324887,0.090508911316298,0,0.745329611337771,0.808567747476917,0,0.231747906377496,0.664966716770453,0,0.589220528237063,0.966502039939875,0,0,0.395855701095126,0.153800730083745,0,0.576873523727722,0.064204423448572,0,0,0,0.202490873953189,0.590723641829504,0,0.913570968434615,0,0,0
RAB24,0,0.471923985398325,0.230298475413356,0,0.836160618423878,0.963495812754993,0,0.3369658578484,0.925273781404338,0,0.954530813828645,0.786128408846897,0,0,0.381790852480137,0.415610908310071,0,0.265138501181018,0.420764440627013,0,0,0,0.541765084818553,0.964354734807816,0,0.125241571827357,0,0,0
CAMK2D,0,0.893708395963066,0.838576336697445,0,0.885924414859351,0.754187245007516,0,0.932198840455229,0.843300407987975,0,0.246564311788705,0.777217092548851,0,0,0.865632381361391,0.786879965643118,0,0.919368692291175,0.981103714837879,0,0,0,0.430212583208074,0.710328537685205,0,0.409222675542195,0,0,0
STAM,0,0.466824135709684,0.349527592870947,0,0.422321236847756,0.56957268627872,0,0.562110800944814,0.515406914322525,0,0.573062057118316,0.804863646124114,0,0,0.513796435473481,0.543751342065708,0,0.696907880609835,0.267822632596092,0,0,0,0.510468112518789,0.626315224393386,0,0.556098346575048,0,0,0
C19orf66,0,0.92607902082886,0.873362679836805,0,0.744846467683058,0.532209576980889,0,0.88549495383294,0.510682843031995,0,0.52753918831866,0.697444706892849,0,0,0.920925488511918,0.873362679836805,0,0.878730942666953,0.873953188748121,0,0,0,0.847219239853983,0.531994846467683,0,0.553467897788276,0,0,0
PLA2R1,0,0.892581060768735,0.96193901653425,0,0.474876529954907,0.318230620571183,0,0.862894567318016,0.355915825638823,0,0.0665127764655358,0.269433111445136,0,0,0.863485076229332,0.727238565600172,0,0.885817049602749,0.952329826068284,0,0,0,0.658149022976165,0.403800730083745,0,0.886461241142366,0,0,0
TOMM22,0,0.781458020184668,0.50037577839811,0,0.812540261971226,0.614934507193472,0,0.867135494953833,0.899828215589435,0,0.723480781619068,0.670388662228903,0,0,0.886514923770668,0.835999570538974,0,0.764762722782907,0.796542838737385,0,0,0,0.693794288168349,0.609834657504831,0,0.250966287309427,0,0,0
BEND3,0,0.584711187459738,0.159544771312003,0,0.78151170281297,0.783766373201632,0,0.394406270130986,0.908954262400687,0,0.372557440412283,0.710113807171999,0,0,0.370410135280223,0.321988404552287,0,0.0531458020184668,0.219454584496457,0,0,0,0.214569465321022,0.860586214301052,0,0.0485290959845394,0,0,0
PDCL3,0,0.693150096628731,0.502200987760361,0,0.496510629160404,0.645909383723427,0,0.767554219454584,0.633132918187674,0,0.877066781189607,0.697283659007945,0,0,0.77646553575263,0.831436547133348,0,0.845501395748336,0.466233626798368,0,0,0,0.771634099205497,0.366437620785914,0,0.863914537255744,0,0,0
MDFI,0,0.754187245007516,0.474608116813399,0,0.686332402834443,0.434721923985398,0,0.918617135494954,0.592012024908739,0,0.537899935580846,0.540315653854413,0,0,0.89059480352158,0.818606398969294,0,0.913517285806313,0.935312432896715,0,0,0,0.510468112518789,0.578108224178656,0,0.635602319089543,0,0,0
CACNB1,0,0.655572256817694,0.251771526733949,0,0.52281511702813,0.507032424307494,0,0.748013742752845,0.766641614773459,0,0.37862357741035,0.926884260253382,0,0,0.747530599098132,0.787094696156324,0,0.893171569680052,0.292624006871376,0,0,0,0.811788705175005,0.719669315009663,0,0.834979600601245,0,0,0
SFT2D3,0,0.732177367403908,0.872503757783981,0,0.638876959415933,0.347058191969079,0,0.659974232338415,0.436010307064634,0,0.166040369336483,0.718005153532317,0,0,0.615632381361391,0.737223534464247,0,0.792624006871376,0.297401760790208,0,0,0,0.853929568391668,0.522385656001718,0,0.80980244792785,0,0,0
MS4A6A,0,0.133186600815976,0.719400901868155,0,0.241088683701954,0.114236633025553,0,0.150848185527163,0.291013528022332,0,0.0519111015675327,0.306581490229762,0,0,0.101406484861499,0.109619926991626,0,0.393815761219669,0.461080094481426,0,0,0,0.190358599957054,0.300193257461885,0,0.886568606398969,0,0,0
ZNF671,0,0.020399398754563,0.216877818337986,0,0.241088683701954,0.294395533605325,0,0.00628086751127335,0.291013528022332,0,0.853768520506764,0.768091045737599,0,0,0.18622503757784,0.216394674683273,0,0.286933648271419,0.0281833798582779,0,0,0,0.33659007945029,0.00891131629804595,0,0.78768520506764,0,0,0
RINL,0,0.601299119604896,0.0472943955336053,0,0.906645909383723,0.791442989048744,0,0.495436976594374,0.837341636246511,0,0.830416577195619,0.985452007730299,0,0,0.750966287309427,0.517607902082886,0,0.677098990766588,0.0215267339488941,0,0,0,0.586536396821988,0.508857633669744,0,0.945673180158901,0,0,0
CLINT1,0,0.540369336482714,0.3369658578484,0,0.761273351943311,0.921408632166631,0,0.925434829289242,0.853446424736955,0,0.421569680051535,0.905572256817694,0,0,0.766212153747047,0.750214730513206,0,0.965696800515353,0.970313506549281,0,0,0,0.199323598883401,0.904391238995061,0,0.9347756066137,0,0,0
ZNF837,0,0.21521365686064,0.0058514064848615,0,0.241088683701954,0.296113377710973,0,0.00713978956409706,0.467951470904015,0,0.994900150311359,0.963334764870088,0,0,0.400418724500752,0.487599312862358,0,0.0180910457375993,0.000375778398110371,0,0,0,0.613699806742538,0.000697874167919261,0,0.401653424951686,0,0,0
MTERFD1,0,0.479171140219025,0.838630019325746,0,0.241088683701954,0.262508052394245,0,0.531565385441271,0.291013528022332,0,0.547079665020399,0.230942666952974,0,0,0.634582349151814,0.645479922697015,0,0.573759931286236,0.772922482284733,0,0,0,0.787255744041228,0.183594588791067,0,0.444223749194761,0,0,0
ADAM11,0,0.555185741893923,0.863109297831222,0,0.334281726433326,0.24382649774533,0,0.624865793429246,0.321236847756066,0,0.677098990766588,0.406860639896929,0,0,0.620517500536826,0.629428816834872,0,0.684292462958986,0.677957912819412,0,0,0,0.59383723427099,0.0530384367618639,0,0.783175864290316,0,0,0
FHL3,0,0.954208718058836,0.352319089542624,0,0.86992699162551,0.795576551427958,0,0.961509555507838,0.862948249946317,0,0.827356667382435,0.880502469400902,0,0,0.974500751556796,0.975520721494524,0,0.952974017607902,0.74672535967361,0,0,0,0.967146231479493,0.687083959630663,0,0.700826712475843,0,0,0
MRPL30,0,0.328913463603178,0.664268842602534,0,0.241088683701954,0.25397251449431,0,0.405035430534679,0.291013528022332,0,0.82209576980889,0.535591582563882,0,0,0.513474339703672,0.624973158685849,0,0.477936439768091,0.152780760146017,0,0,0,0.768681554648916,0.0263581704960275,0,0.648217736740391,0,0,0
WNT2,0,0.587287953618209,0.863270345716126,0,0.352050676401117,0.302931071505261,0,0.549602748550569,0.348722353446425,0,0.308836160618424,0.296167060339274,0,0,0.55905089113163,0.376207859136783,0,0.641507408202706,0.867242860210436,0,0,0,0.347541335623792,0.142903156538544,0,0.822471548207,0,0,0
C17orf100,0,0.15616276572901,0.476755421945458,0,0.241088683701954,0.253167275069787,0,0.000751556796220743,0.291013528022332,0,0.546059695082671,0.560392956839167,0,0,0.125509984968864,0.140165342495169,0,0.0941056474124973,0.224071290530384,0,0,0,0.234915181447284,0.00483143654713335,0,0.855325316727507,0,0,0
PCM1,0,0.0546489156109083,0.42210650633455,0,0.529632810822418,0.55980244792785,0,0.415127764655358,0.302716340992055,0,0.350386514923771,0.756764011165987,0,0,0.502415718273567,0.508428172643333,0,0.638715911531029,0.213871591153103,0,0,0,0.63152243933863,0.479761649130341,0,0.957537041013528,0,0,0
PSRC1,0,0.387642258964999,0.184507193472192,0,0.561627657290101,0.744041228258536,0,0.357472621859566,0.678924200128838,0,0.789295683916685,0.808138286450505,0,0,0.346628730942667,0.39929138930642,0,0.499516856345287,0.287524157182736,0,0,0,0.257300837449002,0.608063130770883,0,0.613001932574619,0,0,0
C3orf33,0,0.832402834442774,0.745866437620786,0,0.656699592012025,0.364719776680266,0,0.719239853983251,0.833852265406914,0,0.702061412926777,0.538490444492162,0,0,0.771097272922482,0.703188748121108,0,0.616437620785914,0.396714623147949,0,0,0,0.707322310500322,0.4202812969723,0,0.260682843031995,0,0,0
IGFBP7,0,0.984109942022761,0.999892634743397,0,0.242645479922697,0.168939231264763,0,0.963388447498389,0.292892420012884,0,0.466394674683273,0.0686063989692935,0,0,0.994739102426455,0.997852694867941,0,0.961509555507838,0.974178655786987,0,0,0,0.999677904230191,0.308191969078806,0,0.383132918187674,0,0,0
STX16,0,0.906699592012025,0.953671891775821,0,0.59528666523513,0.46666308782478,0,0.961080094481426,0.653908095340348,0,0.851728580631308,0.738243504401976,0,0,0.958986471977668,0.968595662443633,0,0.951417221387159,0.902727077517715,0,0,0,0.963925273781404,0.621805883616062,0,0.697981533175864,0,0,0
SLC35C2,0,0.58948894137857,0.633401331329182,0,0.586858492591797,0.680749409491089,0,0.526787631522439,0.540637749624222,0,0.483143654713335,0.60253382005583,0,0,0.585570109512562,0.567801159544771,0,0.531458020184668,0.770184668241357,0,0,0,0.639360103070646,0.784356882112948,0,0.230513205926562,0,0,0
OGDH,0,0.930158900579772,0.57644406270131,0,0.972890272707752,0.822686278720206,0,0.943955336053253,0.90471333476487,0,0.907182735666738,0.941271204638179,0,0,0.962046381790852,0.95796650203994,0,0.8623040584067,0.89059480352158,0,0,0,0.922160188962852,0.818713764225896,0,0.118262830148164,0,0,0
MTCH1,0,0.824833583852265,0.473588146875671,0,0.761649130341422,0.690788060983466,0,0.900955550783766,0.747047455443419,0,0.859834657504831,0.714998926347434,0,0,0.891990551857419,0.846575048314365,0,0.864236633025553,0.780921193901653,0,0,0,0.597487652995491,0.601889628516212,0,0.36305561520292,0,0,0
GPR35,0,0.315278076014602,0.380717199914108,0,0.422965428387374,0.574726218595662,0,0.316190680695727,0.480352158041658,0,0.86557869873309,0.746134850762293,0,0,0.266695297401761,0.284303199484647,0,0.622074296757569,0.64204423448572,0,0,0,0.344535108438909,0.567156968005154,0,0.805615202920335,0,0,0
ARMC7,0,0.885065492806528,0.274371913248873,0,0.755099849688641,0.959040154605969,0,0.722675542194546,0.97573545200773,0,0.87610049388018,0.853124328967146,0,0,0.738243504401976,0.780330684990337,0,0.797187030277002,0.582188103929568,0,0,0,0.818230620571183,0.963227399613485,0,0.273674039080953,0,0,0
GABARAP,0,0.917436117672321,0.0944277431823062,0,0.737975091260468,0.918992913893064,0,0.90761219669315,0.841582563882328,0,0.99962422160189,0.988136139145373,0,0,0.97933218810393,0.973319733734164,0,0.895909383723427,0.00955550783766373,0,0,0,0.982177367403908,0.640916899291389,0,0.589435258750268,0,0,0
FAM193B,0,0.852319089542624,0.728687996564312,0,0.602480137427528,0.542892420012884,0,0.794771312003436,0.65074082027056,0,0.960006441915396,0.758857633669744,0,0,0.832188103929568,0.912443633240283,0,0.719615632381361,0.199162550998497,0,0,0,0.945136353875886,0.51487008803951,0,0.114451363538759,0,0,0
ZNF790,0,0.00284517929997853,0.208449645694653,0,0.241088683701954,0.313506549280653,0,0.0132059265621645,0.291013528022332,0,0.808245651707108,0.937083959630663,0,0,0.13876959415933,0.157075370410135,0,0.574672535967361,0.0266265836375349,0,0,0,0.25907236418295,0.0192183809319304,0,0.972782907451149,0,0,0
TMEM158,0,0.921354949538329,0.948679407343784,0,0.811627657290101,0.411262615417651,0,0.884313936010307,0.417919261327035,0,0.648217736740391,0.545093407773245,0,0,0.856345286665235,0.896177796864934,0,0.840079450289886,0.854412712046382,0,0,0,0.939231264762723,0.424522224608117,0,0.698142581060769,0,0,0
MRPL38,0,0.742430749409491,0.140809534034786,0,0.849688640755851,0.927743182306206,0,0.748980030062272,0.97680910457376,0,0.910242645479923,0.856184238780331,0,0,0.815868584925918,0.843031994846468,0,0.666416147734593,0.271150955550784,0,0,0,0.843354090616277,0.861659866867082,0,0.16920764440627,0,0,0
EFNB1,0,0.325424092763582,0.333100708610694,0,0.413624651062916,0.699699377281512,0,0.275445565814902,0.626476272278291,0,0.223212368477561,0.236847756066137,0,0,0.313667597165557,0.225950182520936,0,0.251395748335838,0.637749624221602,0,0,0,0.190358599957054,0.687728151170281,0,0.301481640541121,0,0,0
SARS,0,0.760951256173502,0.379106721065063,0,0.709040154605969,0.861713549495383,0,0.551535323169422,0.837878462529525,0,0.78188748121108,0.908041657719562,0,0,0.516265836375349,0.635387588576337,0,0.723051320592656,0.367564955980245,0,0,0,0.742162336267984,0.801750053682628,0,0.683218810392957,0,0,0
SERPINF1,0,0.231318445351084,0.232016319519004,0,0.382220313506549,0.388179085248014,0,0.603124328967146,0.496993772815117,0,0.338200558299334,0.510682843031995,0,0,0.575960919046597,0.470152458664376,0,0.676776894996779,0.302072149452437,0,0,0,0.325799871161692,0.429997852694868,0,0.866276572901009,0,0,0
RNF115,0,0.462851621215375,0.361981962636891,0,0.769164698303629,0.462958986471978,0,0.74420227614344,0.390863216663088,0,0.749033712690573,0.722031350654928,0,0,0.773083530169637,0.554756280867511,0,0.687406055400472,0.822578913463603,0,0,0,0.252308353016964,0.448410994202276,0,0.263796435473481,0,0,0
APOA2,0,0.626368907021688,0.00472407129053038,0,0.977292248228473,0.971923985398325,0,0.93805024694009,0.910296328108224,0,0.904230191110157,0.999409491088684,0,0,0.919637105432682,0.917275069787417,0,0.965911531028559,0.0201309856130556,0,0,0,0.597487652995491,0.820324243074941,0,0.869390165342495,0,0,0
SEMA5A,0,0.849742323384153,0.981264762722783,0,0.349688640755851,0.453349796006012,0,0.764547992269701,0.462636890702169,0,0.112465106291604,0.142688426025338,0,0,0.778129697229976,0.88297187030277,0,0.717629375134207,0.889306420442345,0,0,0,0.948786772600386,0.573437835516427,0,0.243772815117028,0,0,0
ERGIC1,0,0.971494524371913,0.936278720206141,0,0.968541979815332,0.513635387588576,0,0.993021258320807,0.483573115739747,0,0.900472407129053,0.777056044663947,0,0,0.981586858492592,0.987384582349152,0,0.993933863001933,0.968971440841744,0,0,0,0.950880395104144,0.439338630019326,0,0.910081597595018,0,0,0
ZNF343,0,0.477131200343569,0.892312647627228,0,0.241088683701954,0.244470689284947,0,0.584335409061628,0.291013528022332,0,0.655625939445995,0.55110586214301,0,0,0.668026626583638,0.793912389950612,0,0.690734378355164,0.25397251449431,0,0,0,0.898271419368692,0.0259287094696156,0,0.797884904444922,0,0,0
ATG16L2,0,0.917919261327035,0.88334764870088,0,0.718649345071935,0.821988404552287,0,0.895372557440412,0.684936654498604,0,0.799173287524157,0.459362250375778,0,0,0.846091904659652,0.944116383938158,0,0.795522868799656,0.900311359244149,0,0,0,0.945565814902298,0.815814902297616,0,0.104144298904874,0,0,0
ZNF771,0,0.564902297616491,0.0052608975735452,0,0.967951470904015,0.999731586858493,0,0.489961348507623,0.990015031135924,0,0.990337126905733,0.970313506549281,0,0,0.530115954477131,0.62030277002362,0,0.0221172428602104,0.0184668241357097,0,0,0,0.698518359458879,0.979063774962422,0,0.0646875671032854,0,0,0
BGN,0,0.361445136353876,0.638823276787632,0,0.457805454155035,0.193418509770238,0,0.675166416147735,0.291013528022332,0,0.111176723212368,0.17897788275714,0,0,0.613807171999141,0.596897144084174,0,0.652458664376208,0.690841743611767,0,0,0,0.417328752415718,0.0606076873523728,0,0.603553789993558,0,0,0
SLCO3A1,0,0.604305346789779,0.593568821129483,0,0.46521365686064,0.451739317156968,0,0.52608975735452,0.477077517715267,0,0.137642258964999,0.405894352587503,0,0,0.480674253811467,0.535269486794073,0,0.620517500536826,0.301427957912819,0,0,0,0.652404981747906,0.576766158471119,0,0.73878033068499,0,0,0
RPS6KA1,0,0.496188533390595,0.049710113807172,0,0.867564955980245,0.938372342709899,0,0.524049817479064,0.767983680480996,0,0.408793214515783,0.704155035430535,0,0,0.366437620785914,0.393332617564956,0,0.350440197552072,0.186332402834443,0,0,0,0.382649774532961,0.973212368477561,0,0.176401116598669,0,0,0
PWP1,0,0.0420871805883616,0.168509770238351,0,0.487438264977453,0.640541120893279,0,0.125295254455658,0.649935580846038,0,0.588898432467254,0.862465106291604,0,0,0.112572471548207,0.159544771312003,0,0.235237277217093,0.112035645265192,0,0,0,0.190358599957054,0.660403693364827,0,0.633186600815976,0,0,0
ZNF22,0,0.76594374060554,0.906592226755422,0,0.416040369336483,0.486364612411424,0,0.71521365686064,0.498228473266051,0,0.972353446424737,0.79020828859781,0,0,0.780652780760146,0.807171999141078,0,0.799817479063775,0.684131415074082,0,0,0,0.865739746617994,0.401170281296972,0,0.787094696156324,0,0,0
CLSTN3,0,0.400687137642259,0.196102641185312,0,0.470474554434185,0.683863001932575,0,0.491571827356667,0.614558728795362,0,0.696907880609835,0.533766373201632,0,0,0.401331329181877,0.41448357311574,0,0.587180588361606,0.206033927421087,0,0,0,0.375832080738673,0.64891561090831,0,0.692989048743826,0,0,0
PIK3C2B,0,0.782746403263904,0.0438587073223105,0,0.950558299334335,0.979600601245437,0,0.841367833369122,0.974769164698304,0,0.909813184453511,0.965857848400258,0,0,0.840992054971011,0.74022976164913,0,0.789295683916685,0.35215804165772,0,0,0,0.543268198410994,0.966233626798368,0,0.198088898432467,0,0,0
TEC,0,0.978687996564312,0.338898432467254,0,0.98657934292463,0.987491947605755,0,0.941808030921194,0.967360961992699,0,0.468380931930427,0.891829503972514,0,0,0.91883186600816,0.82102211724286,0,0.946424736955121,0.970689284947391,0,0,0,0.63007300837449,0.981479493235989,0,0.657182735666738,0,0,0
TMEM176B,0,0.734593085677475,0.175381146660941,0,0.692130126691003,0.724769164698304,0,0.741571827356667,0.687245007515568,0,0.0601245436976594,0.361659866867082,0,0,0.773888769594159,0.47680910457376,0,0.697015245866438,0.918026626583638,0,0,0,0.190358599957054,0.763581704960275,0,0.404981747906377,0,0,0
ARID3A,0,0.923394889413786,0.0140648486149882,0,0.964623147949324,0.684399828215589,0,0.936869229117458,0.936063989692935,0,0.888018037363109,0.812916040369337,0,0,0.930856774747692,0.887910672106506,0,0.799388018037363,0.383884474983895,0,0,0,0.691915396177797,0.878516212153747,0,0.0301696371054327,0,0,0
VPS16,0,0.71703886622289,0.486901438694438,0,0.623577410350011,0.738136139145373,0,0.69057333047026,0.725842817264333,0,0.572578913463603,0.598937083959631,0,0,0.683648271419369,0.682735666738243,0,0.756710328537685,0.371322739961349,0,0,0,0.764762722782907,0.870088039510414,0,0.78081382864505,0,0,0
SSH2,0,0.871054326819841,0.343354090616277,0,0.756280867511273,0.589059480352158,0,0.794878677260039,0.876315224393386,0,0.694009018681555,0.813613914537256,0,0,0.777217092548851,0.852104359029418,0,0.81377496242216,0.158793214515783,0,0,0,0.891346360317801,0.698733089972085,0,0.87427528451793,0,0,0
SLC35E4,0,0.686278720206141,0.724661799441701,0,0.870893278934937,0.46414000429461,0,0.602104359029418,0.45361820914752,0,0.657719561949753,0.737008803951041,0,0,0.63189821773674,0.730137427528452,0,0.637642258964999,0.261327034571613,0,0,0,0.83224178655787,0.311573974661799,0,0.806366759716556,0,0,0
HLA-DQA2,0,0.0465428387373846,0.564955980244793,0,0.241088683701954,0.171462314794932,0,0.109190465965214,0.291013528022332,0,0.273727721709255,0.373362679836805,0,0,0.106667382435044,0.116867081812326,0,0.323813613914537,0.33406699592012,0,0,0,0.195834228043805,0.139789564097058,0,0.753435688211295,0,0,0
DNAJC18,0,0.316942237491948,0.0886300193257462,0,0.411853124328967,0.756495598024479,0,0.359083100708611,0.753757783981104,0,0.76197122611123,0.952115095555078,0,0,0.351513850118102,0.357204208718059,0,0.685044019755207,0.0376315224393386,0,0,0,0.402297616491303,0.641346360317801,0,0.924253811466609,0,0,0
ANKH,0,0.992430749409491,0.882488726648057,0,0.97718488297187,0.788383079235559,0,0.983948894137857,0.744470689284947,0,0.311466609405196,0.380717199914108,0,0,0.977131200343569,0.914161477345931,0,0.944492162336268,0.995222246081168,0,0,0,0.755153532316942,0.898432467253597,0,0.241518144728366,0,0,0
CBFA2T2,0,0.851191754348293,0.77211724286021,0,0.759179729439553,0.648647197766803,0,0.881415074082027,0.758642903156539,0,0.646821988404552,0.713120034356882,0,0,0.805776250805239,0.883884474983895,0,0.865149237706678,0.857472621859566,0,0,0,0.765621644835731,0.538866222890273,0,0.288275713978956,0,0,0
MAX,0,0.764172213871591,0.0650096628730943,0,0.942183809319304,0.969454584496457,0,0.576980888984325,0.927957912819412,0,0.688640755851406,0.810178226325961,0,0,0.558353016963711,0.450934077732446,0,0.264977453296113,0.244470689284947,0,0,0,0.37824779901224,0.982445780545416,0,0.0170710757998712,0,0,0
RFWD2,0,0.74602748550569,0.92897788275714,0,0.601889628516212,0.399398754563023,0,0.622986901438694,0.419959201202491,0,0.500858922052824,0.502630448786773,0,0,0.655625939445995,0.605593729869014,0,0.675112733519433,0.879106721065063,0,0,0,0.628301481640541,0.35001073652566,0,0.46086536396822,0,0,0
NEU1,0,0.319357955765514,0.0635065492806528,0,0.857633669744471,0.966824135709684,0,0.807440412282585,0.964247369551213,0,0.81812325531458,0.874114236633026,0,0,0.739746617994417,0.79240927635817,0,0.667811896070432,0.175381146660941,0,0,0,0.587073223105003,0.947605754777754,0,0.130180373631093,0,0,0
RTKN,0,0.949001503113592,0.0538973588146876,0,0.94094910886837,0.962368477560661,0,0.961831651277647,0.972246081168134,0,0.800622718488297,0.907397466179944,0,0,0.971655572256818,0.966126261541765,0,0.939982821558944,0.624221601889628,0,0,0,0.916040369336483,0.8442130126691,0,0.280169637105433,0,0,0
ZNF222,0,0.00273781404337556,0.250912604681125,0,0.241088683701954,0.289617779686493,0,0.15074082027056,0.291013528022332,0,0.460382220313507,0.870893278934937,0,0,0.223695512132274,0.247637964354735,0,0.532477990122396,0.0382757139789564,0,0,0,0.375026841314151,0.0243182306205712,0,0.946585784840026,0,0,0
FBF1,0,0.769057333047026,0.472782907451149,0,0.748711616920764,0.872342709899077,0,0.630609834657505,0.905840669959201,0,0.685956624436332,0.631468756710329,0,0,0.693257461885334,0.729600601245437,0,0.544502898861928,0.687191324887267,0,0,0,0.815707537041014,0.856398969293537,0,0.192613270345716,0,0,0
ZNF814,0,0.0236740390809534,0.415825638823277,0,0.241088683701954,0.28371269057333,0,0.125939445995276,0.291013528022332,0,0.34566244363324,0.772278290745115,0,0,0.133562379214086,0.150526089757355,0,0.546811251878892,0.151653424951686,0,0,0,0.249409491088684,0.0795576551427958,0,0.960972729224823,0,0,0
TDRD10,0,0.133240283444277,0.556259394459953,0,0.241088683701954,0.23368048099635,0,0.203296113377711,0.291013528022332,0,0.545039725144943,0.399184024049817,0,0,0.220957698088898,0.258857633669744,0,0.374006871376423,0.311520292033498,0,0,0,0.388340133132918,0.132166630878248,0,0.753328322954692,0,0,0
IFT140,0,0.475413356237921,0.790745114880825,0,0.406699592012025,0.48512991196049,0,0.471548207000215,0.352748550569036,0,0.63914537255744,0.761273351943311,0,0,0.58621430105218,0.515514279579128,0,0.650526089757354,0.728849044449216,0,0,0,0.614451363538759,0.60360747262186,0,0.492860210435903,0,0,0
ZNF207,0,0.522224608116813,0.221065063345501,0,0.660618423878033,0.77029203349796,0,0.843568821129483,0.62389950611982,0,0.839274210865364,0.886085462744256,0,0,0.837073223105003,0.895211509555508,0,0.854681125187889,0.151921838093193,0,0,0,0.858599957053897,0.627925703242431,0,0.751342065707537,0,0,0
SF3B5,0,0.548099634958128,0.083369121752201,0,0.55470259823921,0.71558943525875,0,0.330255529310715,0.720259823920979,0,0.477023835086966,0.888071719991411,0,0,0.329557655142796,0.293375563667597,0,0.379804595232983,0.029310715052609,0,0,0,0.364719776680266,0.559909813184454,0,0.891453725574404,0,0,0
CENPH,0,0.626905733304703,0.751878891990552,0,0.700075155679622,0.48078161906807,0,0.57826927206356,0.454155035430535,0,0.903532316942237,0.363324028344428,0,0,0.563345501395748,0.645909383723427,0,0.422321236847756,0.377496242216019,0,0,0,0.757730298475413,0.576497745329611,0,0.201954047670174,0,0,0
TCFL5,0,0.411369980674254,0.75762293321881,0,0.384850762293322,0.375509984968864,0,0.427850547562809,0.352748550569036,0,0.506549280652781,0.348239209791711,0,0,0.419422374919476,0.463120034356882,0,0.418724500751557,0.571344213012669,0,0,0,0.555024694009019,0.410296328108224,0,0.303145802018467,0,0,0
GJA5,0,0.0322632596091905,0.639413785698948,0,0.343783551642688,0.00509984968864076,0,0.573598883401331,0.384528666523513,0,0.0622181662014172,0.139950611981963,0,0,0.566405411208933,0.483895211509556,0,0.577034571612626,0.824565170710758,0,0,0,0.252308353016964,0.128891990551857,0,0.371591153102856,0,0,0
SLC24A1,0,0.837663732016319,0.217844105647412,0,0.78371269057333,0.843031994846468,0,0.826014601674898,0.826497745329611,0,0.630663517285806,0.905948035215804,0,0,0.805024694009019,0.729224822847327,0,0.8985398325102,0.239263474339704,0,0,0,0.601513850118102,0.803414215159974,0,0.967253596736096,0,0,0
RAB2B,0,0.409920549710114,0.146768305776251,0,0.730620571183165,0.644030491732875,0,0.820324243074941,0.766212153747047,0,0.872074296757569,0.886407558514065,0,0,0.873684775606614,0.743558084603822,0,0.788329396607258,0.268037363109298,0,0,0,0.445887910672106,0.590884689714408,0,0.740766587932145,0,0,0
SUPT7L,0,0.727292248228473,0.061412926776895,0,0.697659437406055,0.705926562164484,0,0.87175220098776,0.677957912819412,0,0.759233412067855,0.846628730942667,0,0,0.851943311144514,0.732714193686923,0,0.891614773459309,0.374060554004724,0,0,0,0.477131200343569,0.705658149022976,0,0.799602748550569,0,0,0
RCBTB2,0,0.283014816405411,0.0603392742108654,0,0.684507193472192,0.777700236203565,0,0.453349796006012,0.8007300837449,0,0.417811896070432,0.780652780760146,0,0,0.259877603607473,0.414107794717629,0,0.32064633884475,0.0431608331543912,0,0,0,0.375832080738673,0.773298260682843,0,0.305454155035431,0,0,0
GCLM,0,0.828054541550354,0.38114666094052,0,0.952866652351299,0.902834442774318,0,0.517554219454584,0.950128838307924,0,0.492430749409491,0.515782692720636,0,0,0.627925703242431,0.609029418080309,0,0.128516212153747,0.641775821344213,0,0,0,0.727238565600172,0.961992699162551,0,0.0336053253167275,0,0,0
ZNF354A,0,0.443042731372128,0.557923555937299,0,0.412336267983681,0.509984968864076,0,0.452222460811681,0.528183379858278,0,0.569948464676831,0.544073437835516,0,0,0.493235988834013,0.597756066136998,0,0.533820055829933,0.243880180373631,0,0,0,0.742699162550999,0.512185956624436,0,0.668939231264763,0,0,0
ALPK2,0,0.683648271419369,0.771043590294181,0,0.46993772815117,0.546435473480782,0,0.627657290100923,0.55905089113163,0,0.207751771526734,0.765729010092334,0,0,0.584818552716341,0.709738028773889,0,0.706194975305991,0.309587717414645,0,0,0,0.836375348937084,0.671086536396822,0,0.776572901009233,0,0,0
RAB40B,0,0.562218166201417,0.852426454799227,0,0.241088683701954,0.25327464032639,0,0.53081382864505,0.291013528022332,0,0.431017822632596,0.387642258964999,0,0,0.557225681769379,0.677957912819412,0,0.617887051750054,0.32064633884475,0,0,0,0.812647627227829,0.119175434829289,0,0.758750268413142,0,0,0
PDGFRL,0,0.793751342065708,0.777968649345072,0,0.629482499463174,0.675273781404338,0,0.664590938372343,0.733089972085033,0,0.774801374275285,0.234700450934078,0,0,0.61267983680481,0.684024049817479,0,0.546703886622289,0.862411423663303,0,0,0,0.751664161477346,0.747906377496242,0,0.207859136783337,0,0,0
C12orf10,0,0.341367833369122,0.0912604681125188,0,0.879214086321666,0.431178870517501,0,0.912389950611982,0.767554219454584,0,0.989639252737814,0.96848829718703,0,0,0.965106291604037,0.908900579772386,0,0.898754563023406,0.137159115310286,0,0,0,0.819733734163625,0.720420871805884,0,0.711187459738029,0,0,0
PHF5A,0,0.924790637749624,0.105647412497316,0,0.946048958557011,0.908095340347863,0,0.894459952759287,0.971548207000215,0,0.834389091689929,0.836804809963496,0,0,0.858546274425596,0.804648915610908,0,0.746671677045308,0.603231694223749,0,0,0,0.52608975735452,0.920979171140219,0,0.0999033712690573,0,0,0
PQLC2,0,0.382918187674469,0.266695297401761,0,0.584657504831437,0.735290959845394,0,0.325263044878677,0.723588146875671,0,0.175917972943955,0.83986471977668,0,0,0.223427098990767,0.215159974232338,0,0.617457590723642,0.378516212153747,0,0,0,0.214569465321022,0.720581919690788,0,0.92355593729869,0,0,0
GCHFR,0,0.98588146875671,0.787255744041228,0,0.981747906377496,0.888179085248014,0,0.964891561090831,0.914107794717629,0,0.903747047455443,0.760414429890487,0,0,0.966555722568177,0.944062701309856,0,0.87899935580846,0.934721923985398,0,0,0,0.912604681125188,0.914268842602534,0,0.0590508911316298,0,0,0
COX11,0,0.515836375348937,0.215965213656861,0,0.906377496242216,0.532907451148808,0,0.291174575907236,0.892903156538544,0,0.760468112518789,0.699430964140004,0,0,0.438479707966502,0.337932145157827,0,0.0337663732016319,0.115900794502899,0,0,0,0.44782048529096,0.829396607257891,0,0.0978097487652995,0,0,0
LYPD3,0,0.832885978097488,0.904176508481855,0,0.520775177152673,0.512991196048959,0,0.689875456302341,0.666684560876101,0,0.794073437835516,0.50252308353017,0,0,0.701578269272064,0.82354520077303,0,0.70324243074941,0.563989692935366,0,0,0,0.91378569894782,0.595179299978527,0,0.63479707966502,0,0,0
LRRC17,0,0.890380073008375,0.981211080094481,0,0.402458664376208,0.0103070646338845,0,0.966394674683272,0.428548421730728,0,0.267715267339489,0.185580846038222,0,0,0.945565814902298,0.917811896070432,0,0.974124973158686,0.990337126905733,0,0,0,0.684560876100494,0.0327464032639038,0,0.868907021687782,0,0,0
FKBP7,0,0.427313721279794,0.658793214515783,0,0.410403693364827,0.553199484646768,0,0.490498174790638,0.569143225252308,0,0.269755207214945,0.432359888340133,0,0,0.490015031135924,0.598400257676616,0,0.569035859995705,0.434721923985398,0,0,0,0.743235988834013,0.541067210650633,0,0.659544771312003,0,0,0
CARNS1,0,0.869390165342495,0.230191110156753,0,0.934185097702384,0.958664376207859,0,0.961885333905948,0.618155464891561,0,0.86885333905948,0.889521150955551,0,0,0.930695726862787,0.960221172428602,0,0.921623362679837,0.800032209576981,0,0,0,0.905840669959201,0.821505260897574,0,0.296703886622289,0,0,0
ICOS,0,0.207483358385227,0.721977668026627,0,0.285806313077088,0.18515138501181,0,0.27066781189607,0.291013528022332,0,0.163302555293107,0.141775821344213,0,0,0.237814043375564,0.218380931930427,0,0.315653854412712,0.620249087395319,0,0,0,0.190358599957054,0.14311788705175,0,0.693740605540047,0,0,0
TMEM176A,0,0.732553145802018,0.176884260253382,0,0.691110156753275,0.724339703671892,0,0.738941378569895,0.686815546489156,0,0.0601245436976594,0.360639896929354,0,0,0.770936225037578,0.474822847326605,0,0.693525875026841,0.917275069787417,0,0,0,0.190358599957054,0.764762722782907,0,0.400203993987546,0,0,0
SGSM2,0,0.837502684131415,0.233251019969938,0,0.563506549280653,0.611928280008589,0,0.790315653854413,0.669153961777969,0,0.990551857418939,0.595394030491733,0,0,0.887159115310286,0.857150526089757,0,0.655142795791282,0.463871591153103,0,0,0,0.825209362250376,0.592226755421945,0,0.0679085248013743,0,0,0
CAMTA2,0,0.587395318874812,0.0267339488941379,0,0.687835516426884,0.94094910886837,0,0.666255099849689,0.845877174146446,0,0.516641614773459,0.835999570538974,0,0,0.646070431608332,0.663141507408203,0,0.609458879106721,0.236847756066137,0,0,0,0.55035430534679,0.924736955121323,0,0.262185956624436,0,0,0
C2,0,0.687030277002362,0.170012883830792,0,0.8623040584067,0.94889413785699,0,0.769862572471548,0.958288597809749,0,0.666362465106292,0.744953832939661,0,0,0.779310715052609,0.82064633884475,0,0.588468971440842,0.244363324028344,0,0,0,0.805346789778828,0.89166845608761,0,0.378677260038651,0,0,0
GRAMD1A,0,0.955765514279579,0.971601889628516,0,0.403371269057333,0.289349366544986,0,0.918402404981748,0.291013528022332,0,0.870249087395319,0.740390809534035,0,0,0.941754348292892,0.907290100923341,0,0.956839166845609,0.831651277646554,0,0,0,0.905840669959201,0.0383830792355594,0,0.926240068713764,0,0,0
HLA-DOB,0,0.412014172213872,0.662175220098776,0,0.605701095125617,0.525982392097917,0,0.489263474339704,0.412712046381791,0,0.471333476487009,0.624812110800945,0,0,0.345877174146446,0.489156109083101,0,0.646446210006442,0.764064848614988,0,0,0,0.511810178226326,0.391829503972514,0,0.767929997852695,0,0,0
TMCC1,0,0.382757139789564,0.40074082027056,0,0.622127979385871,0.392473695512132,0,0.479010092334121,0.568445351084389,0,0.419637105432682,0.339381576121967,0,0,0.500590508911316,0.360049388018037,0,0.381361391453726,0.786826283014816,0,0,0,0.303038436761864,0.66485935151385,0,0.165771956194975,0,0,0
RPS9,0,0.9021902512347,0.147519862572472,0,0.879321451578269,0.675864290315654,0,0.908739531887481,0.712905303843676,0,0.846306635172858,0.782209576980889,0,0,0.926347433970367,0.80652780760146,0,0.884582349151814,0.354573759931286,0,0,0,0.583100708610694,0.819304273137213,0,0.56377496242216,0,0,0
C1orf127,0,0.326390380073008,0.143654713334765,0,0.963120034356882,0.930105217951471,0,0.266265836375349,0.943794288168349,0,0.304219454584496,0.860961992699163,0,0,0.101406484861499,0.109619926991626,0,0.060070861069358,0.307816190680696,0,0,0,0.190358599957054,0.978795361820915,0,0.135333905948035,0,0,0
MT1L,0,0.389950611981963,0.757139789564097,0,0.241088683701954,0.249248443203779,0,0.589757354520077,0.291013528022332,0,0.920603392742109,0.548045952329826,0,0,0.557762508052394,0.678441056474125,0,0.635119175434829,0.145157826927206,0,0,0,0.813130770882542,0.12282585355379,0,0.786879965643118,0,0,0
IFI16,0,0.368155464891561,0.872718488297187,0,0.241088683701954,0.138984324672536,0,0.415396177796865,0.291013528022332,0,0.0954477131200344,0.89059480352158,0,0,0.357043160833154,0.437835516426884,0,0.835033283229547,0.605271634099205,0,0,0,0.562164483573116,0.16088683701954,0,0.982553145802018,0,0,0
RELL2,0,0.404874382649775,0.25542194545845,0,0.678548421730728,0.644674683272493,0,0.564097058191969,0.647412497315869,0,0.730030062271849,0.892688426025338,0,0,0.552931071505261,0.51014601674898,0,0.718166201417221,0.16448357311574,0,0,0,0.497745329611338,0.579987116169208,0,0.825585140648486,0,0,0
PRSS23,0,0.880609834657505,0.895479922697015,0,0.51014601674898,0.484646768305776,0,0.807333047025982,0.509448142581061,0,0.389521150955551,0.318230620571183,0,0,0.803951041442989,0.709362250375778,0,0.798421730727936,0.874006871376423,0,0,0,0.700289886192828,0.5507300837449,0,0.752415718273567,0,0,0
ESRRA,0,0.92462958986472,0.0589972085033283,0,0.866437620785914,0.976325960919047,0,0.951792999785269,0.815492806527808,0,0.969722997637964,0.79385870732231,0,0,0.934346145587288,0.964945243719132,0,0.801374275284518,0.748013742752845,0,0,0,0.935580846038222,0.908954262400687,0,0.0311896070431608,0,0,0
PSMG4,0,0.351513850118102,0.0664590938372343,0,0.659974232338415,0.763796435473481,0,0.338200558299334,0.771419368692291,0,0.77791496671677,0.88839381576122,0,0,0.343407773244578,0.25144943096414,0,0.308138286450505,0.0266802662658364,0,0,0,0.25907236418295,0.774962422160189,0,0.721226111230406,0,0,0
HLA-DPB1,0,0.036665235129912,0.324082027056045,0,0.241088683701954,0.160564741249732,0,0.159115310285592,0.291013528022332,0,0.176132703457161,0.651009233412068,0,0,0.139789564097058,0.128838307923556,0,0.501342065707537,0.270184668241357,0,0,0,0.216448357311574,0.121322739961349,0,0.886031780115955,0,0,0
PPL,0,0.99022976164913,0.944653210221172,0,0.952759287094696,0.901921838093193,0,0.973212368477561,0.923931715696801,0,0.629965643117887,0.575531458020185,0,0,0.952061412926777,0.939177582134421,0,0.955765514279579,0.989102426454799,0,0,0,0.884206570753704,0.944599527592871,0,0.508535537899936,0,0,0
HFE,0,0.730996349581275,0.0338200558299334,0,0.875778398110372,0.711133777109727,0,0.812701309856131,0.881737169851836,0,0.981425810607687,0.971709254885119,0,0,0.85253382005583,0.833583852265407,0,0.858653639682199,0.0734378355164269,0,0,0,0.797509126046811,0.903102855915826,0,0.63876959415933,0,0,0
CCDC84,0,0.627872020614129,0.0236740390809534,0,0.875671032853769,0.979385870732231,0,0.28875885763367,0.96703886622289,0,0.63442130126691,0.572578913463603,0,0,0.290798797509126,0.314043375563668,0,0.0191646983036289,0.0248013742752845,0,0,0,0.440519647841958,0.93660081597595,0,0.268627872020614,0,0,0
TIGIT,0,0.181017822632596,0.727238565600172,0,0.267339488941379,0.219454584496457,0,0.181984109942023,0.301750053682628,0,0.0973266051105862,0.291120893278935,0,0,0.165127764655358,0.163195190036504,0,0.379858277861284,0.463066351728581,0,0,0,0.268520506764011,0.313989692935366,0,0.732821558943526,0,0,0
HLA-DPA1,0,0.0359673609619927,0.30180373631093,0,0.241088683701954,0.167972943955336,0,0.165879321451578,0.291013528022332,0,0.185741893923126,0.692505905089113,0,0,0.147036718917758,0.134099205497101,0,0.5289886192828,0.257998711616921,0,0,0,0.224822847326605,0.11885333905948,0,0.89929138930642,0,0,0
ATP5G3,0,0.51014601674898,0.202705604466395,0,0.528559158256388,0.797240712905304,0,0.598883401331329,0.813452866652351,0,0.686869229117458,0.652780760146017,0,0,0.602748550569036,0.660242645479923,0,0.473963925273781,0.145050461670603,0,0,0,0.651385011810178,0.822042087180588,0,0.211402190251235,0,0,0
GCLC,0,0.935097702383509,0.662550998496886,0,0.63189821773674,0.566781189607043,0,0.914751986257247,0.584228043805025,0,0.300891131629805,0.552931071505261,0,0,0.877120463817909,0.902619712261112,0,0.80760146016749,0.344266695297402,0,0,0,0.898486149881898,0.57102211724286,0,0.771848829718703,0,0,0
DHX35,0,0.458986471977668,0.321558943525875,0,0.751556796220743,0.861445136353876,0,0.641614773459309,0.80110586214301,0,0.349903371269057,0.786611552501611,0,0,0.594964569465321,0.646338844749839,0,0.632327678763152,0.45071934721924,0,0,0,0.612894567318016,0.878677260038652,0,0.312486579342925,0,0,0
CCDC88C,0,0.00536826283014816,0.224554434185098,0,0.322793643976809,0.673502254670389,0,0.0197015245866438,0.476057547777539,0,0.647412497315869,0.983787846252953,0,0,0.101406484861499,0.109619926991626,0,0.733895211509556,0.197283659007945,0,0,0,0.190358599957054,0.591260468112519,0,0.981318445351084,0,0,0
CDKN2D,0,0.343085677474769,0.0135817049602749,0,0.85940519647842,0.797187030277002,0,0.325692505905089,0.730459523298261,0,0.815761219669315,0.994041228258536,0,0,0.301589005797724,0.295844964569465,0,0.644513635387589,0.0126154176508482,0,0,0,0.427045308138286,0.791604036933648,0,0.851191754348293,0,0,0
HAVCR2,0,0.221601889628516,0.328806098346575,0,0.303843676186386,0.335355378999356,0,0.203564526519218,0.421891775821344,0,0.275875026841314,0.667060339274211,0,0,0.274425595877174,0.249033712690573,0,0.390541120893279,0.0646875671032854,0,0,0,0.376315224393386,0.0989907665879321,0,0.963334764870088,0,0,0
ZNF140,0,0.286182091475199,0.239961348507623,0,0.241088683701954,0.336912175220099,0,0.425703242430749,0.291013528022332,0,0.956087610049388,0.920120249087395,0,0,0.473373416362465,0.578322954691862,0,0.736740390809534,0.0226540691432253,0,0,0,0.724769164698304,0.0281833798582779,0,0.974178655786987,0,0,0
FUBP1,0,0.614934507193472,0.0176615847111875,0,0.974554434185098,0.913678333691218,0,0.480996349581276,0.806903585999571,0,0.86520292033498,0.966824135709684,0,0,0.438318660081598,0.278129697229976,0,0.565439123899506,0.0111123040584067,0,0,0,0.257300837449002,0.938533390594804,0,0.610639896929354,0,0,0
CHD1L,0,0.69889413785699,0.224876529954907,0,0.916416147734593,0.856721065063346,0,0.53188748121108,0.925756925059051,0,0.530652780760146,0.755905089113163,0,0,0.594320377925703,0.602855915825639,0,0.0334979600601245,0.303736310929783,0,0,0,0.671891775821344,0.718810392956839,0,0.0341421515997423,0,0,0
CHN1,0,0.762830148164054,0.913195190036504,0,0.416201417221387,0.593676186386085,0,0.696263689070217,0.618960704316083,0,0.181447283659008,0.185419798153318,0,0,0.634528666523513,0.79165771956195,0,0.567854842173073,0.86160618423878,0,0,0,0.859512561735023,0.657075370410135,0,0.148486149881898,0,0,0
DPH1,0,0.608546274425596,0.268305776250805,0,0.736794073437836,0.887159115310286,0,0.681500966287309,0.907880609834657,0,0.901223963925274,0.958771741464462,0,0,0.812379214086322,0.825746188533391,0,0.782209576980889,0.0983465750483144,0,0,0,0.88189821773674,0.925327464032639,0,0.404176508481855,0,0,0
KPNA2,0,0.810392956839167,0.32644406270131,0,0.973480781619068,0.963549495383294,0,0.708825424092764,0.761112304058407,0,0.356130556152029,0.871859566244363,0,0,0.638018037363109,0.770936225037578,0,0.63549495383294,0.594481425810608,0,0,0,0.860693579557655,0.897519862572472,0,0.311842387803307,0,0,0
TMEM216,0,0.98368048099635,0.896177796864934,0,0.949162550998497,0.690734378355164,0,0.992216018896285,0.605540047240713,0,0.835999570538974,0.792087180588362,0,0,0.991410779471763,0.971655572256818,0,0.985452007730299,0.989692935366116,0,0,0,0.909168992913893,0.808621430105218,0,0.764709040154606,0,0,0
METTL3,0,0.0591582563882328,0.109673609619927,0,0.627925703242431,0.712207429675757,0,0.513366974447069,0.598668670818123,0,0.781780115954477,0.835570109512562,0,0,0.679192613270346,0.454101352802233,0,0.447444706892849,0.154605969508267,0,0,0,0.288383079235559,0.477614343998282,0,0.800407987975091,0,0,0
ARPC3,0,0.574887266480567,0.223802877388877,0,0.766587932145158,0.482445780545415,0,0.770238350869659,0.815975950182521,0,0.805829933433541,0.951685634528667,0,0,0.779525445565815,0.822364182950397,0,0.7934829289242,0.189445995275929,0,0,0,0.740873953188748,0.684614558728795,0,0.560607687352373,0,0,0
RANBP1,0,0.556098346575048,0.423878033068499,0,0.569894782048529,0.74167919261327,0,0.786343139360103,0.748121108009448,0,0.869229117457591,0.306259394459953,0,0,0.667704530813829,0.87572471548207,0,0.508267124758428,0.328000858922053,0,0,0,0.848239209791711,0.559372986901439,0,0.10398325101997,0,0,0
ALDH9A1,0,0.484163624651063,0.246671677045308,0,0.756495598024479,0.868584925917973,0,0.49022976164913,0.791765084818553,0,0.712636890702169,0.729654283873738,0,0,0.394621000644192,0.425542194545845,0,0.62389950611982,0.736096199269916,0,0,0,0.236847756066137,0.553414215159974,0,0.584979600601245,0,0,0
ZNF785,0,0.14746617994417,0.190841743611767,0,0.241088683701954,0.338522654069143,0,0.429192613270346,0.291013528022332,0,0.962529525445566,0.976325960919047,0,0,0.629160403693365,0.755099849688641,0,0.747852694867941,0.00611981962636891,0,0,0,0.870410135280223,0.00166416147734593,0,0.957698088898432,0,0,0
IL16,0,0.635817049602749,0.96124114236633,0,0.32826927206356,0.011810178226326,0,0.83369121752201,0.340401546059695,0,0.799978526948679,0.976594374060554,0,0,0.910296328108224,0.878194116383938,0,0.977453296113378,0.908041657719562,0,0,0,0.82316942237492,0.00209362250375778,0,0.994255958771741,0,0,0
ARL5B,0,0.97643332617565,0.501127335194331,0,0.874758428172643,0.68225252308353,0,0.982553145802018,0.545093407773245,0,0.809211939016534,0.928655786987331,0,0,0.964569465321022,0.974930212583208,0,0.985827786128409,0.817532746403264,0,0,0,0.966340992054971,0.609673609619927,0,0.943364827141937,0,0,0
TRA2A,0,0.229278505475628,0.0684453510843891,0,0.55545415503543,0.735076229332188,0,0.280974876529955,0.670120249087395,0,0.706946532102212,0.817640111659867,0,0,0.330040798797509,0.315868584925918,0,0.488672965428387,0.0441271204638179,0,0,0,0.328645050461671,0.545039725144943,0,0.903156538544127,0,0,0
TBPL1,0,0.636514923770668,0.578054541550354,0,0.53296113377711,0.407826927206356,0,0.820807386729654,0.602694867940734,0,0.944814258106077,0.664054112089328,0,0,0.849151814472837,0.783766373201632,0,0.718541979815332,0.657558514064849,0,0,0,0.684560876100494,0.556259394459953,0,0.19239853983251,0,0,0
WDR27,0,0.562969722997638,0.0782155894352587,0,0.498335838522654,0.659705819196908,0,0.369497530599098,0.488834013313292,0,0.824082027056045,0.477560661369981,0,0,0.553951041442989,0.533605325316728,0,0.0371483787846253,0.190680695726863,0,0,0,0.653049173287524,0.583583852265407,0,0.0794502898861928,0,0,0
IPO11,0,0.522439338630019,0.320538973588147,0,0.551964784195834,0.744417006656646,0,0.395855701095126,0.567908524801374,0,0.956624436332403,0.850977023835087,0,0,0.338254240927636,0.408149022976165,0,0.462529525445566,0.275123470045093,0,0,0,0.532316942237492,0.747637964354735,0,0.700934077732446,0,0,0
TLCD1,0,0.954155035430535,0.620195404767017,0,0.938479707966502,0.904069143225252,0,0.961724286021044,0.93949967790423,0,0.973588146875671,0.906377496242216,0,0,0.967790423019111,0.980835301696371,0,0.943955336053253,0.598078161906807,0,0,0,0.987008803951041,0.824082027056045,0,0.819841099420228,0,0,0
PPP1R3B,0,0.736310929783122,0.805990981318445,0,0.554595232982607,0.613699806742538,0,0.638340133132918,0.601674898003006,0,0.719132488726648,0.346950826712476,0,0,0.629106721065063,0.621591153102856,0,0.501127335194331,0.889896929353661,0,0,0,0.552823706248658,0.479922697015246,0,0.128408846897144,0,0,0
MICAL3,0,0.960167489800301,0.425327464032639,0,0.912819411638394,0.859995705389736,0,0.932037792570324,0.807708825424093,0,0.90181447283659,0.953886622289027,0,0,0.919315009662873,0.931554648915611,0,0.958610693579558,0.886675971655572,0,0,0,0.93660081597595,0.912980459523298,0,0.708449645694653,0,0,0
ABCC1,0,0.795093407773245,0.608922052823706,0,0.643869443847971,0.48657934292463,0,0.825585140648486,0.358116813399184,0,0.254455658149023,0.829611337771097,0,0,0.801911101567533,0.788705175005368,0,0.942076444062701,0.893225252308353,0,0,0,0.777968649345072,0.470474554434185,0,0.98512991196049,0,0,0
PLA2G6,0,0.869497530599098,0.830846038222031,0,0.705389735881469,0.83911316298046,0,0.837663732016319,0.857150526089757,0,0.817425381146661,0.907021687781834,0,0,0.712744255958772,0.887856989478205,0,0.904605969508267,0.900150311359244,0,0,0,0.900203993987546,0.86123040584067,0,0.420871805883616,0,0,0
NXT1,0,0.97970796650204,0.0866437620785914,0,0.776143439982822,0.8442130126691,0,0.955175005368263,0.598131844535108,0,0.976057547777539,0.686117672321237,0,0,0.970796650203994,0.938801803736311,0,0.844266695297402,0.28585999570539,0,0,0,0.944599527592871,0.906860639896929,0,0.281404337556367,0,0,0
MBNL2,0,0.814204423448572,0.342173072793644,0,0.829235559372987,0.941593300407988,0,0.614451363538759,0.946210006441915,0,0.343568821129483,0.509984968864076,0,0,0.486901438694438,0.60070861069358,0,0.478795361820915,0.788007300837449,0,0,0,0.692720635602319,0.98695512132274,0,0.0790745114880825,0,0,0
ORAI3,0,0.716448357311574,0.048153317586429,0,0.718273566673824,0.885441271204638,0,0.628838307923556,0.926615847111875,0,0.920818123255315,0.925166416147735,0,0,0.552286879965643,0.707322310500322,0,0.521043590294181,0.123255314580202,0,0,0,0.738726648056689,0.907021687781834,0,0.145211509555508,0,0,0
TMEM91,0,0.920227614343998,0.514816405411209,0,0.591153102855916,0.714247369551213,0,0.935366115525016,0.61412926776895,0,0.594159330040799,0.871644835731157,0,0,0.922697015245866,0.967146231479493,0,0.904659652136569,0.300246940090187,0,0,0,0.958664376207859,0.524318230620571,0,0.70689284947391,0,0,0
GPR65,0,0.420925488511918,0.431662014172214,0,0.345125617350225,0.363324028344428,0,0.354842173072794,0.62717414644621,0,0.201524586643762,0.245114880824565,0,0,0.434560876100494,0.29455658149023,0,0.279525445565815,0.331597595018252,0,0,0,0.190358599957054,0.183809319304273,0,0.678816834872235,0,0,0
PDE10A,0,0.386783336912175,0.870410135280223,0,0.420388662228903,0.0176615847111875,0,0.465321022117243,0.511756495598024,0,0.479546918617135,0.407719561949753,0,0,0.432467253596736,0.401277646553575,0,0.609136783336912,0.745222246081168,0,0,0,0.495329611337771,0.438533390594804,0,0.727721709254885,0,0,0
DCLK3,0,0.558191969078806,0.800407987975091,0,0.72643332617565,0.490659222675542,0,0.672160188962852,0.61160618423878,0,0.0519111015675327,0.439982821558944,0,0,0.398271419368692,0.636837019540477,0,0.626583637534894,0.844857204208718,0,0,0,0.535269486794073,0.55470259823921,0,0.247691646983036,0,0,0
ANKRD23,0,0.544824994631737,0.437083959630664,0,0.856184238780331,0.649774532961134,0,0.609673609619927,0.643225252308353,0,0.832939660725789,0.49817479063775,0,0,0.583852265406914,0.60725789134636,0,0.413570968434615,0.548099634958128,0,0,0,0.581597595018252,0.697176293751342,0,0.107741035001074,0,0,0
NBR1,0,0.734861498818982,0.0750483143654713,0,0.927260038651492,0.726970152458664,0,0.562164483573116,0.812754992484432,0,0.619068069572686,0.858224178655787,0,0,0.568928494739102,0.345071934721924,0,0.460060124543698,0.0407451148808246,0,0,0,0.346199269916255,0.845877174146446,0,0.399237706678119,0,0,0
ZFP2,0,0.171193901653425,0.580201846682414,0,0.308084603822203,0.28875885763367,0,0.0251234700450934,0.430266265836375,0,0.558191969078806,0.218219884045523,0,0,0.150150311359244,0.109619926991626,0,0.0795576551427958,0.358009448142581,0,0,0,0.190358599957054,0.329289242001288,0,0.394782048529096,0,0,0
POLR3F,0,0.295254455658149,0.143762078591368,0,0.605862143010522,0.735613055615203,0,0.554917328752416,0.668563452866652,0,0.792785054756281,0.782424307494095,0,0,0.550676401116599,0.546542838737385,0,0.503543053467898,0.15143869443848,0,0,0,0.433433540906163,0.608438909168993,0,0.250107365256603,0,0,0
DNTTIP1,0,0.858653639682199,0.192989048743826,0,0.864827141936869,0.666201417221387,0,0.779418080309212,0.780115954477131,0,0.985827786128409,0.85543268198411,0,0,0.791711402190251,0.896929353661155,0,0.684399828215589,0.108063130770883,0,0,0,0.953940304917329,0.672374919476058,0,0.399398754563023,0,0,0
ALKBH3,0,0.606291604036934,0.501181017822633,0,0.680480996349581,0.615471333476487,0,0.811573974661799,0.629160403693365,0,0.706033927421087,0.794610264118531,0,0,0.840777324457806,0.651116598668671,0,0.830577625080524,0.797025982392098,0,0,0,0.407558514064849,0.483251019969938,0,0.827249302125832,0,0,0
UPB1,0,0.81812325531458,0.213978956409706,0,0.945995275928709,0.954101352802233,0,0.714998926347434,0.945995275928709,0,0.672858063130771,0.827088254240928,0,0,0.707322310500322,0.729815331758643,0,0.679783122181662,0.685956624436332,0,0,0,0.791926132703457,0.958073867296543,0,0.266695297401761,0,0,0
SLAMF8,0,0.864880824565171,0.926347433970367,0,0.466018896285162,0.517554219454584,0,0.824028344427743,0.455765514279579,0,0.191271204638179,0.26631951900365,0,0,0.814204423448572,0.778290745114881,0,0.798153317586429,0.915986686708181,0,0,0,0.775552931071505,0.593890916899291,0,0.59276358170496,0,0,0
UNC50,0,0.504026197122611,0.445190036504187,0,0.47863431393601,0.576336697444707,0,0.614666094051965,0.594481425810608,0,0.496403263903801,0.49962422160189,0,0,0.651653424951686,0.709254885119175,0,0.536772600386515,0.278183379858278,0,0,0,0.708503328322955,0.50107365256603,0,0.204047670173932,0,0,0
ZBTB38,0,0.77356667382435,0.84346145587288,0,0.670549710113807,0.655733304702598,0,0.867940734378355,0.531243289671462,0,0.737008803951041,0.923394889413786,0,0,0.77319089542624,0.909705819196908,0,0.934507193472192,0.753489370839596,0,0,0,0.907075370410135,0.524908739531887,0,0.925971655572257,0,0,0
RELB,0,0.498067425381147,0.0493343354090616,0,0.878784625295254,0.966179944170067,0,0.665986686708181,0.809372986901439,0,0.66158471118746,0.879106721065063,0,0,0.660081597595018,0.531780115954477,0,0.579933433540906,0.172858063130771,0,0,0,0.443686922911746,0.808138286450505,0,0.612035645265192,0,0,0
ZFP36L1,0,0.997423233841529,0.997906377496242,0,0.729815331758643,0.901009233412068,0,0.984270989907666,0.926132703457161,0,0.307708825424093,0.666201417221387,0,0,0.993504401975521,0.998657934292463,0,0.968058836160618,0.983573115739747,0,0,0,0.99962422160189,0.927850547562809,0,0.114612411423663,0,0,0
SLC27A5,0,0.737116169207644,0.0361820914751986,0,0.83659007945029,0.973266051105862,0,0.604144298904874,0.981640541120893,0,0.93225252308353,0.883616061842388,0,0,0.745705389735882,0.821773674039081,0,0.347272922482285,0.0502469400901868,0,0,0,0.87389950611982,0.804326819841099,0,0.176669529740176,0,0,0
COQ5,0,0.77211724286021,0.0680158900579772,0,0.961402190251235,0.961831651277647,0,0.895318874812111,0.900526089757354,0,0.698464676830578,0.903800730083745,0,0,0.94239853983251,0.850118101782263,0,0.704584496456947,0.191539617779687,0,0,0,0.689445995275929,0.848346575048314,0,0.178548421730728,0,0,0
SLC39A1,0,0.539725144943096,0.0675327464032639,0,0.858224178655787,0.597970796650204,0,0.848829718703028,0.904176508481855,0,0.958771741464462,0.96048958557011,0,0,0.898217736740391,0.926401116598669,0,0.816566459093837,0.0292570324243075,0,0,0,0.91378569894782,0.888232767876315,0,0.278720206141293,0,0,0
CHSY1,0,0.592548851191754,0.57537041013528,0,0.720581919690788,0.414644621000644,0,0.704316083315439,0.410564741249732,0,0.57354520077303,0.835033283229547,0,0,0.782746403263904,0.496510629160404,0,0.839327893493665,0.40508911316298,0,0,0,0.468166201417221,0.430856774747692,0,0.961724286021044,0,0,0
NINJ2,0,0.680964140004295,0.3876959415933,0,0.488834013313292,0.536718917758213,0,0.572739961348508,0.548475413356238,0,0.365632381361391,0.486525660296328,0,0,0.593515138501181,0.492108653639682,0,0.581060768735237,0.297884904444922,0,0,0,0.454101352802233,0.154069143225252,0,0.894782048529096,0,0,0
TXNRD1,0,0.967683057762508,0.154498604251664,0,0.880341421515997,0.969293536611552,0,0.869980674253811,0.96558943525875,0,0.92462958986472,0.864075585140649,0,0,0.829987116169208,0.931017822632596,0,0.746456946532102,0.219830362894567,0,0,0,0.975950182520936,0.988243504401976,0,0.0844964569465321,0,0,0
MATR3,0,0.669100279149667,0.329020828859781,0,0.555722568176938,0.584120678548422,0,0.624060554004724,0.590079450289886,0,0.573115739746618,0.933057762508052,0,0,0.671784410564741,0.721333476487009,0,0.750322095769809,0.20834228043805,0,0,0,0.761273351943311,0.539295683916685,0,0.575477775391883,0,0,0
FLJ10038,0,0.438533390594804,0.873040584066996,0,0.241088683701954,0.227668026626584,0,0.408900579772386,0.291013528022332,0,0.844427743182306,0.282424307494095,0,0,0.440627013098561,0.538919905518574,0,0.495705389735881,0.427850547562809,0,0,0,0.687567103285377,0.108438909168993,0,0.639038007300837,0,0,0
APEX1,0,0.546167060339274,0.00182520936225038,0,0.981586858492592,0.958557010951256,0,0.712153747047455,0.997745329611338,0,0.794180803092119,0.947659437406055,0,0,0.610586214301052,0.569626368907022,0,0.466233626798368,0.0373631092978312,0,0,0,0.338200558299334,0.979171140219025,0,0.0554004724071291,0,0,0
RPTOR,0,0.919905518574189,0.734002576766158,0,0.957644406270131,0.63189821773674,0,0.956839166845609,0.674146446210006,0,0.798099634958128,0.780277002362036,0,0,0.967736740390809,0.921462314794932,0,0.933272493021258,0.896446210006442,0,0,0,0.837878462529525,0.67645479922697,0,0.734163624651063,0,0,0
PDCD11,0,0.544449216233627,0.112143010521795,0,0.788275713978956,0.89929138930642,0,0.590240498174791,0.839649989263474,0,0.704369765943741,0.902297616491303,0,0,0.608170496027486,0.669422374919476,0,0.504401975520722,0.0443955336053253,0,0,0,0.780760146016749,0.765353231694224,0,0.825531458020185,0,0,0
IKZF1,0,0.0188962851621215,0.212744255958772,0,0.241088683701954,0.326121966931501,0,0.021956194975306,0.291013528022332,0,0.454745544341851,0.692291174575907,0,0,0.222997637964355,0.109619926991626,0,0.476111230405841,0.149828215589435,0,0,0,0.190358599957054,0.127281511702813,0,0.933648271419369,0,0,0
DCAKD,0,0.631361391453726,0.726111230405841,0,0.787148378784625,0.728312218166201,0,0.873792140863217,0.756710328537685,0,0.86810178226326,0.813452866652351,0,0,0.885548636461241,0.880717199914108,0,0.8478097487653,0.898325101996994,0,0,0,0.768681554648916,0.431500966287309,0,0.477399613485076,0,0,0
ARNTL,0,0.851621215374705,0.00134206570753704,0,0.964569465321022,0.974769164698304,0,0.759716555722568,1,0,0.644084174361177,0.832080738672965,0,0,0.704423448572042,0.699538329396607,0,0.627710972729225,0.307655142795791,0,0,0,0.568337985827786,0.98512991196049,0,0.129858277861284,0,0,0
CTNNBL1,0,0.89456731801589,0.940788060983466,0,0.551159544771312,0.48947820485291,0,0.870141722138716,0.528183379858278,0,0.585784840025768,0.33841528881254,0,0,0.842226755421945,0.795308138286451,0,0.798851191754348,0.969347219239854,0,0,0,0.60398325101997,0.461348507622933,0,0.208932789349367,0,0,0
TMEM38B,0,0.917006656645909,0.960382220313507,0,0.612518788919906,0.439177582134421,0,0.881254026197123,0.291013528022332,0,0.670710757998712,0.184077732445781,0,0,0.889413785698948,0.744148593515139,0,0.870249087395319,0.9710113807172,0,0,0,0.624006871376423,0.43370195404767,0,0.79310715052609,0,0,0
QPRT,0,0.0200773029847541,0.0786987330899721,0,0.241088683701954,0.314419153961778,0,0.121054326819841,0.291013528022332,0,0.634743397036719,0.956463388447498,0,0,0.127388876959416,0.143225252308353,0,0.586751127335194,0.0228687996564312,0,0,0,0.238297187030277,0.0752630448786773,0,0.982123684775607,0,0,0
IGDCC3,0,0.730459523298261,0.860425166416148,0,0.527324457805454,0.558997208503328,0,0.648700880395104,0.593139360103071,0,0.391024264547992,0.439016534249517,0,0,0.680212583208074,0.746779042301911,0,0.650901868155465,0.818982177367404,0,0,0,0.810715052608976,0.481962636890702,0,0.605915825638823,0,0,0
CPEB4,0,0.698249946317372,0.214086321666309,0,0.710113807171999,0.852963281082242,0,0.652512347004509,0.81812325531458,0,0.345071934721924,0.340240498174791,0,0,0.610908310070861,0.624328967146231,0,0.357096843461456,0.303521580416577,0,0,0,0.568821129482499,0.93622503757784,0,0.114236633025553,0,0,0
ZNF365,0,0.502845179299979,0.926937942881684,0,0.31194975305991,0.248282155894353,0,0.710060124543698,0.291013528022332,0,0.647519862572472,0.660725789134636,0,0,0.693525875026841,0.652727077517715,0,0.866544986042517,0.800569035859996,0,0,0,0.694760575477775,0.144137856989478,0,0.958234915181447,0,0,0
CMIP,0,0.935688211294825,0.125939445995276,0,0.879589864719777,0.983089972085033,0,0.890326390380073,0.913141507408203,0,0.507837663732016,0.86665235129912,0,0,0.937191324887267,0.877710972729225,0,0.835355378999356,0.707107579987116,0,0,0,0.892581060768735,0.988565600171784,0,0.263366974447069,0,0,0
HAP1,0,0.539778827571398,0.30035430534679,0,0.65433755636676,0.615525016104788,0,0.444975305990981,0.437030277002362,0,0.849957053897359,0.70399398754563,0,0,0.48368048099635,0.550407987975091,0,0.517661584711188,0.220152458664376,0,0,0,0.6340455228688,0.47283659007945,0,0.641400042946103,0,0,0
CDC25A,0,0.798475413356238,0.145050461670603,0,0.76304487867726,0.830738672965428,0,0.74747691646983,0.789993558084604,0,0.582939660725789,0.844427743182306,0,0,0.742269701524587,0.76159544771312,0,0.776733948894138,0.224661799441701,0,0,0,0.795844964569465,0.764709040154606,0,0.828484002576766,0,0,0
ADAMTS15,0,0.795308138286451,0.49312862357741,0,0.780706463388448,0.835355378999356,0,0.571773674039081,0.822149452437191,0,0.528344427743182,0.431071505260898,0,0,0.553038436761864,0.673019111015675,0,0.472997637964355,0.444170066566459,0,0,0,0.796650203993988,0.762454369765944,0,0.370732231050032,0,0,0
FCGR2B,0,0.0164268842602534,0.520560446639467,0,0.241088683701954,0.187942881683487,0,0.146929353661155,0.291013528022332,0,0.24855056903586,0.428870517500537,0,0,0.162819411638394,0.187298690143869,0,0.304541550354305,0.26121966931501,0,0,0,0.298743826497745,0.104734807816191,0,0.735076229332188,0,0,0
RPLP2,0,0.96558943525875,0.309856130556152,0,0.973963925273781,0.994953832939661,0,0.813077088254241,0.979493235988834,0,0.850118101782263,0.519755207214945,0,0,0.830470259823921,0.909920549710114,0,0.466770453081383,0.898861928280009,0,0,0,0.964623147949324,0.997423233841529,0,0.00268413141507408,0,0,0
VWA3B,0,0.0544341850977024,0.304165771956195,0,0.241088683701954,0.00220098776036075,0,0.0403693364827142,0.784947391024265,0,0.411155250161048,0.143654713334765,0,0,0.101406484861499,0.109619926991626,0,0.182091475198626,0.450665664590938,0,0,0,0.190358599957054,0.44239853983251,0,0.264655357526304,0,0,0
HAR1A,0,0.419315009662873,0.907719561949753,0,0.241088683701954,0.256012454369766,0,0.527485505690359,0.291013528022332,0,0.742430749409491,0.505099849688641,0,0,0.41051105862143,0.501127335194331,0,0.666845608761005,0.698410994202276,0,0,0,0.6340455228688,0.167006656645909,0,0.873470045093408,0,0,0
RS1,0,0.0354842173072794,0.280384367618639,0,0.386139145372557,0.490551857418939,0,0.013259609190466,0.5,0,0.649345071934722,0.499463173716985,0,0,0.101406484861499,0.109619926991626,0,0.0390272707751772,0.155035430534679,0,0,0,0.190358599957054,0.398003006227185,0,0.377227829074511,0,0,0
CLEC10A,0,0.248389521150956,0.659491088683702,0,0.241088683701954,0.209147519862572,0,0.289725144943096,0.291013528022332,0,0.317103285376852,0.40143869443848,0,0,0.293321881039296,0.357150526089757,0,0.459362250375778,0.303038436761864,0,0,0,0.486740390809534,0.11015675327464,0,0.807655142795791,0,0,0
AHNAK2,0,0.616222890272708,0.871430105217952,0,0.241088683701954,0.265514279579128,0,0.566995920120249,0.291013528022332,0,0.748765299549066,0.433004079879751,0,0,0.612357741035001,0.738726648056689,0,0.603714837878463,0.262508052394245,0,0,0,0.857043160833154,0.113592441485935,0,0.732553145802018,0,0,0
RELL1,0,0.899667167704531,0.959040154605969,0,0.842173072793644,0.66593300407988,0,0.794610264118531,0.688694438479708,0,0.964193686922912,0.54675756925059,0,0,0.842602533820056,0.902297616491303,0,0.719400901868155,0.916899291389306,0,0,0,0.955336053253167,0.6521902512347,0,0.0941056474124973,0,0,0
RNASE4,0,0.728902727077518,0.158846897144084,0,0.961133777109727,0.899237706678119,0,0.826068284303199,0.948947820485291,0,0.987760360747262,0.997530599098132,0,0,0.96956194975306,0.940465965213657,0,0.837180588361606,0.0370410135280223,0,0,0,0.963173716985184,0.517285806313077,0,0.954745544341851,0,0,0
KDM1B,0,0.64021902512347,0.170979171140219,0,0.586858492591797,0.855915825638823,0,0.582402834442774,0.808084603822203,0,0.789188318660082,0.872718488297187,0,0,0.408632166630878,0.499141077947176,0,0.680051535323169,0.558353016963711,0,0,0,0.63007300837449,0.854305346789779,0,0.710919046596521,0,0,0
SNX20,0,0.770453081382865,0.450075155679622,0,0.84346145587288,0.764709040154606,0,0.661262615417651,0.789242001288383,0,0.321773674039081,0.699914107794718,0,0,0.592978312218166,0.381307708825424,0,0.569680051535323,0.884850762293322,0,0,0,0.222407129053038,0.866383938157612,0,0.323974661799442,0,0,0
MOCS1,0,0.938962851621215,0.389091689929139,0,0.965965213656861,0.871537470474554,0,0.833583852265407,0.926401116598669,0,0.595877174146446,0.489961348507623,0,0,0.816136998067425,0.73588146875671,0,0.664537255744041,0.942828000858922,0,0,0,0.711294824994632,0.978902727077518,0,0.0284517929997853,0,0,0
NAV2,0,0.836643762078591,0.827410350010736,0,0.371269057333047,0.472621859566244,0,0.800891131629805,0.457053897358815,0,0.68332617564956,0.660350010736526,0,0,0.780277002362036,0.901331329181877,0,0.896660940519648,0.848883401331329,0,0,0,0.952598239209792,0.62610049388018,0,0.461992699162551,0,0,0
PEX12,0,0.874382649774533,0.208503328322955,0,0.783605325316728,0.720796650203994,0,0.974661799441701,0.855540047240713,0,0.989424522224608,0.955926562164484,0,0,0.969454584496457,0.953671891775821,0,0.958181232553146,0.804219454584497,0,0,0,0.845071934721924,0.813721279793859,0,0.313130770882542,0,0,0
HLA-DOA,0,0.372986901438694,0.0586751127335194,0,0.488297187030277,0.596950826712476,0,0.507193472192399,0.599796006012454,0,0.567371698518359,0.871591153102856,0,0,0.391829503972514,0.469400901868155,0,0.565707537041014,0.0188962851621215,0,0,0,0.505099849688641,0.67173072793644,0,0.736740390809534,0,0,0
KLHL20,0,0.0154069143225252,0.197068928494739,0,0.426669529740176,0.443740605540047,0,0.343729869014387,0.669690788060983,0,0.652941808030921,0.553789993558085,0,0,0.352104359029418,0.345555078376637,0,0.27646553575263,0.221279793858707,0,0,0,0.190358599957054,0.583208073867297,0,0.252093622503758,0,0,0
SIRPG,0,0.145802018466824,0.536289456731802,0,0.241088683701954,0.209952759287095,0,0.170603392742109,0.291013528022332,0,0.149667167704531,0.507461885333906,0,0,0.112518788919906,0.124060554004724,0,0.396285162121537,0.296435473480782,0,0,0,0.207859136783337,0.300193257461885,0,0.871161692076444,0,0,0
BID,0,0.875993128623577,0.363860854627443,0,0.887373845823492,0.89601674898003,0,0.615095555078377,0.96703886622289,0,0.43805024694009,0.965643117887052,0,0,0.646177796864934,0.570002147305132,0,0.469347219239854,0.433272493021258,0,0,0,0.571129482499463,0.88587073223105,0,0.283927421086536,0,0,0
IFT27,0,0.771848829718703,0.818928494739102,0,0.456033927421087,0.00434829289242001,0,0.814204423448572,0.291013528022332,0,0.880287738887696,0.820485290959845,0,0,0.829503972514494,0.908524801374275,0,0.921677045308138,0.164215159974232,0,0,0,0.931071505260898,0.0289349366544986,0,0.929675756925059,0,0,0
CABLES2,0,0.898593515138501,0.0373094266695297,0,0.955926562164484,0.987599312862358,0,0.617726003865149,0.994631737169852,0,0.938264977453296,0.551696371054327,0,0,0.617833369121752,0.741732875241572,0,0.0115417650848186,0.11160618423878,0,0,0,0.764225896499893,0.99092763581705,0,0.000912604681125188,0,0,0
AP3M2,0,0.523674039080953,0.192291174575907,0,0.465482070002147,0.0117564955980245,0,0.731425810607687,0.971440841743612,0,0.757998711616921,0.93332617564956,0,0,0.66920764440627,0.811735022546704,0,0.919315009662873,0.221601889628516,0,0,0,0.775875026841314,0.0849796006012454,0,0.971709254885119,0,0,0
ILVBL,0,0.844427743182306,0.835409061627657,0,0.513903800730084,0.638286450504617,0,0.684399828215589,0.684936654498604,0,0.594749838952115,0.252952544556582,0,0,0.722031350654928,0.856613699806743,0,0.290261971226111,0.390916899291389,0,0,0,0.923341206785484,0.534356882112948,0,0.0322632596091905,0,0,0
PC,0,0.999087395318875,0.995436976594374,0,0.862518788919906,0.847970796650204,0,0.999087395318875,0.841582563882328,0,0.685527163409921,0.525284517929998,0,0,0.997960060124544,0.999355808460382,0,0.995866437620786,0.991947605754778,0,0,0,0.998711616920764,0.861981962636891,0,0.685956624436332,0,0,0
RNF207,0,0.620624865793429,0.245544341850977,0,0.723051320592656,0.714945243719132,0,0.579450289886193,0.757998711616921,0,0.992001288383079,0.572901009233412,0,0,0.529740176079021,0.675703242430749,0,0.303467897788276,0.111767232123685,0,0,0,0.698518359458879,0.663463603178012,0,0.105271634099205,0,0,0
DNAJC13,0,0.456302340562594,0.216179944170067,0,0.699162550998497,0.885978097487653,0,0.195619497530599,0.844535108438909,0,0.267339488941379,0.480298475413356,0,0,0.301481640541121,0.109619926991626,0,0.0814365471333477,0.465106291604037,0,0,0,0.190358599957054,0.97353446424737,0,0.150472407129053,0,0,0
TTLL3,0,0.383777109727292,0.765675327464033,0,0.241088683701954,0.122342709899077,0,0.321236847756066,0.291013528022332,0,0.583744900150311,0.129589864719777,0,0,0.372289027270775,0.454584496456947,0,0.288812540261971,0.317586429031565,0,0,0,0.580738672965428,0.0901331329181877,0,0.293697659437406,0,0,0
TPMT,0,0.638071719991411,0.169744470689285,0,0.58803951041443,0.857043160833154,0,0.578967146231479,0.809372986901439,0,0.785001073652566,0.869658578484003,0,0,0.405357526304488,0.493933863001933,0,0.673233841528881,0.551964784195834,0,0,0,0.622289027270775,0.855056903586,0,0.703671891775821,0,0,0
GPS1,0,0.945351084389092,0.179299978526949,0,0.974930212583208,0.90433755636676,0,0.865149237706678,0.97863431393601,0,0.407397466179944,0.745007515567962,0,0,0.887749624221602,0.81774747691647,0,0.806044663946747,0.658471118745974,0,0,0,0.793697659437406,0.921086536396822,0,0.634206570753704,0,0,0
DIABLO,0,0.435688211294825,0.396499892634743,0,0.405142795791282,0.312593944599528,0,0.593139360103071,0.769969937728151,0,0.727829074511488,0.444653210221172,0,0,0.47718488297187,0.653049173287524,0,0.551159544771312,0.23298260682843,0,0,0,0.622289027270775,0.385011810178226,0,0.456302340562594,0,0,0
KIF16B,0,0.655035430534679,0.852050676401117,0,0.677474769164698,0.419476057547778,0,0.625241571827357,0.455550783766373,0,0.456785484217307,0.355110586214301,0,0,0.589327893493665,0.721494524371913,0,0.447766802662658,0.859190465965214,0,0,0,0.749731586858493,0.147251449430964,0,0.0834228043805025,0,0,0
CHD5,0,0.452115095555078,0.240981318445351,0,0.721333476487009,0.733036289456732,0,0.412336267983681,0.686815546489156,0,0.873470045093408,0.439875456302341,0,0,0.314365471333476,0.413356237921409,0,0.107204208718059,0.273512991196049,0,0,0,0.42897788275714,0.682950397251449,0,0.120410135280223,0,0,0
RPL37A,0,0.337449001503114,0.378838307923556,0,0.440143869443848,0.511165986686708,0,0.72643332617565,0.530867511273352,0,0.319250590508911,0.325424092763582,0,0,0.496940090186816,0.651385011810178,0,0.712261112304058,0.576980888984325,0,0,0,0.38007300837449,0.374436332402834,0,0.61992699162551,0,0,0
STXBP4,0,0.515138501181018,0.21558943525875,0,0.905572256817694,0.532531672750698,0,0.29058406699592,0.89311788705175,0,0.762024908739532,0.699377281511703,0,0,0.438264977453296,0.337395318874812,0,0.0334442774318231,0.115739746617994,0,0,0,0.447229976379644,0.829772385656002,0,0.0970581919690788,0,0,0
SAP30BP,0,0.901116598668671,0.356291604036934,0,0.931500966287309,0.908363753489371,0,0.681071505260898,0.915074082027056,0,0.827625080523942,0.8442130126691,0,0,0.71193901653425,0.755475628086751,0,0.458234915181447,0.376529954906592,0,0,0,0.849742323384153,0.900526089757354,0,0.145533605325317,0,0,0
HEMK1,0,0.767500536826283,0.728419583422804,0,0.515299549065922,0.570700021473051,0,0.584872235344642,0.648754563023406,0,0.779579128194116,0.954960274855057,0,0,0.611874597380288,0.706463388447498,0,0.823598883401331,0.247691646983036,0,0,0,0.817532746403264,0.578698733089972,0,0.901009233412068,0,0,0
MEA1,0,0.307064633884475,0.123684775606614,0,0.906484861498819,0.855003220957698,0,0.62175220098776,0.847702383508697,0,0.618262830148164,0.584872235344642,0,0,0.578215589435259,0.675112733519433,0,0.115739746617994,0.652351299119605,0,0,0,0.460382220313507,0.832671247584282,0,0.0224930212583208,0,0,0
PYROXD2,0,0.563506549280653,0.206624436332403,0,0.618692291174576,0.612948249946317,0,0.187137642258965,0.936922911745759,0,0.834979600601245,0.360264118531243,0,0,0.18187674468542,0.186815546489156,0,0.0866974447068928,0.364612411423663,0,0,0,0.284249516856345,0.778720206141293,0,0.180910457375993,0,0,0
C4orf46,0,0.67210650633455,0.54675756925059,0,0.650418724500752,0.583422804380502,0,0.695028988619283,0.543214515782693,0,0.938372342709899,0.687352372772171,0,0,0.684990337126906,0.794878677260039,0,0.674736955121323,0.25,0,0,0,0.893869443847971,0.611445136353876,0,0.298636461241142,0,0,0
RNASEH2A,0,0.731908954262401,0.0270023620356453,0,0.795683916684561,0.772170925488512,0,0.796918617135495,0.837341636246511,0,0.955658149022976,0.949216233626798,0,0,0.77136568606399,0.732392097917114,0,0.658471118745974,0.0201846682413571,0,0,0,0.578322954691862,0.62899935580846,0,0.260951256173502,0,0,0
OSGEPL1,0,0.0350547562808675,0.0827786128408847,0,0.795630234056259,0.929729439553361,0,0.328054541550354,0.726111230405841,0,0.725520721494524,0.9130341421516,0,0,0.229654283873738,0.326873523727722,0,0.382059265621645,0.177796864934507,0,0,0,0.361337771097273,0.832456517071076,0,0.753650418724501,0,0,0
TM9SF4,0,0.686117672321237,0.304863646124114,0,0.919851835945888,0.892688426025338,0,0.878784625295254,0.91378569894782,0,0.827464032639038,0.797562808675113,0,0,0.845716126261542,0.716448357311574,0,0.829289242001288,0.864236633025553,0,0,0,0.381092978312218,0.79203349796006,0,0.545308138286451,0,0,0
PRKRIP1,0,0.659920549710114,0.192828000858922,0,0.557010951256174,0.661799441700666,0,0.728312218166201,0.593515138501181,0,0.965535752630449,0.98153317586429,0,0,0.729546918617135,0.792624006871376,0,0.845984539403049,0.052608975735452,0,0,0,0.734807816190681,0.137749624221602,0,0.896231479493236,0,0,0
PROSC,0,0.52029203349796,0.298421730727936,0,0.46483787846253,0.465535752630449,0,0.549763796435473,0.667919261327035,0,0.704208718058836,0.889574833583852,0,0,0.554648915610908,0.607472621859566,0,0.722299763796435,0.0787524157182736,0,0,0,0.555990981318445,0.0935688211294825,0,0.924039080953403,0,0,0
UHRF2,0,0.287899935580846,0.259555507837664,0,0.622879536182091,0.604251664161477,0,0.396929353661155,0.449162550998497,0,0.484754133562379,0.803145802018467,0,0,0.409544771312003,0.290154605969508,0,0.545791281941164,0.247369551213227,0,0,0,0.285323169422375,0.432843031994846,0,0.902136568606399,0,0,0
CDK3,0,0.272546703886622,0.592602533820056,0,0.241088683701954,0.203081382864505,0,0.230942666952974,0.291013528022332,0,0.782263259609191,0.496403263903801,0,0,0.34383723427099,0.421569680051535,0,0.362196693150097,0.291335623792141,0,0,0,0.547133347648701,0.0163195190036504,0,0.597004509340777,0,0,0
FARSA,0,0.310983465750483,0.0228151170281297,0,0.92500536826283,0.933433540906163,0,0.416094051964784,0.945512132273996,0,0.966394674683272,0.987438264977453,0,0,0.63114666094052,0.517929997852695,0,0.199538329396607,0.0140648486149882,0,0,0,0.47208503328323,0.793697659437406,0,0.209201202490874,0,0,0
HES6,0,0.823384152888125,0.326927206356023,0,0.986310929783122,0.902995490659223,0,0.838468971440842,0.907504831436547,0,0.604412712046382,0.438533390594804,0,0,0.686976594374061,0.659759501825209,0,0.611820914751986,0.925971655572257,0,0,0,0.317479063774962,0.924200128838308,0,0.0413893064204423,0,0,0
POC1A,0,0.877603607472622,0.426025338200558,0,0.676186386085463,0.964676830577625,0,0.910403693364827,0.885119175434829,0,0.976755421945459,0.87465106291604,0,0,0.841958342280438,0.961080094481426,0,0.887105432681984,0.957483358385227,0,0,0,0.943955336053253,0.88442130126691,0,0.0308675112733519,0,0,0
LOC728743,0,0.616867081812326,0.151653424951686,0,0.241088683701954,0.3985398325102,0,0.736847756066137,0.291013528022332,0,0.950934077732446,0.978365900794503,0,0,0.744309641400043,0.861284088468971,0,0.930964140004295,0.102050676401117,0,0,0,0.937567103285377,0.0524479278505476,0,0.986794073437836,0,0,0
IL27,0,0.34636031780116,0.319787416791926,0,0.605164268842603,0.694170066566459,0,0.65143869443848,0.648754563023406,0,0.8297187030277,0.896446210006442,0,0,0.62175220098776,0.471816620141722,0,0.786987330899721,0.677098990766588,0,0,0,0.190358599957054,0.554541550354305,0,0.757837663732016,0,0,0
TJP1,0,0.757515567962207,0.834764870088039,0,0.713227399613485,0.628301481640541,0,0.676723212368478,0.61160618423878,0,0.370893278934937,0.252093622503758,0,0,0.626905733304703,0.663732016319519,0,0.606613699806743,0.869121752200988,0,0,0,0.702651921838093,0.588146875671033,0,0.382166630878248,0,0,0
R3HDM1,0,0.371966931500966,0.382220313506549,0,0.609136783336912,0.676884260253382,0,0.453564526519218,0.645050461670603,0,0.315170710757999,0.787148378784625,0,0,0.19529740176079,0.327571397895641,0,0.678011595447713,0.709147519862573,0,0,0,0.190358599957054,0.776894996779042,0,0.692881683487224,0,0,0
CYS1,0,0.53478634313936,0.191110156753275,0,0.759877603607473,0.543160833154391,0,0.519701524586644,0.665557225681769,0,0.547938587073223,0.94964569465321,0,0,0.437245007515568,0.429997852694868,0,0.746617994417007,0.0508374490015031,0,0,0,0.512830148164054,0.658578484002577,0,0.96666308782478,0,0,0
SLFN5,0,0.777861284088469,0.496349581275499,0,0.494900150311359,0.497530599098132,0,0.697122611123041,0.679997852694868,0,0.380824565170711,0.580094481425811,0,0,0.680480996349581,0.742108653639682,0,0.683809319304273,0.340133132918188,0,0,0,0.820216877818338,0.755368262830148,0,0.27753918831866,0,0,0
DRG1,0,0.335731157397466,0.454799226970152,0,0.466126261541765,0.542462958986472,0,0.564902297616491,0.525660296328108,0,0.686493450719347,0.400203993987546,0,0,0.473212368477561,0.670871805883616,0,0.339166845608761,0.308728795361821,0,0,0,0.651385011810178,0.334603822203135,0,0.127335194331114,0,0,0
NME1,0,0.965965213656861,0.212046381790852,0,0.979117457590724,0.784517929997853,0,0.961563238136139,0.999946317371698,0,0.843783551642688,0.838791067210651,0,0,0.952812969722998,0.962422160188963,0,0.870624865793429,0.871966931500966,0,0,0,0.930695726862787,0.98985398325102,0,0.0108975735452008,0,0,0
DDAH2,0,0.718434614558729,0.24817479063775,0,0.872503757783981,0.907397466179944,0,0.452974017607902,0.855540047240713,0,0.927260038651492,0.863485076229332,0,0,0.689070216877818,0.624704745544342,0,0.328698733089972,0.261434399828216,0,0,0,0.739692935366116,0.787255744041228,0,0.1340455228688,0,0,0
SIRPB2,0,0.0206678118960704,0.346789778827571,0,0.241088683701954,0.283981103714838,0,0.175756925059051,0.291013528022332,0,0.518520506764011,0.66920764440627,0,0,0.226701739317157,0.265084818552716,0,0.388447498389521,0.108492591797294,0,0,0,0.395318874812111,0.055615202920335,0,0.860639896929354,0,0,0
NKIRAS1,0,0.745222246081168,0.591099420227614,0,0.435902941808031,0.633830792355594,0,0.499892634743397,0.618960704316083,0,0.626315224393386,0.364290315653854,0,0,0.708664376207859,0.715750483143655,0,0.145265192183809,0.289778827571398,0,0,0,0.840133132918188,0.70979171140219,0,0.0325316727506979,0,0,0
CST7,0,0.306688855486365,0.524908739531887,0,0.290798797509126,0.361445136353876,0,0.331114451363539,0.381254026197123,0,0.270345716126262,0.437513420657075,0,0,0.27066781189607,0.354788490444492,0,0.498657934292463,0.341958342280438,0,0,0,0.440519647841958,0.402512347004509,0,0.694331114451364,0,0,0
DCLK1,0,0.790315653854413,0.97788275713979,0,0.33841528881254,0.137159115310286,0,0.950236203564527,0.291013528022332,0,0.439231264762723,0.127120463817909,0,0,0.87245007515568,0.922160188962852,0,0.954745544341851,0.983089972085033,0,0,0,0.742699162550999,0.0243719132488727,0,0.754992484432038,0,0,0
EXT1,0,0.880341421515997,0.984163624651063,0,0.477990122396393,0.336375348937084,0,0.850279149667168,0.304595232982607,0,0.189768091045738,0.353822203135066,0,0,0.844857204208718,0.832510199699377,0,0.901277646553575,0.943579557655143,0,0,0,0.864290315653854,0.356613699806743,0,0.87610049388018,0,0,0
MKL1,0,0.928494739102426,0.387051750053683,0,0.895479922697015,0.875402619712261,0,0.931017822632596,0.760682843031995,0,0.600815975950183,0.95399398754563,0,0,0.90616276572901,0.818391668456088,0,0.953135065492807,0.93042731372128,0,0,0,0.481801589005798,0.645157826927206,0,0.906968005153532,0,0,0
IRS1,0,0.767071075799871,0.802770023620356,0,0.467092548851192,0.465482070002147,0,0.804756280867511,0.455121322739961,0,0.911692076444063,0.805561520292034,0,0,0.746671677045308,0.852372772170925,0,0.902941808030921,0.775928709469616,0,0,0,0.915288812540262,0.54600601245437,0,0.879804595232983,0,0,0
PXMP4,0,0.72643332617565,0.0822954691861714,0,0.984807816190681,0.74602748550569,0,0.662819411638394,0.829181876744685,0,0.980620571183165,0.844588791067211,0,0,0.637910672106506,0.745973802877389,0,0.492216018896285,0.134582349151814,0,0,0,0.729063774962422,0.397949323598883,0,0.338576336697445,0,0,0
TNPO2,0,0.817586429031565,0.0138501181017823,0,0.993289671462315,0.845071934721924,0,0.91196048958557,0.788114666094052,0,0.732553145802018,0.949806742538115,0,0,0.889789564097058,0.831758642903156,0,0.768091045737599,0.237277217092549,0,0,0,0.533605325316728,0.851513850118102,0,0.124167919261327,0,0,0
GEMIN6,0,0.668295039725145,0.233895211509556,0,0.685044019755207,0.803145802018467,0,0.669153961777969,0.805883616061842,0,0.387373845823491,0.761434399828216,0,0,0.566136998067425,0.625241571827357,0,0.709952759287095,0.232284732660511,0,0,0,0.575960919046597,0.718756710328538,0,0.887481211080094,0,0,0
CCDC58,0,0.900311359244149,0.0201846682413571,0,0.798958557010951,0.909813184453511,0,0.882542409276358,0.894137856989478,0,0.978687996564312,0.949430964140004,0,0,0.746510629160404,0.760360747262186,0,0.863807171999141,0.0595340347863431,0,0,0,0.642956839166846,0.93912389950612,0,0.495168563452867,0,0,0
OSBPL2,0,0.913893064204423,0.912873094266695,0,0.864451363538759,0.596252952544557,0,0.858385226540691,0.724769164698304,0,0.800193257461885,0.459469615632381,0,0,0.890165342495169,0.84528666523513,0,0.771956194975306,0.925703242430749,0,0,0,0.824082027056045,0.6232016319519,0,0.154444921623363,0,0,0
ATP10A,0,0.459201202490874,0.853339059480352,0,0.314258106076874,0.00633455013957483,0,0.664322525230835,0.291013528022332,0,0.700289886192828,0.0977560661369981,0,0,0.603392742108654,0.484217307279364,0,0.683272493021258,0.902566029632811,0,0,0,0.212261112304058,0.0778934936654499,0,0.457751771526734,0,0,0
C17orf80,0,0.604895855701095,0.259233412067855,0,0.646607257891346,0.761702812969723,0,0.691110156753275,0.720259823920979,0,0.721172428602104,0.775230835301696,0,0,0.528505475628087,0.699377281511703,0,0.675381146660941,0.294019755207215,0,0,0,0.586804809963496,0.799549065922268,0,0.215428387373846,0,0,0
CDCA4,0,0.476272278290745,0.359888340133133,0,0.665718273566674,0.76594374060554,0,0.652351299119605,0.367135494953833,0,0.6847756066137,0.932789349366545,0,0,0.520453081382865,0.658900579772386,0,0.878784625295254,0.430266265836375,0,0,0,0.682520936225038,0.568928494739102,0,0.958825424092764,0,0,0
EPOR,0,0.618209147519863,0.266802662658364,0,0.515031135924415,0.679568391668456,0,0.391400042946103,0.753382005582993,0,0.73657934292463,0.507730298475413,0,0,0.425756925059051,0.466931500966287,0,0.196800515353232,0.159866867081812,0,0,0,0.536504187245007,0.538597809748765,0,0.226325960919047,0,0,0
KAT2A,0,0.528129697229976,0.036450504616706,0,0.756388232767876,0.881576121966931,0,0.328698733089972,0.741142366330256,0,0.844964569465321,0.794019755207215,0,0,0.429675756925059,0.426830577625081,0,0.0361820914751986,0.0435366115525016,0,0,0,0.537631522439339,0.883938157612197,0,0.0428387373845823,0,0,0
PSMD6,0,0.713173716985184,0.298743826497745,0,0.65181447283659,0.507408202705604,0,0.832295469186171,0.588630019325746,0,0.717468327249302,0.830309211939017,0,0,0.863807171999141,0.813130770882542,0,0.833798582778613,0.236418295039725,0,0,0,0.730352158041658,0.485666738243504,0,0.838146875671033,0,0,0
DYRK2,0,0.769808889843247,0.470313506549281,0,0.8985398325102,0.843085677474769,0,0.49130341421516,0.883293966072579,0,0.379804595232983,0.583047025982392,0,0,0.437513420657075,0.536074726218596,0,0.0979171140219025,0.640648486149882,0,0,0,0.683863001932575,0.945834228043805,0,0.070109512561735,0,0,0
GGA2,0,0.527753918831866,0.188640755851406,0,0.681393601030706,0.661208932789349,0,0.466126261541765,0.669690788060983,0,0.720045093407773,0.881951900365042,0,0,0.489156109083101,0.580631307708825,0,0.549441700665665,0.0348937083959631,0,0,0,0.716555722568177,0.53516212153747,0,0.743235988834013,0,0,0
TNIP3,0,0.360371483787846,0.496993772815117,0,0.42462958986472,0.624812110800945,0,0.332295469186171,0.644352587502684,0,0.226970152458664,0.889091689929139,0,0,0.244041228258536,0.288168348722353,0,0.718917758213442,0.598453940304917,0,0,0,0.419798153317586,0.764333261756496,0,0.928709469615632,0,0,0
CENPB,0,0.856184238780331,0.215750483143655,0,0.726057547777539,0.847863431393601,0,0.756978741679193,0.770560446639467,0,0.956033927421087,0.877335194331114,0,0,0.710650633455014,0.850815975950183,0,0.789778827571398,0.162658363753489,0,0,0,0.916255099849689,0.887964354734808,0,0.253704101352802,0,0,0
ACADSB,0,0.328161906806957,0.0982392097917114,0,0.71231479493236,0.460113807171999,0,0.511058621430105,0.394030491732875,0,0.529203349796006,0.813345501395748,0,0,0.658954262400687,0.346145587287954,0,0.555990981318445,0.202007730298475,0,0,0,0.190358599957054,0.505744041228259,0,0.814633884474984,0,0,0
SHMT1,0,0.782155894352587,0.237116169207644,0,0.91051105862143,0.883455013957483,0,0.769433111445136,0.795737599312862,0,0.841475198625725,0.462529525445566,0,0,0.710328537685205,0.715857848400258,0,0.382381361391454,0.633240283444277,0,0,0,0.647305132059266,0.92355593729869,0,0.0360210435902942,0,0,0
ITK,0,0.0318337985827786,0.591689929138931,0,0.265729010092334,0.275875026841314,0,0.202705604466395,0.345930856774748,0,0.166147734593086,0.612733519433111,0,0,0.230137427528452,0.228795361820915,0,0.526250805239424,0.31232553145802,0,0,0,0.352104359029418,0.0961455872879536,0,0.928333691217522,0,0,0
BCAR3,0,0.948357311573975,0.145479922697015,0,0.97208503328323,0.99130341421516,0,0.913732016319519,0.968810392956839,0,0.964301052179515,0.983734163624651,0,0,0.921515997423234,0.969025123470045,0,0.86992699162551,0.213817908524801,0,0,0,0.982445780545416,0.983734163624651,0,0.173448572042087,0,0,0
NAPB,0,0.424200128838308,0.734968864075585,0,0.308943525875027,0.399076658793215,0,0.336160618423878,0.382864505046167,0,0.597004509340777,0.517500536826283,0,0,0.381307708825424,0.385602319089543,0,0.563560231908954,0.606774747691647,0,0,0,0.483841528881254,0.150901868155465,0,0.790745114880825,0,0,0
NRBF2,0,0.482714193686923,0.19057333047026,0,0.812432896714623,0.650311359244149,0,0.758750268413142,0.689875456302341,0,0.660672106506335,0.859297831221817,0,0,0.726970152458664,0.563238136139145,0,0.86305561520292,0.274532961133777,0,0,0,0.249409491088684,0.462583208073867,0,0.964676830577625,0,0,0
C17orf58,0,0.503167275069787,0.928118960704316,0,0.241088683701954,0.18332617564956,0,0.523620356452652,0.291013528022332,0,0.358975735452008,0.361552501610479,0,0,0.553360532531673,0.673502254670389,0,0.611713549495383,0.645694653210221,0,0,0,0.808943525875027,0.105486364612411,0,0.652995490659223,0,0,0
RECQL5,0,0.900257676615847,0.351406484861499,0,0.931984109942023,0.909115310285592,0,0.678280008589221,0.91593300407988,0,0.828054541550354,0.845716126261542,0,0,0.709469615632381,0.75327464032639,0,0.453510843890917,0.37282585355379,0,0,0,0.847863431393601,0.900418724500752,0,0.144889413785699,0,0,0
WDFY4,0,0.315117028129697,0.471655572256818,0,0.284571612626154,0.346950826712476,0,0.286396821988405,0.385172858063131,0,0.288275713978956,0.454584496456947,0,0,0.275875026841314,0.342173072793644,0,0.277968649345072,0.205336053253167,0,0,0,0.458181232553146,0.377872020614129,0,0.841582563882328,0,0,0
ZNF823,0,0.468595662443633,0.94782048529096,0,0.241088683701954,0.136407558514065,0,0.388447498389521,0.291013528022332,0,0.879482499463174,0.354681125187889,0,0,0.517500536826283,0.629053038436762,0,0.33659007945029,0.781672750697874,0,0,0,0.773083530169637,0.0434829289242001,0,0.14059480352158,0,0,0
ATOH8,0,0.963334764870088,0.990766587932145,0,0.619497530599098,0.583798582778613,0,0.993719132488727,0.822578913463603,0,0.897680910457376,0.729224822847327,0,0,0.984539403049173,0.994524371913249,0,0.99237706678119,0.992108653639682,0,0,0,0.975198625724715,0.611337771097273,0,0.643010521795147,0,0,0
TIGD1,0,0.238189821773674,0.618155464891561,0,0.241088683701954,0.243987545630234,0,0.33986471977668,0.291013528022332,0,0.503435688211295,0.484217307279364,0,0,0.409383723427099,0.5,0,0.449108868370195,0.185205067640112,0,0,0,0.63152243933863,0.0316190680695727,0,0.783981103714838,0,0,0
MOGAT2,0,0.967307279364398,0.256549280652781,0,0.999677904230191,0.993880180373631,0,0.796650203993988,0.998282155894353,0,0.324135709684346,0.853070646338845,0,0,0.719615632381361,0.639413785698948,0,0.630663517285806,0.886622289027271,0,0,0,0.607365256602963,0.99892634743397,0,0.190841743611767,0,0,0
KLHDC4,0,0.933165127764655,0.41813399184024,0,0.823598883401331,0.454530813828645,0,0.970904015460597,0.575853553789994,0,0.835248013742753,0.967522009877604,0,0,0.968541979815332,0.945351084389092,0,0.989585570109513,0.290261971226111,0,0,0,0.885924414859351,0.569411638393816,0,0.99022976164913,0,0,0
TOMM40L,0,0.590133132918188,0.00402619712261112,0,0.984270989907666,0.980459523298261,0,0.93332617564956,0.916469830362895,0,0.890648486149882,0.999463173716985,0,0,0.908739531887481,0.905679622074297,0,0.962046381790852,0.0180373631092978,0,0,0,0.576551427957913,0.856828430319948,0,0.867618638608546,0,0,0
JOSD2,0,0.439929138930642,0.19819626368907,0,0.736471977668027,0.821344213012669,0,0.548958557010951,0.843031994846468,0,0.776411853124329,0.798099634958128,0,0,0.703457161262615,0.36557869873309,0,0.547240712905304,0.333905948035216,0,0,0,0.190358599957054,0.73802877388877,0,0.553897358814688,0,0,0
ACP2,0,0.87754992484432,0.442291174575907,0,0.883025552931072,0.528022331973373,0,0.908578484002577,0.926615847111875,0,0.937889199055186,0.833154391238995,0,0,0.927635817049603,0.816834872235345,0,0.880502469400902,0.675703242430749,0,0,0,0.573115739746618,0.652941808030921,0,0.549817479063775,0,0,0
DDX58,0,0.594427743182306,0.38694438479708,0,0.686547133347649,0.802447927850548,0,0.47680910457376,0.754992484432038,0,0.540530384367619,0.451470904015461,0,0,0.492913893064204,0.554058406699592,0,0.144728365900794,0.420871805883616,0,0,0,0.657021687781834,0.842226755421945,0,0.0659759501825209,0,0,0
BAK1,0,0.659759501825209,0.00295254455658149,0,0.99237706678119,0.977453296113378,0,0.441969078806098,0.980244792785055,0,0.905948035215804,0.999838952115096,0,0,0.55760146016749,0.50869658578484,0,0.523244578054541,0.00096628730942667,0,0,0,0.610478849044449,0.919100279149667,0,0.801911101567533,0,0,0
BATF2,0,0.866974447068928,0.506817693794288,0,0.734700450934078,0.911155250161048,0,0.834925917972944,0.93622503757784,0,0.724930212583208,0.85940519647842,0,0,0.793590294180803,0.912067854842173,0,0.712797938587073,0.442505905089113,0,0,0,0.933487223534464,0.959738028773889,0,0.0195941593300408,0,0,0
TLN2,0,0.752200987760361,0.957698088898432,0,0.34925917972944,0.217790423019111,0,0.860103070646339,0.334281726433326,0,0.397734593085677,0.121215374704746,0,0,0.838737384582349,0.786182091475199,0,0.868960704316083,0.956785484217307,0,0,0,0.591260468112519,0.0825101996993773,0,0.719293536611552,0,0,0
ZDHHC8P1,0,0.417919261327035,0.763474339703672,0,0.241088683701954,0.197713120034357,0,0.341475198625725,0.291013528022332,0,0.691217522009878,0.151760790208289,0,0,0.402458664376208,0.489907665879321,0,0.278773888769594,0.375993128623577,0,0,0,0.616813399184024,0.114934507193472,0,0.264709040154606,0,0,0
SMG6,0,0.901492377066781,0.956087610049388,0,0.505582993343354,0.404015460596951,0,0.927152673394889,0.617511273351943,0,0.965321022117243,0.999355808460382,0,0,0.978526948679407,0.990283444277432,0,0.993665449860425,0.435580846038222,0,0,0,0.996188533390595,0.0623255314580202,0,0.999355808460382,0,0,0
AKAP11,0,0.640702168778183,0.407719561949753,0,0.464354734807816,0.65288812540262,0,0.377335194331114,0.703296113377711,0,0.731264762722783,0.586160618423878,0,0,0.428655786987331,0.526358170496028,0,0.319143225252308,0.225681769379429,0,0,0,0.672535967360962,0.525069787416792,0,0.200611981962637,0,0,0
PPOX,0,0.592817264333262,0.000214730513205927,0,0.95834228043805,0.996081168133992,0,0.929514709040155,0.998765299549066,0,0.995973802877389,0.998872664805669,0,0,0.939929138930642,0.952329826068284,0,0.925327464032639,0.150526089757355,0,0,0,0.72680910457376,0.948035215804166,0,0.0344642473695512,0,0,0
THBD,0,0.972299763796435,0.987277217092549,0,0.613485076229332,0.138984324672536,0,0.985666738243504,0.291013528022332,0,0.210167489800301,0.16378569894782,0,0,0.984968864075585,0.871913248872665,0,0.986418295039725,0.997262185956624,0,0,0,0.445887910672106,0.0691969078806098,0,0.970528237062487,0,0,0
ANAPC5,0,0.624328967146231,0.20216877818338,0,0.893386300193257,0.661423663302555,0,0.808782477990122,0.831758642903156,0,0.40181447283659,0.856237921408632,0,0,0.787416791926133,0.613914537255744,0,0.751556796220743,0.416899291389306,0,0,0,0.376315224393386,0.800837449001503,0,0.628194116383938,0,0,0
INPP5E,0,0.627818337985828,0.357902082885978,0,0.801642688426025,0.533981103714838,0,0.907665879321452,0.879106721065063,0,0.617618638608546,0.370088039510414,0,0,0.84276358170496,0.790959845394031,0,0.780277002362036,0.932091475198626,0,0,0,0.216448357311574,0.603339059480352,0,0.0877710972729225,0,0,0
AGRN,0,0.593246725359674,0.260360747262186,0,0.807708825424093,0.742108653639682,0,0.478097487652995,0.581758642903156,0,0.779632810822418,0.828484002576766,0,0,0.519111015675327,0.630770882542409,0,0.4057869873309,0.14601674898003,0,0,0,0.774747691646983,0.649184024049817,0,0.554380502469401,0,0,0
ZNF559,0,0.310715052608976,0.523298260682843,0,0.241088683701954,0.225681769379429,0,0.283820055829933,0.291013528022332,0,0.611284088468971,0.214408417436118,0,0,0.297025982392098,0.361928280008589,0,0.202276143439983,0.181071505260898,0,0,0,0.492591797294396,0.300193257461885,0,0.60688211294825,0,0,0
TTC13,0,0.586321666308782,0.118960704316083,0,0.584335409061628,0.726755421945459,0,0.324404122825854,0.741732875241572,0,0.577464032639038,0.616813399184024,0,0,0.350118101782263,0.420120249087395,0,0.0808997208503328,0.193150096628731,0,0,0,0.539671462314795,0.862089327893494,0,0.0737062486579343,0,0,0
NUF2,0,0.707483358385227,0.331436547133348,0,0.53768520506764,0.37824779901224,0,0.871215374704746,0.520184668241357,0,0.665664590938372,0.562003435688211,0,0,0.891883186600816,0.800569035859996,0,0.859619926991625,0.840992054971011,0,0,0,0.642956839166846,0.579665020399399,0,0.473212368477561,0,0,0
CLDN15,0,0.908632166630878,0.0535215804165772,0,0.922804380502469,0.804648915610908,0,0.934614558728795,0.959738028773889,0,0.946263689070217,0.927957912819412,0,0,0.943203779257032,0.910833154391239,0,0.918402404981748,0.887749624221602,0,0,0,0.765192183809319,0.935580846038222,0,0.259448142581061,0,0,0
ACOT13,0,0.930642044234486,0.186761863860855,0,0.983734163624651,0.968541979815332,0,0.75397251449431,0.91485935151385,0,0.570807386729654,0.792677689499678,0,0,0.744363324028344,0.653102855915826,0,0.559695082671248,0.571558943525875,0,0,0,0.636139145372557,0.970850332832295,0,0.0511058621430105,0,0,0
PILRB,0,0.0614666094051965,0.730405840669959,0,0.241088683701954,0.193633240283444,0,0.334925917972944,0.291013528022332,0,0.501556796220743,0.537416791926133,0,0,0.32789349366545,0.402512347004509,0,0.576658793214516,0.285054756280868,0,0,0,0.528720206141293,0.139521150955551,0,0.893708395963066,0,0,0
ROCK2,0,0.949484646768306,0.294073437835516,0,0.968917758213442,0.937781833798583,0,0.963495812754993,0.829181876744685,0,0.410403693364827,0.449216233626798,0,0,0.932359888340133,0.895694653210221,0,0.91448357311574,0.987062486579343,0,0,0,0.63152243933863,0.969884045522869,0,0.0654928065278076,0,0,0
RBBP4,0,0.475091260468113,0.283444277431823,0,0.618638608546274,0.395157826927206,0,0.548368048099635,0.711294824994632,0,0.735666738243504,0.800837449001503,0,0,0.29203349796006,0.471440841743612,0,0.627818337985828,0.244041228258536,0,0,0,0.387481211080094,0.65616276572901,0,0.657343783551643,0,0,0
SEC14L1,0,0.85978097487653,0.189607043160833,0,0.985076229332188,0.764547992269701,0,0.927957912819412,0.832456517071076,0,0.930856774747692,0.976916469830363,0,0,0.912980459523298,0.844535108438909,0,0.968541979815332,0.840079450289886,0,0,0,0.573115739746618,0.802877388876959,0,0.931769379428817,0,0,0
CLEC12A,0,0.232660511058621,0.623631092978312,0,0.362787202061413,0.366383938157612,0,0.212368477560661,0.294288168348722,0,0.547025982392098,0.457161262615418,0,0,0.178816834872235,0.180695726862787,0,0.436171354949538,0.586912175220099,0,0,0,0.273459308567747,0.370463817908525,0,0.808353016963711,0,0,0
LPAR1,0,0.992913893064204,0.82102211724286,0,0.998872664805669,0.992323384152888,0,0.959845394030492,0.995544341850977,0,0.0657075370410135,0.632757139789564,0,0,0.921408632166631,0.944170066566459,0,0.879106721065063,0.97680910457376,0,0,0,0.926669529740176,0.990176079020829,0,0.0764440627013099,0,0,0
PNPT1,0,0.624865793429246,0.548636461241142,0,0.476164913034142,0.589596306635173,0,0.666577195619498,0.581060768735237,0,0.625993128623577,0.702329826068284,0,0,0.702007730298475,0.647412497315869,0,0.609297831221817,0.403693364827142,0,0,0,0.665396177796865,0.46993772815117,0,0.224769164698304,0,0,0
PSMD3,0,0.714891561090831,0.820002147305132,0,0.848292892420013,0.415771956194975,0,0.844803521580417,0.743021258320807,0,0.936117672321237,0.884582349151814,0,0,0.890648486149882,0.880556152029203,0,0.83369121752201,0.681017822632596,0,0,0,0.857633669744471,0.443525875026841,0,0.622342709899077,0,0,0
MDH1B,0,0.219615632381361,0.0943203779257032,0,0.441593300407988,0.560768735237277,0,0.49092763581705,0.516534249516856,0,0.671032853768521,0.6123040584067,0,0,0.61847756066137,0.417811896070432,0,0.516963710543268,0.307064633884475,0,0,0,0.245598024479279,0.565492806527808,0,0.27136568606399,0,0,0
ENOSF1,0,0.550891131629805,0.421140219025123,0,0.241088683701954,0.358546274425596,0,0.540261971226111,0.291013528022332,0,0.605217951470904,0.812271848829719,0,0,0.592012024908739,0.717360961992699,0,0.828215589435259,0.277378140433756,0,0,0,0.841206785484217,0.138232767876315,0,0.899613485076229,0,0,0
CIDEB,0,0.689982821558944,0.0183057762508052,0,0.985237277217093,0.982714193686923,0,0.530921193901653,0.968005153532317,0,0.680695726862787,0.853553789993558,0,0,0.487545630234056,0.46414000429461,0,0.207912819411638,0.370356452651922,0,0,0,0.469776680266266,0.990122396392527,0,0.0815975950182521,0,0,0
VPS13C,0,0.884636031780116,0.77608975735452,0,0.805883616061842,0.415181447283659,0,0.815761219669315,0.582456517071076,0,0.151760790208289,0.738887695941593,0,0,0.785698947820485,0.515245866437621,0,0.854466394674683,0.758213442130127,0,0,0,0.375832080738673,0.451417221387159,0,0.942720635602319,0,0,0
HKR1,0,0.164000429461026,0.417328752415718,0,0.241088683701954,0.303467897788276,0,0.030760146016749,0.291013528022332,0,0.712261112304058,0.307708825424093,0,0,0.203886622289027,0.236686708181233,0,0.055507837663732,0.220313506549281,0,0,0,0.362518788919906,0.0854627442559588,0,0.462207429675757,0,0,0
TMEM45A,0,0.781350654928065,0.977345930856775,0,0.310178226325961,0.260736525660296,0,0.746242216018896,0.299602748550569,0,0.301535323169422,0.250536826283015,0,0,0.850869658578484,0.778451792999785,0,0.78333691217522,0.902995490659223,0,0,0,0.842978312218166,0.328537685205068,0,0.804058406699592,0,0,0
ASH1L,0,0.210060124543698,0.246564311788705,0,0.403908095340348,0.426562164483573,0,0.309158256388233,0.321773674039081,0,0.191432252523084,0.607365256602963,0,0,0.190734378355164,0.257461885333906,0,0.380395104144299,0.143171569680052,0,0,0,0.220904015460597,0.391936869229117,0,0.830255529310715,0,0,0
PLEK,0,0.0262508052394245,0.331275499248443,0,0.279257032424307,0.321881039295684,0,0.234485720420872,0.291013528022332,0,0.300515353231694,0.612035645265192,0,0,0.262830148164054,0.308836160618424,0,0.425381146660941,0.0828322954691862,0,0,0,0.43080309211939,0.0686063989692935,0,0.912604681125188,0,0,0
PGD,0,0.591153102855916,0.342709899076659,0,0.894298904874383,0.711509555507838,0,0.734861498818982,0.578537685205068,0,0.844857204208718,0.6376959415933,0,0,0.802394245222246,0.709147519862573,0,0.71086536396822,0.347219239853983,0,0,0,0.596414000429461,0.629536182091475,0,0.264601674898003,0,0,0
SLC48A1,0,0.49602748550569,0.271097272922482,0,0.527485505690359,0.0173931715696801,0,0.833637534893708,0.306313077088254,0,0.88189821773674,0.829665020399399,0,0,0.847917114021903,0.874114236633026,0,0.889306420442345,0.0779471762937513,0,0,0,0.821451578269272,0.0728473266051106,0,0.906001717844106,0,0,0
ACIN1,0,0.856452651921838,0.464515782692721,0,0.595823491518145,0.703296113377711,0,0.850654928065278,0.852802233197337,0,0.902404981747906,0.93767446854198,0,0,0.870517500536826,0.949430964140004,0,0.891131629804595,0.116598668670818,0,0,0,0.974876529954907,0.452007730298475,0,0.928602104359029,0,0,0
ZNF512B,0,0.541872450075156,0.474017607902083,0,0.241088683701954,0.384206570753704,0,0.653478634313936,0.291013528022332,0,0.811305561520292,0.826927206356023,0,0,0.722192398539833,0.847219239853983,0,0.84238780330685,0.26631951900365,0,0,0,0.928870517500537,0.144782048529096,0,0.67173072793644,0,0,0
GNAS,0,0.342978312218166,0.858761004938802,0,0.362465106291604,0.290852480137428,0,0.348776036074726,0.302716340992055,0,0.501664161477346,0.732123684775607,0,0,0.301374275284518,0.368048099634958,0,0.715321022117243,0.651277646553575,0,0,0,0.496779042301911,0.322525230835302,0,0.960596950826712,0,0,0
C1orf186,0,0.164376207859137,0.0594266695297402,0,0.241088683701954,0.390433755636676,0,0.208020184668241,0.291013528022332,0,0.571236847756066,0.938801803736311,0,0,0.26304487867726,0.314258106076874,0,0.658524801374275,0.0210972729224823,0,0,0,0.445028988619283,0.075907236418295,0,0.9855056903586,0,0,0
PREX1,0,0.894889413785699,0.986096199269916,0,0.504509340777324,0.489156109083101,0,0.84383723427099,0.582832295469186,0,0.165181447283659,0.866759716555723,0,0,0.817479063774962,0.917328752415718,0,0.96703886622289,0.887159115310286,0,0,0,0.967146231479493,0.538651492377067,0,0.975681769379429,0,0,0
RPL29,0,0.764923770667812,0.228365900794503,0,0.698786772600386,0.863699806742538,0,0.910350010736526,0.68080309211939,0,0.943364827141937,0.95759072364183,0,0,0.916040369336483,0.964623147949324,0,0.926669529740176,0.0724715482070002,0,0,0,0.9565170710758,0.629106721065063,0,0.704316083315439,0,0,0
UBR1,0,0.772331973373416,0.787148378784625,0,0.711616920764441,0.55180373631093,0,0.929407343783552,0.443418509770238,0,0.812540261971226,0.731318445351084,0,0,0.876261541765085,0.934668241357097,0,0.875456302340563,0.741196048958557,0,0,0,0.871108009448143,0.061412926776895,0,0.341743611767232,0,0,0
TSTD2,0,0.356721065063345,0.147412497315869,0,0.448464676830578,0.784142151599742,0,0.313452866652351,0.79638179085248,0,0.930695726862787,0.848990766587932,0,0,0.36702812969723,0.274049817479064,0,0.628945673180159,0.163946746832725,0,0,0,0.263796435473481,0.589757354520077,0,0.848776036074726,0,0,0
PRDX2,0,0.771956194975306,0.0165879321451578,0,0.802984754133562,0.815009662873094,0,0.819035859995705,0.875026841314151,0,0.967307279364398,0.959254885119175,0,0,0.7862357741035,0.758159759501825,0,0.67935366115525,0.0143332617564956,0,0,0,0.589596306635173,0.683379858277861,0,0.247423233841529,0,0,0
CD28,0,0.750214730513206,0.259716555722568,0,0.43332617564956,0.569894782048529,0,0.797025982392098,0.463012669100279,0,0.602265406914323,0.9565170710758,0,0,0.734324672535967,0.845716126261542,0,0.953081382864505,0.394513635387589,0,0,0,0.882273996134851,0.618155464891561,0,0.952974017607902,0,0,0
MED28,0,0.170388662228903,0.0967897788275714,0,0.644621000644192,0.745114880824565,0,0.13479707966502,0.491464462100064,0,0.473051320592656,0.845018252093622,0,0,0.203403478634314,0.236149881898218,0,0.23733089972085,0.0610371483787846,0,0,0,0.361337771097273,0.528773888769594,0,0.707698088898432,0,0,0
HARS,0,0.715428387373846,0.0515353231694224,0,0.855378999355808,0.737652995490659,0,0.919261327034572,0.672589649989264,0,0.998496886407559,0.977131200343569,0,0,0.963978956409706,0.941969078806098,0,0.913624651062916,0.198733089972085,0,0,0,0.917865578698733,0.598024479278505,0,0.717897788275714,0,0,0
SERPINA3,0,0.990551857418939,0.995705389735882,0,0.854681125187889,0.59963495812755,0,0.983787846252953,0.732714193686923,0,0.4855056903586,0.285430534678978,0,0,0.9710113807172,0.983948894137857,0,0.971172428602104,0.992269701524587,0,0,0,0.974930212583208,0.627764655357526,0,0.484539403049173,0,0,0
ZNF776,0,0.00365041872450075,0.181125187889199,0,0.241088683701954,0.305346789778828,0,0.00440197552072149,0.291013528022332,0,0.769647841958342,0.81050032209577,0,0,0.164215159974232,0.189070216877818,0,0.300998496886408,0.0186278720206141,0,0,0,0.301052179514709,0.00756925059050891,0,0.897895640970582,0,0,0
NSFL1C,0,0.555239424522225,0.306259394459953,0,0.713442130126691,0.42500536826283,0,0.805346789778828,0.606560017178441,0,0.776304487867726,0.682037792570324,0,0,0.821397895640971,0.715106291604037,0,0.688748121108009,0.588468971440842,0,0,0,0.532800085892205,0.552716340992055,0,0.351943311144514,0,0,0
SKAP1,0,0.249677904230191,0.587663732016319,0,0.241571827356667,0.0210435902941808,0,0.321719991410779,0.291013528022332,0,0.53951041442989,0.563560231908954,0,0,0.327141936869229,0.375134206570754,0,0.575692505905089,0.274157182735667,0,0,0,0.462422160188963,0.0843890916899291,0,0.847756066136998,0,0,0
PNPLA6,0,0.680588361606184,0.0347863431393601,0,0.954638179085248,0.958234915181447,0,0.619443847970797,0.755905089113163,0,0.975950182520936,0.990283444277432,0,0,0.815653854412712,0.621054326819841,0,0.741035001073653,0.0264655357526304,0,0,0,0.60398325101997,0.673663302555293,0,0.853822203135066,0,0,0
IL13RA1,0,0.985935151385012,0.947337341636246,0,0.900418724500752,0.725628086751127,0,0.954477131200344,0.704906592226755,0,0.389199055185742,0.38189821773674,0,0,0.953832939660726,0.813667597165557,0,0.955228687996564,0.988941378569895,0,0,0,0.624919476057548,0.784571612626154,0,0.920710757998712,0,0,0
CTDSP1,0,0.881629804595233,0.0705389735881469,0,0.84711187459738,0.874436332402834,0,0.898003006227185,0.865471333476487,0,0.861391453725574,0.960650633455014,0,0,0.937942881683487,0.952276143439983,0,0.883777109727292,0.0800944814258106,0,0,0,0.940090186815546,0.781135924414859,0,0.6195512132274,0,0,0
PCBD2,0,0.404981747906377,0.156645909383723,0,0.758159759501825,0.741088683701954,0,0.50434829289242,0.881737169851836,0,0.899184024049817,0.883669744470689,0,0,0.661208932789349,0.610103070646339,0,0.464623147949324,0.142634743397037,0,0,0,0.749731586858493,0.676347433970367,0,0.317425381146661,0,0,0
ZNF449,0,0.685044019755207,0.96703886622289,0,0.282639038007301,0.221816620141722,0,0.656968005153532,0.291013528022332,0,0.646285162121537,0.58659007945029,0,0,0.666684560876101,0.70941593300408,0,0.804595232982607,0.864827141936869,0,0,0,0.800944814258106,0.300193257461885,0,0.859834657504831,0,0,0
LAX1,0,0.758159759501825,0.3442130126691,0,0.780652780760146,0.69637105432682,0,0.921408632166631,0.799602748550569,0,0.44239853983251,0.912121537470475,0,0,0.907826927206356,0.872986901438694,0,0.953564526519218,0.739048743826498,0,0,0,0.678011595447713,0.752469400901868,0,0.964354734807816,0,0,0
PRPF39,0,0.640487438264977,0.567693794288168,0,0.529203349796006,0.563667597165557,0,0.519540476701739,0.607043160833154,0,0.577356667382435,0.278398110371484,0,0,0.516856345286665,0.301589005797724,0,0.523620356452652,0.819035859995705,0,0,0,0.190358599957054,0.589274210865364,0,0.664107794717629,0,0,0
TAPBP,0,0.74130341421516,0.00101996993772815,0,0.999033712690573,0.80362894567318,0,0.882810822417866,0.963656860639897,0,0.984485720420872,0.982875241571827,0,0,0.888930642044234,0.767071075799871,0,0.585194331114451,0.0865900794502899,0,0,0,0.312271848829719,0.906109083100709,0,0.0115417650848186,0,0,0
STK17B,0,0.888501181017823,0.203457161262615,0,0.809158256388233,0.756817693794288,0,0.897197766802663,0.612411423663303,0,0.497745329611338,0.986525660296328,0,0,0.856828430319948,0.824135709684346,0,0.97283659007945,0.128355164268843,0,0,0,0.743558084603822,0.666040369336483,0,0.99602748550569,0,0,0
APOL4,0,0.250322095769809,0.59963495812755,0,0.241088683701954,0.241947605754778,0,0.251127335194331,0.291013528022332,0,0.682359888340133,0.430480996349581,0,0,0.304756280867511,0.372127979385871,0,0.386783336912175,0.261488082456517,0,0,0,0.500590508911316,0.0683916684560876,0,0.862948249946317,0,0,0
EEF2K,0,0.427474769164698,0.0252845179299979,0,0.820485290959845,0.900579772385656,0,0.714569465321022,0.951041442989049,0,0.831382864505046,0.923341206785484,0,0,0.651546059695083,0.720045093407773,0,0.653210221172429,0.185419798153318,0,0,0,0.487277217092549,0.879428816834872,0,0.118907021687782,0,0,0
IFT52,0,0.402297616491303,0.235827786128409,0,0.575263044878677,0.795415503543053,0,0.691646983036289,0.608868370195405,0,0.208181232553146,0.667006656645909,0,0,0.608009448142581,0.691163839381576,0,0.679836804809963,0.315278076014602,0,0,0,0.616813399184024,0.62969722997638,0,0.467575692505905,0,0,0
ZNF114,0,0.271043590294181,0.428441056474125,0,0.241088683701954,0.332778612840885,0,0.382220313506549,0.291013528022332,0,0.777056044663947,0.847272922482285,0,0,0.445351084389092,0.543966072578913,0,0.66738243504402,0.200128838307924,0,0,0,0.691915396177797,0.0967360961992699,0,0.903532316942237,0,0,0
MRPS31,0,0.939338630019326,0.0345716126261542,0,0.999892634743397,0.997423233841529,0,0.945619497530599,0.896607257891346,0,0.875885763366974,0.928870517500537,0,0,0.93767446854198,0.891024264547992,0,0.906431178870517,0.891346360317801,0,0,0,0.814526519218381,0.995114880824565,0,0.221494524371913,0,0,0
GALNT9,0,0.994470689284947,0.996349581275499,0,0.705121322739961,0.0211509555507838,0,0.991786557869873,0.342280438050247,0,0.568982177367404,0.221065063345501,0,0,0.991732875241572,0.907504831436547,0,0.987062486579343,0.997960060124544,0,0,0,0.737921408632167,0.303843676186386,0,0.96086536396822,0,0,0
ILF3,0,0.682628301481641,0.112840884689714,0,0.692291174575907,0.767500536826283,0,0.656860639896929,0.87245007515568,0,0.78441056474125,0.974822847326605,0,0,0.73802877388877,0.823115739746618,0,0.825692505905089,0.146983036289457,0,0,0,0.910027914966717,0.804112089327893,0,0.929031565385441,0,0,0
SLC9A3R1,0,0.592656216448357,0.348614988189822,0,0.500536826283015,0.623845823491518,0,0.438318660081598,0.614827141936869,0,0.891453725574404,0.778934936654499,0,0,0.542946102641185,0.662228902727078,0,0.236471977668027,0.0901331329181877,0,0,0,0.796650203993988,0.55615202920335,0,0.395802018466824,0,0,0
CENPT,0,0.569143225252308,0.0724178655786987,0,0.860264118531243,0.604681125187889,0,0.842656216448357,0.875993128623577,0,0.980513205926562,0.943203779257032,0,0,0.855217951470904,0.785215804165772,0,0.750053682628302,0.185312432896715,0,0,0,0.488619282800086,0.683433540906163,0,0.153908095340348,0,0,0
VGLL4,0,0.988243504401976,0.494631737169852,0,0.884313936010307,0.89349366544986,0,0.978956409705819,0.955819196907881,0,0.827786128408847,0.699001503113592,0,0,0.992162336267984,0.988726648056689,0,0.95614129267769,0.88839381576122,0,0,0,0.984539403049173,0.942828000858922,0,0.114719776680266,0,0,0
SLC35B1,0,0.23078161906807,0.0304917328752416,0,0.851406484861499,0.869497530599098,0,0.856398969293537,0.748121108009448,0,0.707161262615418,0.960328537685205,0,0,0.766426884260253,0.860425166416148,0,0.834389091689929,0.391990551857419,0,0,0,0.523029847541336,0.698840455228688,0,0.168456087610049,0,0,0
PRPF3,0,0.463120034356882,0.0458449645694653,0,0.772385656001718,0.841045737599313,0,0.366061842387803,0.765836375348937,0,0.75977023835087,0.694975305990981,0,0,0.336053253167275,0.320055829933434,0,0.201685634528667,0.0546489156109083,0,0,0,0.283283229546919,0.817425381146661,0,0.248818982177367,0,0,0
SLFN12L,0,0.250429461026412,0.526841314150741,0,0.241088683701954,0.130341421515997,0,0.249838952115096,0.291013528022332,0,0.222943955336053,0.366867081812326,0,0,0.242484432037793,0.286182091475199,0,0.342870946961563,0.238136139145373,0,0,0,0.41813399184024,0.130985613055615,0,0.7065170710758,0,0,0
TLE4,0,0.724930212583208,0.351621215374705,0,0.760790208288598,0.630931930427314,0,0.863270345716126,0.555024694009019,0,0.227936439768091,0.967897788275714,0,0,0.848507622933219,0.754670388662229,0,0.928655786987331,0.275284517929998,0,0,0,0.622289027270775,0.556796220742968,0,0.97535967360962,0,0,0
SIGLEC10,0,0.340669959201202,0.452812969722998,0,0.241088683701954,0.252093622503758,0,0.354144298904874,0.291013528022332,0,0.846038222031351,0.355540047240713,0,0,0.41920764440627,0.495436976594374,0,0.295952329826068,0.0748335838522654,0,0,0,0.624006871376423,0.0982928924200129,0,0.687996564311789,0,0,0
METTL7A,0,0.911155250161048,0.781619068069573,0,0.691002791496672,0.424361176723212,0,0.796059695082671,0.609673609619927,0,0.811842387803307,0.667704530813829,0,0,0.823491518144728,0.713656860639897,0,0.834174361176723,0.751664161477346,0,0,0,0.686386085462744,0.575960919046597,0,0.871966931500966,0,0,0
GSK3A,0,0.312271848829719,0.657880609834657,0,0.241088683701954,0.325316727506979,0,0.507569250590509,0.291013528022332,0,0.972138715911531,0.902458664376208,0,0,0.666362465106292,0.792570324243075,0,0.772278290745115,0.0629160403693365,0,0,0,0.897680910457376,0.00402619712261112,0,0.937245007515568,0,0,0
C6orf48,0,0.645265192183809,0.779418080309212,0,0.241088683701954,0.240605540047241,0,0.679783122181662,0.291013528022332,0,0.861176723212368,0.699753059909813,0,0,0.729385870732231,0.852748550569036,0,0.791067210650633,0.0617887051750054,0,0,0,0.932198840455229,0.0615739746617994,0,0.832993343354091,0,0,0
PTDSS1,0,0.552447927850548,0.465696800515353,0,0.509179729439553,0.724608116813399,0,0.554595232982607,0.727077517715267,0,0.545361820914752,0.343407773244578,0,0,0.630609834657505,0.641346360317801,0,0.388286450504617,0.771526733948894,0,0,0,0.783873738458235,0.816512776465536,0,0.0996349581275499,0,0,0
RFC5,0,0.521634099205497,0.310768735237277,0,0.511702812969723,0.738297187030277,0,0.538866222890273,0.728580631307709,0,0.788866222890273,0.656484861498819,0,0,0.577302984754134,0.679783122181662,0,0.577732445780545,0.203832939660726,0,0,0,0.814526519218381,0.678118960704316,0,0.350547562808675,0,0,0
GSTP1,0,0.810822417865579,0.00660296328108224,0,0.995114880824565,0.996295898647198,0,0.896553575263045,0.953886622289027,0,0.948088898432467,0.989692935366116,0,0,0.91051105862143,0.89891561090831,0,0.847004509340777,0.127120463817909,0,0,0,0.827249302125832,0.993235988834013,0,0.0631307708825424,0,0,0
MDK,0,0.474339703671892,0.206356023190895,0,0.456463388447498,0.629911960489586,0,0.3732016319519,0.636837019540477,0,0.486525660296328,0.202920334979601,0,0,0.320109512561735,0.401546059695083,0,0.0649022976164913,0.351889628516212,0,0,0,0.458825424092764,0.718649345071935,0,0.0724715482070002,0,0,0
PSTPIP1,0,0.318606398969294,0.273351943311145,0,0.46231479493236,0.459738028773889,0,0.285376852050676,0.461133777109727,0,0.282424307494095,0.558943525875027,0,0,0.195995275928709,0.218434614558729,0,0.355647412497316,0.112572471548207,0,0,0,0.265621644835731,0.464408417436118,0,0.905303843676186,0,0,0
PRDM2,0,0.301320592656216,0.473319733734164,0,0.489424522224608,0.346199269916255,0,0.299065922267554,0.331597595018252,0,0.252039939875456,0.694653210221172,0,0,0.241947605754778,0.212261112304058,0,0.572578913463603,0.344535108438909,0,0,0,0.190358599957054,0.120785913678334,0,0.877872020614129,0,0,0
KLF6,0,0.988619282800086,0.983036289456732,0,0.921569680051535,0.759233412067855,0,0.977560661369981,0.66738243504402,0,0.775230835301696,0.768198410994202,0,0,0.972353446424737,0.974608116813399,0,0.977345930856775,0.980298475413356,0,0,0,0.970313506549281,0.739424522224608,0,0.826551427957913,0,0,0
CTNND1,0,0.442720635602319,0.0945351084389092,0,0.797884904444922,0.722782907451149,0,0.504938801803736,0.709040154605969,0,0.814526519218381,0.606560017178441,0,0,0.328054541550354,0.477131200343569,0,0.295844964569465,0.560446639467468,0,0,0,0.425327464032639,0.777270775177153,0,0.0808460382220313,0,0,0
HLA-DQB2,0,0.14639252737814,0.640541120893279,0,0.241088683701954,0.184453510843891,0,0.163839381576122,0.291013528022332,0,0.194331114451364,0.407934292462959,0,0,0.137159115310286,0.154659652136569,0,0.404230191110157,0.404767017393172,0,0,0,0.255207214945244,0.150579772385656,0,0.816405411208933,0,0,0
FAM84A,0,0.277324457805454,0.406914322525231,0,0.62899935580846,0.55110586214301,0,0.203349796006012,0.392527378140434,0,0.341475198625725,0.274855056903586,0,0,0.13984324672536,0.119497530599098,0,0.090723641829504,0.57751771526734,0,0,0,0.190358599957054,0.766158471118746,0,0.173126476272278,0,0,0
CNPY4,0,0.964247369551213,0.526358170496028,0,0.847433970367189,0.918026626583638,0,0.950665664590938,0.778451792999785,0,0.947552072149452,0.967360961992699,0,0,0.960919046596521,0.965911531028559,0,0.942505905089113,0.783229546918617,0,0,0,0.965750483143655,0.894782048529096,0,0.640165342495169,0,0,0
CH25H,0,0.9130341421516,0.902243933863002,0,0.762024908739532,0.312969722997638,0,0.972514494309641,0.381737169851836,0,0.759662873094267,0.554971011380717,0,0,0.92248228473266,0.828591367833369,0,0.985398325101997,0.990390809534035,0,0,0,0.245598024479279,0.349420227614344,0,0.93949967790423,0,0,0
CLECL1,0,0.309372986901439,0.799065922267554,0,0.241088683701954,0.242699162550998,0,0.377227829074511,0.291013528022332,0,0.674361176723212,0.911477345930857,0,0,0.434829289242001,0.532800085892205,0,0.762508052394245,0.267232123684776,0,0,0,0.680105217951471,0.0198088898432467,0,0.938426025338201,0,0,0
NUP37,0,0.628033068499034,0.533551642688426,0,0.382327678763152,0.517071075799871,0,0.450611981962637,0.563560231908954,0,0.373416362465106,0.310339274210865,0,0,0.501342065707537,0.60435902941808,0,0.289832510199699,0.253650418724501,0,0,0,0.719776680266266,0.377388876959416,0,0.291442989048744,0,0,0
GPR82,0,0.162389950611982,0.489424522224608,0,0.285215804165772,0.290047240712905,0,0.308997208503328,0.332885978097488,0,0.214515782692721,0.401385011810178,0,0,0.277270775177153,0.23443203779257,0,0.445351084389092,0.259501825209362,0,0,0,0.288383079235559,0.358116813399184,0,0.889467468327249,0,0,0
CBFA2T3,0,0.289993558084604,0.042355593729869,0,0.700826712475843,0.734861498818982,0,0.418992913893064,0.686117672321237,0,0.389038007300837,0.94019755207215,0,0,0.323169422374919,0.326927206356023,0,0.578859780974877,0.0144406270130986,0,0,0,0.229010092334121,0.546918617135495,0,0.95109512561735,0,0,0
SEPT6,0,0.143869443847971,0.238511917543483,0,0.241088683701954,0.234539403049173,0,0.158900579772386,0.291013528022332,0,0.245168563452867,0.441432252523084,0,0,0.126637320163195,0.141722138715912,0,0.251019969937728,0.0727399613485076,0,0,0,0.236847756066137,0.34528666523513,0,0.736847756066137,0,0,0
FAIM3,0,0.272976164913034,0.159491088683702,0,0.241088683701954,0.349742323384153,0,0.23695512132274,0.291013528022332,0,0.731908954262401,0.899076658793215,0,0,0.26014601674898,0.309963495812755,0,0.659007945028989,0.0759609190465965,0,0,0,0.440519647841958,0.168885548636461,0,0.948142581060769,0,0,0
ZBED2,0,0.337985827786128,0.875885763366974,0,0.241088683701954,0.202276143439983,0,0.36375348937084,0.291013528022332,0,0.189392312647627,0.605593729869014,0,0,0.326014601674898,0.400794502898862,0,0.6920227614344,0.669744470689285,0,0,0,0.52716340992055,0.300193257461885,0,0.856774747691647,0,0,0
RBMS2,0,0.46956194975306,0.515245866437621,0,0.791442989048744,0.628462529525446,0,0.678548421730728,0.602319089542624,0,0.326390380073008,0.576605110586214,0,0,0.49817479063775,0.45254455658149,0,0.754079879750913,0.861445136353876,0,0,0,0.242108653639682,0.551374275284518,0,0.91883186600816,0,0,0
FCER2,0,0.021956194975306,0.037899935580846,0,0.435956624436332,0.57751771526734,0,0.471870302770024,0.349151814472837,0,0.587610049388018,0.938211294824995,0,0,0.492860210435903,0.379536182091475,0,0.556313077088254,0.00987760360747262,0,0,0,0.231694223749195,0.170012883830792,0,0.981372127979386,0,0,0
HPD,0,0.748121108009448,0.792194545844965,0,0.483143654713335,0.443150096628731,0,0.710596950826712,0.504079879750913,0,0.73298260682843,0.594588791067211,0,0,0.769486794073438,0.884206570753704,0,0.751664161477346,0.390057977238566,0,0,0,0.949753059909813,0.354412712046382,0,0.643064204423449,0,0,0
JDP2,0,0.946424736955121,0.982284732660511,0,0.850064419153962,0.726003865149238,0,0.9347756066137,0.725520721494524,0,0.953886622289027,0.901868155464892,0,0,0.97353446424737,0.951041442989049,0,0.927045308138286,0.960543268198411,0,0,0,0.961777968649345,0.630395104144299,0,0.768896285162121,0,0,0
CDRT4,0,0.870356452651922,0.899881898217737,0,0.808782477990122,0.549226970152459,0,0.964945243719132,0.676508481855272,0,0.579074511488082,0.27029203349796,0,0,0.918563452866652,0.927850547562809,0,0.945780545415503,0.98695512132274,0,0,0,0.678011595447713,0.564955980244793,0,0.277378140433756,0,0,0
CAMK4,0,0.27608975735452,0.579772385656002,0,0.349796006012454,0.361176723212368,0,0.427689499677904,0.329503972514494,0,0.139735881468757,0.433916684560876,0,0,0.393225252308353,0.25579772385656,0,0.575799871161692,0.541604036933648,0,0,0,0.190358599957054,0.37137642258965,0,0.883025552931072,0,0,0
FGFBP3,0,0.440090186815547,0.158793214515783,0,0.676884260253382,0.544395533605325,0,0.552608975735452,0.752845179299979,0,0.730137427528452,0.490444492162336,0,0,0.627442559587717,0.570431608331544,0,0.0674790637749624,0.1485398325102,0,0,0,0.490337126905733,0.696156323813614,0,0.0328537685205068,0,0,0
S100A1,0,0.847702383508697,0.151170281296972,0,0.877335194331114,0.671515997423234,0,0.875241571827357,0.627710972729225,0,0.847380287738888,0.850815975950183,0,0,0.889574833583852,0.924092763581705,0,0.837287953618209,0.0505690358599957,0,0,0,0.928816834872235,0.52464032639038,0,0.738136139145373,0,0,0
PARP14,0,0.32354520077303,0.0809534034786343,0,0.504455658149023,0.870893278934937,0,0.207268627872021,0.613807171999141,0,0.501288383079236,0.908256388232768,0,0,0.12282585355379,0.184238780330685,0,0.536343139360103,0.122718488297187,0,0,0,0.190358599957054,0.76121966931501,0,0.868960704316083,0,0,0
ZNF141,0,0.133186600815976,0.174307494094911,0,0.241088683701954,0.227775391883187,0,0.00413356237921409,0.291013528022332,0,0.633508696585785,0.21666308782478,0,0,0.101406484861499,0.109619926991626,0,0.00638823276787632,0.0222246081168134,0,0,0,0.190358599957054,0.0443418509770238,0,0.405303843676186,0,0,0
SAMD3,0,0.65508911316298,0.419476057547778,0,0.24457805454155,0.339166845608761,0,0.635011810178226,0.291013528022332,0,0.377872020614129,0.465267339488941,0,0,0.636192828000859,0.762561735022547,0,0.747799012239639,0.310768735237277,0,0,0,0.875778398110372,0.482284732660511,0,0.668348722353446,0,0,0
AQP3,0,0.769111015675327,0.0111123040584067,0,0.875939445995276,0.913463603178012,0,0.784464247369551,0.675810607687352,0,0.875778398110372,0.978795361820915,0,0,0.757891346360318,0.716770453081383,0,0.903049173287524,0.164322525230835,0,0,0,0.682520936225038,0.854842173072794,0,0.772546703886622,0,0,0
ELF1,0,0.869068069572686,0.163624651062916,0,0.864719776680266,0.9347756066137,0,0.594374060554005,0.978687996564312,0,0.890165342495169,0.820592656216448,0,0,0.661477345930857,0.365256602963281,0,0.547562808675113,0.334335409061628,0,0,0,0.343139360103071,0.946263689070217,0,0.199108868370195,0,0,0
GPR157,0,0.785537899935581,0.222353446424737,0,0.897788275713979,0.939231264762723,0,0.459362250375778,0.917972943955336,0,0.703457161262615,0.858492591797294,0,0,0.538275713978956,0.551911101567533,0,0.422911745759072,0.273029847541336,0,0,0,0.691485935151385,0.878945673180159,0,0.389467468327249,0,0,0
FAM110A,0,0.783820055829933,0.409330040798798,0,0.795200773029848,0.583476487008804,0,0.76411853124329,0.715911531028559,0,0.528129697229976,0.477936439768091,0,0,0.669851835945888,0.70506764011166,0,0.6847756066137,0.294234485720421,0,0,0,0.579557655142796,0.540852480137427,0,0.604949538329397,0,0,0
ACTR1A,0,0.304004724071291,0.0193257461885334,0,0.615739746617994,0.772707751771527,0,0.601030706463388,0.78730942666953,0,0.895802018466824,0.944867940734378,0,0,0.35833154391239,0.577839811037148,0,0.693096414000429,0.00826712475842817,0,0,0,0.403156538544127,0.532692720635602,0,0.880502469400902,0,0,0
SLC45A3,0,0.664966716770453,0.492591797294396,0,0.681500966287309,0.755690358599957,0,0.58186600815976,0.705926562164484,0,0.742162336267984,0.816834872235345,0,0,0.600923341206785,0.642312647627228,0,0.65616276572901,0.441646983036289,0,0,0,0.71414000429461,0.603500107365257,0,0.760038651492377,0,0,0
TCN2,0,0.537202061412927,0.531404337556367,0,0.884582349151814,0.589274210865364,0,0.570538973588147,0.449538329396607,0,0.513528022331973,0.650848185527163,0,0,0.573706248657934,0.663302555293107,0,0.543053467897788,0.319357955765514,0,0,0,0.762293321881039,0.445941593300408,0,0.789403049173288,0,0,0
GCH1,0,0.902082885978097,0.72680910457376,0,0.74167919261327,0.893869443847971,0,0.841636246510629,0.628462529525446,0,0.370410135280223,0.420388662228903,0,0,0.835462744255959,0.818928494739102,0,0.827034571612626,0.941754348292892,0,0,0,0.849742323384153,0.908095340347863,0,0.703940304917329,0,0,0
C6orf106,0,0.945887910672107,0.194814258106077,0,0.937245007515568,0.959684346145587,0,0.902136568606399,0.961348507622933,0,0.67500536826283,0.929246295898647,0,0,0.879911960489586,0.912228902727078,0,0.873255314580202,0.305507837663732,0,0,0,0.880663517285806,0.939714408417436,0,0.242913893064204,0,0,0
TRIM44,0,0.777217092548851,0.39419153961778,0,0.614397680910457,0.428655786987331,0,0.726487008803951,0.323652566029633,0,0.644513635387589,0.643439982821559,0,0,0.733304702598239,0.643171569680052,0,0.771634099205497,0.158363753489371,0,0,0,0.599312862357741,0.102748550569036,0,0.935419798153318,0,0,0
VPS13D,0,0.514547992269701,0.115471333476487,0,0.950450934077732,0.825531458020185,0,0.461509555507838,0.723105003220958,0,0.562218166201417,0.816781189607043,0,0,0.490122396392527,0.452866652351299,0,0.121805883616062,0.152351299119605,0,0,0,0.39456731801589,0.645694653210221,0,0.111015675327464,0,0,0
KANK3,0,0.867887051750054,0.234002576766158,0,0.978956409705819,0.976970152458664,0,0.901277646553575,0.990444492162336,0,0.932037792570324,0.855110586214301,0,0,0.8405625939446,0.884582349151814,0,0.740820270560447,0.694170066566459,0,0,0,0.843568821129483,0.991410779471763,0,0.0543805024694009,0,0,0
CROCC,0,0.422697015245866,0.110049388018037,0,0.721977668026627,0.701900365041872,0,0.715321022117243,0.641722138715912,0,0.907826927206356,0.758213442130127,0,0,0.734270989907666,0.662658363753489,0,0.676991625509985,0.311359244148594,0,0,0,0.467522009877604,0.59383723427099,0,0.334174361176723,0,0,0
CTH,0,0.842817264333262,0.245222246081168,0,0.729869014386944,0.948518359458879,0,0.653049173287524,0.912926776894997,0,0.911316298045952,0.729815331758643,0,0,0.673126476272278,0.704852909598454,0,0.54600601245437,0.261917543482929,0,0,0,0.815385441271205,0.939070216877818,0,0.141185312432897,0,0,0
GPT2,0,0.620893278934937,0.13876959415933,0,0.418724500751557,0.613860854627443,0,0.48802877388877,0.545093407773245,0,0.938748121108009,0.812057118316513,0,0,0.524532961133777,0.637051750053683,0,0.509501825209362,0.0798797509126047,0,0,0,0.780330684990337,0.709147519862573,0,0.411262615417651,0,0,0
CAPZA1,0,0.863538758857634,0.973641829503972,0,0.687513420657075,5.36826283014816e-05,0,0.954745544341851,0.703349796006012,0,0.374490015031136,0.412497315868585,0,0,0.972568176937943,0.875509984968864,0,0.967414644621001,0.98443203779257,0,0,0,0.712744255958772,0.379160403693365,0,0.913248872664806,0,0,0
KCNE4,0,0.890541120893279,0.977560661369981,0,0.421462314794932,0.261810178226326,0,0.906055400472407,0.323491518144728,0,0.782907451148808,0.145157826927206,0,0,0.888071719991411,0.802501610478849,0,0.910242645479923,0.973963925273781,0,0,0,0.639360103070646,0.117994417006657,0,0.838952115095555,0,0,0
MRPL24,0,0.487814043375564,0.01304487867726,0,0.808299334335409,0.87427528451793,0,0.704530813828645,0.876261541765085,0,0.942828000858922,0.954691861713549,0,0,0.762239639252738,0.746456946532102,0,0.73298260682843,0.129858277861284,0,0,0,0.639360103070646,0.860317801159545,0,0.289242001288383,0,0,0
GANAB,0,0.735076229332188,0.00977023835086966,0,0.972192398539833,0.985022546703887,0,0.95689284947391,0.977560661369981,0,0.988619282800086,0.98443203779257,0,0,0.958932789349367,0.963066351728581,0,0.833583852265407,0.0835838522654069,0,0,0,0.82354520077303,0.779203349796006,0,0.0938909168992914,0,0,0
HES1,0,0.877979385870732,0.33476487008804,0,0.787094696156324,0.875026841314151,0,0.883884474983895,0.862733519433111,0,0.840240498174791,0.945726862787202,0,0,0.84673609619927,0.868155464891561,0,0.922911745759072,0.787953618209148,0,0,0,0.782853768520507,0.848614988189822,0,0.645802018466824,0,0,0
MEIS3,0,0.640863216663088,0.912819411638394,0,0.317854842173073,0.387964354734808,0,0.720098776036075,0.394030491732875,0,0.328215589435259,0.25542194545845,0,0,0.750214730513206,0.808460382220313,0,0.748818982177367,0.758535537899936,0,0,0,0.842495168563453,0.353500107365257,0,0.750858922052824,0,0,0
TMC8,0,0.926991625509985,0.761541765084819,0,0.850601245436977,0.881092978312218,0,0.900633455013958,0.881415074082027,0,0.920871805883616,0.961992699162551,0,0,0.825585140648486,0.833959630663517,0,0.947927850547563,0.872342709899077,0,0,0,0.832939660725789,0.87389950611982,0,0.955121322739961,0,0,0
LIPT2,0,0.923770667811896,0.773674039080953,0,0.714086321666309,0.614397680910457,0,0.864343998282156,0.777056044663947,0,0.361874597380288,0.445028988619283,0,0,0.865471333476487,0.77136568606399,0,0.781672750697874,0.783551642688426,0,0,0,0.737384582349152,0.659974232338415,0,0.553414215159974,0,0,0
FAM83D,0,0.35290959845394,0.227131200343569,0,0.549012239639253,0.762508052394245,0,0.467522009877604,0.69454584496457,0,0.817371698518359,0.733895211509556,0,0,0.529525445565815,0.618048099634958,0,0.49747691646983,0.100171784410565,0,0,0,0.715106291604037,0.683863001932575,0,0.28188748121108,0,0,0
KCTD3,0,0.76266910027915,0.898754563023406,0,0.438801803736311,0.486257247154821,0,0.726379643547348,0.530867511273352,0,0.4855056903586,0.221923985398325,0,0,0.659276358170496,0.610693579557655,0,0.690519647841958,0.879643547348078,0,0,0,0.658954262400687,0.519433111445136,0,0.643708395963066,0,0,0
RGS14,0,0.439607043160833,0.0142258964998926,0,0.954208718058836,0.995866437620786,0,0.261863860854627,0.99565170710758,0,0.976003865149238,0.993719132488727,0,0,0.418992913893064,0.37137642258965,0,0.478204852909598,0.0122396392527378,0,0,0,0.496779042301911,0.972782907451149,0,0.784356882112948,0,0,0
WSB1,0,0.750966287309427,0.270506764011166,0,0.878355164268843,0.80545415503543,0,0.79455658149023,0.920925488511918,0,0.866330255529311,0.936815546489156,0,0,0.815385441271205,0.735344642473695,0,0.894084174361177,0.792838737384582,0,0,0,0.555990981318445,0.832724930212583,0,0.614397680910457,0,0,0
STARD10,0,0.910672106506335,0.55362894567318,0,0.745114880824565,0.885226540691432,0,0.893601030706463,0.842119390165343,0,0.784732660511059,0.717414644621001,0,0,0.823974661799442,0.937567103285377,0,0.859942022761434,0.751610478849044,0,0,0,0.918778183379858,0.780330684990337,0,0.280384367618639,0,0,0
C19orf52,0,0.711670603392742,0.129804595232983,0,0.939016534249517,0.810822417865579,0,0.760790208288598,0.819894782048529,0,0.855915825638823,0.981425810607687,0,0,0.825209362250376,0.701631951900365,0,0.811788705175005,0.238565600171784,0,0,0,0.622289027270775,0.785967360961993,0,0.908202705604466,0,0,0
POLM,0,0.997799012239639,0.964032639038007,0,0.888930642044234,0.76266910027915,0,0.991464462100064,0.875241571827357,0,0.914000429461026,0.509340777324458,0,0,0.998872664805669,0.99022976164913,0,0.972997637964355,0.958073867296543,0,0,0,0.981264762722783,0.75472407129053,0,0.40036504187245,0,0,0
PROM2,0,0.781672750697874,0.972299763796435,0,0.294073437835516,0.255851406484861,0,0.722729224822847,0.481962636890702,0,0.90653854412712,0.136353875885763,0,0,0.744792785054756,0.873523727721709,0,0.71269057333047,0.883777109727292,0,0,0,0.93805024694009,0.423233841528881,0,0.170496027485506,0,0,0
C1orf56,0,0.855164268842603,0.455819196907881,0,0.780491732875242,0.847004509340777,0,0.909759501825209,0.794502898861928,0,0.924844320377926,0.653532316942237,0,0,0.904498604251664,0.869068069572686,0,0.863485076229332,0.839220528237063,0,0,0,0.819411638393816,0.884474983895212,0,0.309534034786343,0,0,0
MRPS26,0,0.566029632810822,0.784893708395963,0,0.492001288383079,0.612035645265192,0,0.626207859136783,0.783229546918617,0,0.254509340777324,0.403585999570539,0,0,0.525123470045093,0.698733089972085,0,0.563238136139145,0.853500107365257,0,0,0,0.686386085462744,0.681071505260898,0,0.134260253382006,0,0,0
SLA2,0,0.393762078591368,0.605593729869014,0,0.63914537255744,0.41485935151385,0,0.486633025552931,0.43515138501181,0,0.275123470045093,0.422804380502469,0,0,0.416577195619498,0.34238780330685,0,0.507676615847112,0.704477131200344,0,0,0,0.287470474554434,0.48368048099635,0,0.68805024694009,0,0,0
ATP2C2,0,0.605271634099205,0.477560661369981,0,0.898110371483788,0.706087610049388,0,0.627388876959416,0.714569465321022,0,0.384260253382006,0.314311788705175,0,0,0.568499033712691,0.414376207859137,0,0.509126046811252,0.859888340133133,0,0,0,0.282155894352587,0.683111445136354,0,0.385119175434829,0,0,0
LAMA1,0,0.272707751771527,0.839972085033283,0,0.269111015675327,0.0191646983036289,0,0.557547777539188,0.291013528022332,0,0.361820914751986,0.0826175649559802,0,0,0.331758642903157,0.549173287524157,0,0.588307923555937,0.824028344427743,0,0,0,0.435312432896715,0.067318015890058,0,0.363860854627443,0,0,0
TMEM203,0,0.951739317156968,0.00112733519433111,0,0.962583208073867,0.997154820700021,0,0.657397466179944,0.999033712690573,0,0.993719132488727,0.945190036504187,0,0,0.864827141936869,0.8804487867726,0,0.0854627442559588,0.0119175434829289,0,0,0,0.949055185741894,0.97718488297187,0,0.0139038007300837,0,0,0
COX7A2,0,0.734270989907666,0.156914322525231,0,0.532155894352587,0.417114021902512,0,0.914805668885549,0.60070861069358,0,0.964032639038007,0.880663517285806,0,0,0.919261327034572,0.906914322525231,0,0.930910457375993,0.228741679192613,0,0,0,0.841582563882328,0.654283873738458,0,0.686171354949538,0,0,0
BTN2A2,0,0.0177689499677904,0.622718488297187,0,0.241088683701954,0.297401760790208,0,0.125885763366974,0.307118316512776,0,0.443633240283444,0.725842817264333,0,0,0.278290745114881,0.336536396821988,0,0.469293536611552,0.301266910027915,0,0,0,0.465804165771956,0.00799871161692076,0,0.879536182091475,0,0,0
IQCC,0,0.749516856345287,0.401599742323384,0,0.772546703886622,0.781619068069573,0,0.675703242430749,0.543214515782693,0,0.585248013742753,0.578215589435259,0,0,0.681715696800515,0.766373201631952,0,0.59925917972944,0.379321451578269,0,0,0,0.866544986042517,0.697122611123041,0,0.225896499892635,0,0,0
MYO1D,0,0.878301481640541,0.210435902941808,0,0.88732016319519,0.946907880609835,0,0.681554648915611,0.901223963925274,0,0.309695082671248,0.486310929783122,0,0,0.671999141077947,0.564955980244793,0,0.445243719132489,0.375456302340563,0,0,0,0.567264333261757,0.938855486364612,0,0.160618423878033,0,0,0
CNTROB,0,0.792946102641185,0.577678763152244,0,0.61702812969723,0.799334335409062,0,0.610908310070861,0.973373416362465,0,0.921408632166631,0.607579987116169,0,0,0.595877174146446,0.698947820485291,0,0.536665235129912,0.408202705604466,0,0,0,0.788114666094052,0.828645050461671,0,0.396983036289457,0,0,0
PDLIM4,0,0.988511917543483,0.999194760575478,0,0.585892205282371,0.491518144728366,0,0.987814043375564,0.493450719347219,0,0.775875026841314,0.445995275928709,0,0,0.983358385226541,0.995759072364183,0,0.976003865149238,0.988297187030277,0,0,0,0.996779042301911,0.548529095984539,0,0.458127549924844,0,0,0
IL11RA,0,0.531994846467683,0.14998926347434,0,0.867887051750054,0.923448572042087,0,0.384152888125403,0.936708181232553,0,0.816405411208933,0.582993343354091,0,0,0.296596521365686,0.335731157397466,0,0.203027700236204,0.333369121752201,0,0,0,0.347004509340777,0.959201202490874,0,0.0802018466824136,0,0,0
RIC3,0,0.178816834872235,0.781135924414859,0,0.242913893064204,0.108546274425596,0,0.016158471118746,0.291013528022332,0,0.518359458879107,0.183648271419369,0,0,0.189445995275929,0.208879106721065,0,0.0650096628730943,0.598937083959631,0,0,0,0.318445351084389,0.0403156538544127,0,0.461080094481426,0,0,0
THUMPD3,0,0.758481855271634,0.217253596736096,0,0.909652136568606,0.973963925273781,0,0.682198840455229,0.946478419583423,0,0.793966072578913,0.551589005797724,0,0,0.718058836160618,0.717736740390809,0,0.280867511273352,0.331812325531458,0,0,0,0.78333691217522,0.937728151170281,0,0.0439660725789135,0,0,0
PNPLA3,0,0.724769164698304,0.834013313291819,0,0.316781189607043,0.375832080738673,0,0.654176508481855,0.397519862572472,0,0.705282370624866,0.284571612626154,0,0,0.670120249087395,0.726701739317157,0,0.646231479493236,0.374167919261327,0,0,0,0.821719991410779,0.408632166630878,0,0.671193901653425,0,0,0
FCHO1,0,0.609834657504831,0.52319089542624,0,0.414966716770453,0.558943525875027,0,0.532424307494095,0.493450719347219,0,0.749731586858493,0.967307279364398,0,0,0.576980888984325,0.700987760360747,0,0.88732016319519,0.644835731157397,0,0,0,0.828913463603178,0.50144943096414,0,0.982875241571827,0,0,0
CCT6P1,0,0.427152673394889,0.527592870946962,0,0.241088683701954,0.103500107365257,0,0.408954262400687,0.291013528022332,0,0.653585999570539,0.338737384582349,0,0,0.41378569894782,0.506066136998067,0,0.466126261541765,0.110371483787846,0,0,0,0.647305132059266,0.300193257461885,0,0.653371269057333,0,0,0
CAPG,0,0.902834442774318,0.0317264333261756,0,0.99382649774533,0.98405625939446,0,0.927743182306206,0.988887695941593,0,0.691485935151385,0.636407558514065,0,0,0.893923126476272,0.749570538973588,0,0.634904444921623,0.92355593729869,0,0,0,0.276197122611123,0.995436976594374,0,0.00998496886407559,0,0,0
CMBL,0,0.580416577195619,0.332939660725789,0,0.867779686493451,0.810983465750483,0,0.673716985183595,0.888071719991411,0,0.80470259823921,0.564526519218381,0,0,0.523620356452652,0.506388232767876,0,0.362840884689714,0.696048958557011,0,0,0,0.390648486149882,0.942237491947606,0,0.081919690788061,0,0,0
ZMYM6,0,0.400257676615847,0.305883616061842,0,0.653102855915826,0.804917328752416,0,0.532800085892205,0.872020614129268,0,0.279954906592227,0.682843031994846,0,0,0.320377925703242,0.443740605540047,0,0.579020828859781,0.648271419368692,0,0,0,0.392527378140434,0.897788275713979,0,0.279418080309212,0,0,0
C17orf82,0,0.707698088898432,0.982016319519004,0,0.241088683701954,0.103500107365257,0,0.636622289027271,0.291013528022332,0,0.900096628730943,0.116491303414215,0,0,0.688855486364612,0.815063345501396,0,0.654820700021473,0.852748550569036,0,0,0,0.909491088683702,0.300193257461885,0,0.195726862787202,0,0,0
MYH7B,0,0.683594588791067,0.534195834228044,0,0.727775391883187,0.446907880609835,0,0.633508696585785,0.496510629160404,0,0.947874167919261,0.464086321666309,0,0,0.643708395963066,0.667597165557226,0,0.592012024908739,0.313936010307065,0,0,0,0.733251019969938,0.655142795791282,0,0.209738028773889,0,0,0
BASP1,0,0.96269057333047,0.948572042087181,0,0.562379214086322,0.584281726433326,0,0.944975305990981,0.609673609619927,0,0.668241357096844,0.49710113807172,0,0,0.964032639038007,0.95399398754563,0,0.925273781404338,0.91088683701954,0,0,0,0.933487223534464,0.500161047884904,0,0.622181662014172,0,0,0
ZNF302,0,0.512508052394245,0.790154605969508,0,0.241088683701954,0.294341850977024,0,0.414644621000644,0.291013528022332,0,0.893171569680052,0.847219239853983,0,0,0.506764011165987,0.617135494953833,0,0.732284732660511,0.205550783766373,0,0,0,0.761273351943311,0.0244255958771741,0,0.934829289242001,0,0,0
UPF3B,0,0.791067210650633,0.400901868155465,0,0.596145587287954,0.683540906162766,0,0.743719132488727,0.425917972943955,0,0.636407558514065,0.708288597809749,0,0,0.762830148164054,0.750107365256603,0,0.694599527592871,0.24747691646983,0,0,0,0.804917328752416,0.701309856130556,0,0.311198196263689,0,0,0
C11orf71,0,0.949753059909813,0.963442130126691,0,0.63549495383294,0.614880824565171,0,0.90074082027056,0.525660296328108,0,0.268681554648916,0.658524801374275,0,0,0.899720850332832,0.871054326819841,0,0.941593300407988,0.948625724715482,0,0,0,0.882488726648057,0.665342495168563,0,0.91088683701954,0,0,0
TMEM18,0,0.0232445780545416,0.200773029847541,0,0.359351513850118,0.520184668241357,0,0.0169100279149667,0.525660296328108,0,0.677152673394889,0.645104144298905,0,0,0.122664805668886,0.136514923770668,0,0.254938801803736,0.0843354090616277,0,0,0,0.229010092334121,0.51846682413571,0,0.755314580201847,0,0,0
MAVS,0,0.871591153102856,0.0485290959845394,0,0.817693794288168,0.929407343783552,0,0.765890057977239,0.961992699162551,0,0.925542194545845,0.922911745759072,0,0,0.649345071934722,0.812808675112733,0,0.647895640970582,0.0244255958771741,0,0,0,0.864290315653854,0.964945243719132,0,0.266748980030062,0,0,0
TAP1,0,0.630019325746189,0.829826068284303,0,0.963871591153103,0.651062916040369,0,0.8297187030277,0.47208503328323,0,0.650901868155465,0.876959415933004,0,0,0.624490015031136,0.862035645265192,0,0.874543697659437,0.908578484002577,0,0,0,0.802233197337342,0.373845823491518,0,0.769486794073438,0,0,0
HCFC2,0,0.665718273566674,0.655840669959201,0,0.581275499248443,0.620088039510414,0,0.374973158685849,0.780921193901653,0,0.926347433970367,0.675059050891132,0,0,0.43080309211939,0.514386944384797,0,0.345823491518145,0.607526304487868,0,0,0,0.658149022976165,0.523835086965858,0,0.268037363109298,0,0,0
MKKS,0,0.435634528666524,0.0956087610049388,0,0.714193686922912,0.90471333476487,0,0.680480996349581,0.63732016319519,0,0.806098346575048,0.901921838093193,0,0,0.721172428602104,0.601621215374705,0,0.74457805454155,0.164966716770453,0,0,0,0.513205926562164,0.853178011595448,0,0.777270775177153,0,0,0
CD151,0,0.977131200343569,0.185795576551428,0,0.971333476487009,0.99892634743397,0,0.858868370195405,0.994953832939661,0,0.859297831221817,0.450128838307924,0,0,0.893547348078162,0.941110156753275,0,0.585570109512562,0.90906162765729,0,0,0,0.978580631307709,0.998443203779257,0,0.00450934077732446,0,0,0
PLS3,0,0.725520721494524,0.962905303843676,0,0.337341636246511,0.199323598883401,0,0.800783766373202,0.291013528022332,0,0.0519111015675327,0.156645909383723,0,0,0.767339488941379,0.708879106721065,0,0.832671247584282,0.938801803736311,0,0,0,0.623147949323599,0.14998926347434,0,0.837073223105003,0,0,0
HEXDC,0,0.6992699162551,0.0629160403693365,0,0.809587717414645,0.935258750268413,0,0.516104788490444,0.96231479493236,0,0.804380502469401,0.874436332402834,0,0,0.695780545415503,0.592602533820056,0,0.279203349796006,0.125939445995276,0,0,0,0.4710113807172,0.740766587932145,0,0.123416362465106,0,0,0
UPK3A,0,0.41920764440627,0.0716126261541765,0,0.815278076014602,0.891829503972514,0,0.504616706033927,0.895050461670603,0,0.914322525230835,0.906968005153532,0,0,0.46848829718703,0.438801803736311,0,0.226487008803951,0.116867081812326,0,0,0,0.275069787416792,0.831490229761649,0,0.0726862787202061,0,0,0
GIGYF1,0,0.664590938372343,0.238834013313292,0,0.762937513420657,0.686761863860855,0,0.761058621430105,0.810070861069358,0,0.822578913463603,0.628516212153747,0,0,0.803199484646768,0.762400687137642,0,0.558406699592012,0.203671891775821,0,0,0,0.695404767017393,0.704799226970152,0,0.322632596091905,0,0,0
GRK6,0,0.803414215159974,0.153210221172429,0,0.847648700880395,0.898271419368692,0,0.802555293107151,0.473319733734164,0,0.996081168133992,0.959899076658793,0,0,0.794771312003436,0.917167704530814,0,0.858546274425596,0.0280760146016749,0,0,0,0.957214945243719,0.531780115954477,0,0.841045737599313,0,0,0
ARHGAP19,0,0.572364182950397,0.930964140004295,0,0.241088683701954,0.270775177152673,0,0.569733734163625,0.291013528022332,0,0.581221816620142,0.849205497101138,0,0,0.560715052608976,0.68225252308353,0,0.866598668670818,0.608546274425596,0,0,0,0.815707537041014,0.154928065278076,0,0.950558299334335,0,0,0
SAT2,0,0.613216663087825,0.413087824779901,0,0.8623040584067,0.703564526519218,0,0.556635172858063,0.820485290959845,0,0.509716555722568,0.618531243289671,0,0,0.55615202920335,0.635709684346146,0,0.247799012239639,0.240283444277432,0,0,0,0.761273351943311,0.813023405625939,0,0.0975950182520936,0,0,0
CLK4,0,0.707537041013528,0.877603607472622,0,0.420227614343998,0.515890057977239,0,0.65761219669315,0.622772170925489,0,0.785215804165772,0.29783122181662,0,0,0.695028988619283,0.701256173502255,0,0.569787416791926,0.778451792999785,0,0,0,0.781672750697874,0.639467468327249,0,0.407290100923341,0,0,0
BIVM,0,0.497154820700021,0.180212583208074,0,0.669422374919476,0.794717629375134,0,0.369390165342495,0.488350869658578,0,0.482499463173717,0.311466609405196,0,0,0.438372342709899,0.401760790208289,0,0.0430534678977883,0.232499463173717,0,0,0,0.471548207000215,0.561466609405196,0,0.171408632166631,0,0,0
SEMA4B,0,0.945082671247584,0.344159330040799,0,0.89456731801589,0.991947605754778,0,0.829987116169208,0.9782585355379,0,0.956356023190895,0.957912819411638,0,0,0.906806957268628,0.937083959630663,0,0.78730942666953,0.914913034142152,0,0,0,0.976325960919047,0.983465750483144,0,0.0585677474769165,0,0,0
RAPGEF5,0,0.48115739746618,0.170388662228903,0,0.951309856130556,0.914054112089328,0,0.312432896714623,0.757139789564097,0,0.652566029632811,0.689070216877818,0,0,0.133723427098991,0.212153747047455,0,0.2137642258965,0.596789778827571,0,0,0,0.190358599957054,0.94384797079665,0,0.160672106506335,0,0,0
NLK,0,0.78441056474125,0.84925917972944,0,0.523083530169637,0.644084174361177,0,0.83659007945029,0.479815331758643,0,0.691271204638179,0.408256388232768,0,0,0.705336053253167,0.875671032853769,0,0.76991625509985,0.776250805239424,0,0,0,0.900687137642259,0.72535967360962,0,0.448464676830578,0,0,0
NASP,0,0.485559372986901,0.103124328967146,0,0.71956194975306,0.583905948035216,0,0.556957268627872,0.631844535108439,0,0.491732875241572,0.802716340992055,0,0,0.520560446639467,0.414751986257247,0,0.448786772600387,0.257354520077303,0,0,0,0.341260468112519,0.687459738028774,0,0.285376852050676,0,0,0
RPS10,0,0.0281296972299764,0.0830470259823921,0,0.472192398539833,0.602480137427528,0,0.320807386729654,0.436332402834443,0,0.813130770882542,0.527056044663947,0,0,0.197068928494739,0.320163195190036,0,0.00676401116598669,0.0853016963710543,0,0,0,0.207859136783337,0.668187674468542,0,0.0254455658149023,0,0,0
FERMT3,0,0.812862357741035,0.298851191754348,0,0.692505905089113,0.688533390594804,0,0.786665235129912,0.5905625939446,0,0.843300407987975,0.685688211294825,0,0,0.771526733948894,0.847326605110586,0,0.680856774747692,0.121698518359459,0,0,0,0.892205282370625,0.676615847111875,0,0.373255314580202,0,0,0
KLB,0,0.830684990337127,0.505636675971656,0,0.777378140433756,0.713388447498389,0,0.767071075799871,0.639038007300837,0,0.255905089113163,0.434829289242001,0,0,0.815761219669315,0.478741679192613,0,0.716716770453081,0.877388876959416,0,0,0,0.333583852265407,0.634313936010307,0,0.795737599312862,0,0,0
RASSF6,0,0.705228687996564,0.356989478204853,0,0.838522654069143,0.773405625939446,0,0.693311144513635,0.683487223534464,0,0.238243504401976,0.74892634743397,0,0,0.629053038436762,0.436386085462744,0,0.668080309211939,0.715857848400258,0,0,0,0.359512561735023,0.836643762078591,0,0.5797187030277,0,0,0
SYNJ1,0,0.623523727721709,0.389306420442345,0,0.863538758857634,0.909168992913893,0,0.650096628730943,0.749516856345287,0,0.469884045522869,0.571827356667382,0,0,0.609673609619927,0.642473695512132,0,0.503757783981104,0.793912389950612,0,0,0,0.711992699162551,0.881361391453726,0,0.201256173502255,0,0,0
ZNF706,0,0.870624865793429,0.889038007300837,0,0.666147734593086,0.711724286021044,0,0.888071719991411,0.819465321022117,0,0.162819411638394,0.517876315224393,0,0,0.831651277646554,0.894889413785699,0,0.866169207644406,0.938855486364612,0,0,0,0.853178011595448,0.736847756066137,0,0.211080094481426,0,0,0
FOXE1,0,0.777646553575263,0.965535752630449,0,0.369390165342495,0.435580846038222,0,0.769272063560232,0.426830577625081,0,0.313238136139145,0.171999141077947,0,0,0.741142366330256,0.8623040584067,0,0.720850332832295,0.873308997208503,0,0,0,0.922965428387374,0.463120034356882,0,0.307655142795791,0,0,0
FAM104A,0,0.638286450504617,0.289564097058192,0,0.64564097058192,0.759984968864076,0,0.713012669100279,0.719400901868155,0,0.760629160403693,0.77319089542624,0,0,0.562003435688211,0.733841528881254,0,0.696800515353232,0.309641400042946,0,0,0,0.656270130985613,0.798421730727936,0,0.202329826068284,0,0,0
LCAT,0,0.592280438050247,0.451363538758858,0,0.704369765943741,0.688103929568392,0,0.482123684775607,0.580523942452222,0,0.886837019540477,0.404767017393172,0,0,0.533068499033713,0.582349151814473,0,0.117135494953833,0.400955550783766,0,0,0,0.664215159974232,0.541711402190251,0,0.164805668885549,0,0,0
RNF111,0,0.276304487867726,0.0786450504616706,0,0.767929997852695,0.696156323813614,0,0.431339918402405,0.712905303843676,0,0.590294180803092,0.675864290315654,0,0,0.340777324457805,0.332134421301267,0,0.298260682843032,0.0504079879750913,0,0,0,0.190358599957054,0.713710543268198,0,0.335355378999356,0,0,0
SLC25A11,0,0.668026626583638,0.159974232338415,0,0.696854197981533,0.871698518359459,0,0.657934292462959,0.738565600171784,0,0.764011165986687,0.813506549280653,0,0,0.667811896070432,0.713710543268198,0,0.561520292033498,0.154659652136569,0,0,0,0.751664161477346,0.836912175220099,0,0.368799656431179,0,0,0
CCNL2,0,0.740981318445351,0.101728580631308,0,0.878462529525446,0.975091260468113,0,0.674898003006227,0.984915181447284,0,0.90471333476487,0.911638393815761,0,0,0.705228687996564,0.611337771097273,0,0.580470259823921,0.346091904659652,0,0,0,0.559104573759931,0.992913893064204,0,0.041013528022332,0,0,0
FAM65A,0,0.207644406270131,0.219347219239854,0,0.493611767232124,0.6485398325102,0,0.378891990551857,0.62717414644621,0,0.948947820485291,0.930534678977883,0,0,0.493880180373631,0.515084818552716,0,0.56050032209577,0.0646338844749839,0,0,0,0.621215374704746,0.513850118101782,0,0.84856130556152,0,0,0
NXF1,0,0.611928280008589,0.01594374060554,0,0.858546274425596,0.933111445136354,0,0.60001073652566,0.582832295469186,0,0.99022976164913,0.935795576551428,0,0,0.652297616491303,0.75832080738673,0,0.354305346789779,0.0853553789993558,0,0,0,0.768681554648916,0.811842387803307,0,0.0187889199055186,0,0,0
PAPSS2,0,0.928065278076015,0.551750053682628,0,0.970474554434185,0.915664590938372,0,0.795254455658149,0.938264977453296,0,0.392903156538544,0.838522654069143,0,0,0.71956194975306,0.732767876315224,0,0.811305561520292,0.902673394889414,0,0,0,0.765192183809319,0.937352372772171,0,0.340401546059695,0,0,0
PRF1,0,0.616491303414215,0.902941808030921,0,0.379536182091475,0.174092763581705,0,0.686761863860855,0.292892420012884,0,0.146553575263045,0.422535967360962,0,0,0.790798797509126,0.55362894567318,0,0.775606613699807,0.886192828000859,0,0,0,0.45506764011166,0.0591045737599313,0,0.889091689929139,0,0,0
IRAK3,0,0.752254670388662,0.643547348078162,0,0.89998926347434,0.458771741464462,0,0.637910672106506,0.481694223749195,0,0.412389950611982,0.798958557010951,0,0,0.727077517715267,0.451578269272064,0,0.692559587717415,0.670979171140219,0,0,0,0.453081382864505,0.514601674898003,0,0.796113377710973,0,0,0
TMEM145,0,0.928387373845823,0.923287524157183,0,0.801052179514709,0.503596736096199,0,0.958073867296543,0.800407987975091,0,0.937835516426884,0.776411853124329,0,0,0.954799226970152,0.964998926347434,0,0.943579557655143,0.851728580631308,0,0,0,0.943740605540047,0.525875026841314,0,0.72208503328323,0,0,0
SDHAP3,0,0.306474124973159,0.390380073008375,0,0.241088683701954,0.341797294395534,0,0.445726862787202,0.291013528022332,0,0.893225252308353,0.372557440412283,0,0,0.516534249516856,0.628194116383938,0,0.351782263259609,0.155142795791282,0,0,0,0.772385656001718,0.0678548421730728,0,0.461509555507838,0,0,0
DICER1,0,0.264333261756496,0.614880824565171,0,0.474715482070002,0.337395318874812,0,0.215267339488941,0.440465965213657,0,0.286826283014816,0.688264977453296,0,0,0.101406484861499,0.109619926991626,0,0.605110586214301,0.419744470689285,0,0,0,0.190358599957054,0.407021687781834,0,0.859029418080309,0,0,0
THEM4,0,0.17065707537041,0.143547348078162,0,0.552233197337342,0.537202061412927,0,0.368692291174576,0.559534034786343,0,0.842226755421945,0.866706033927421,0,0,0.361176723212368,0.35580846038222,0,0.513366974447069,0.0658149022976165,0,0,0,0.265621644835731,0.506495598024479,0,0.727453296113378,0,0,0
INTS3,0,0.364934507193472,0.242269701524587,0,0.501932574618853,0.658363753489371,0,0.480352158041658,0.693418509770238,0,0.674522224608117,0.812003435688211,0,0,0.458771741464462,0.433433540906163,0,0.50579772385656,0.295039725144943,0,0,0,0.389413785698948,0.587502684131415,0,0.37100064419154,0,0,0
SHISA5,0,0.398700880395104,0.0805776250805239,0,0.565331758642903,0.535323169422375,0,0.478473266051106,0.807118316512776,0,0.839220528237063,0.897251449430964,0,0,0.524371913248873,0.572901009233412,0,0.374543697659437,0.0137964354734808,0,0,0,0.562701309856131,0.590616276572901,0,0.429890487438265,0,0,0
STRADA,0,0.416523512991196,0.214945243719132,0,0.637642258964999,0.472997637964355,0,0.491196048958557,0.338630019325746,0,0.818982177367404,0.689607043160833,0,0,0.574296757569251,0.424414859351514,0,0.466179944170067,0.203725574404123,0,0,0,0.335623792140863,0.323276787631522,0,0.491786557869873,0,0,0
RPL7L1,0,0.735290959845394,0.0901868155464892,0,0.887964354734808,0.824028344427743,0,0.799388018037363,0.877872020614129,0,0.890970581919691,0.95254455658149,0,0,0.839972085033283,0.776143439982822,0,0.818874812110801,0.60360747262186,0,0,0,0.573115739746618,0.634958127549925,0,0.610103070646339,0,0,0
LOC728392,0,0.677743182306206,0.972782907451149,0,0.241088683701954,0.209899076658793,0,0.688211294824995,0.291013528022332,0,0.505099849688641,0.261649130341422,0,0,0.709523298260683,0.835194331114451,0,0.674790637749624,0.737814043375564,0,0,0,0.922160188962852,0.0487438264977453,0,0.588254240927636,0,0,0
C8orf44,0,0.0119712261112304,0.376154176508482,0,0.241088683701954,0.256066136998067,0,0.118155464891561,0.319519003650419,0,0.638447498389521,0.942881683487224,0,0,0.156699592012025,0.180642044234486,0,0.728795361820915,0.10001073652566,0,0,0,0.289725144943096,0.0434829289242001,0,0.974822847326605,0,0,0
KLHL38,0,0.81339918402405,0.975628086751127,0,0.423448572042087,0.442828000858922,0,0.736740390809534,0.395748335838523,0,0.308621430105218,0.244524371913249,0,0,0.771795147090402,0.865632381361391,0,0.729224822847327,0.875241571827357,0,0,0,0.940251234700451,0.482392097917114,0,0.361337771097273,0,0,0
MON2,0,0.591743611767232,0.300998496886408,0,0.78516212153747,0.719776680266266,0,0.592924629589865,0.470045093407773,0,0.295308138286451,0.273137212797939,0,0,0.465159974232338,0.659276358170496,0,0.100601245436977,0.319465321022117,0,0,0,0.642956839166846,0.665986686708181,0,0.0278076014601675,0,0,0
HOXA13,0,0.515997423233842,0.184399828215589,0,0.623470045093408,0.728741679192613,0,0.387427528451793,0.833369121752201,0,0.830738672965428,0.371322739961349,0,0,0.333959630663517,0.36123040584067,0,0.187298690143869,0.638232767876315,0,0,0,0.367081812325531,0.785376852050676,0,0.0779471762937513,0,0,0
DEGS2,0,0.668724500751557,0.451739317156968,0,0.754401975520722,0.58514064848615,0,0.548797509126047,0.473856560017178,0,0.669046596521366,0.305615202920335,0,0,0.549656431178871,0.423824350440198,0,0.360103070646339,0.634689714408417,0,0,0,0.424736955121323,0.599044449216234,0,0.2065170710758,0,0,0
TOMM5,0,0.375671032853769,0.439660725789135,0,0.391346360317801,0.587502684131415,0,0.59963495812755,0.578215589435259,0,0.591099420227614,0.706946532102212,0,0,0.477292248228473,0.699216233626798,0,0.678494739102426,0.338630019325746,0,0,0,0.6340455228688,0.130234056259394,0,0.64746617994417,0,0,0
SLA,0,0.83079235559373,0.971494524371913,0,0.363216663087825,0.0119712261112304,0,0.863324028344428,0.308997208503328,0,0.500483143654713,0.144459952759287,0,0,0.866491303414215,0.811037148378785,0,0.864075585140649,0.94637105432682,0,0,0,0.744631737169852,0.125080523942452,0,0.866706033927421,0,0,0
TP53I13,0,0.321988404552287,0.366706033927421,0,0.43515138501181,0.516963710543268,0,0.260843890916899,0.536450504616706,0,0.554165771956195,0.428548421730728,0,0,0.346521365686064,0.28441056474125,0,0.0326390380073008,0.289939875456302,0,0,0,0.33659007945029,0.387105432681984,0,0.185044019755207,0,0,0
ARHGAP9,0,0.426830577625081,0.299549065922268,0,0.502415718273567,0.45759072364183,0,0.76921838093193,0.593354090616277,0,0.835033283229547,0.748067425381147,0,0,0.713173716985184,0.672589649989264,0,0.760736525660296,0.188801803736311,0,0,0,0.557171999141078,0.562647627227829,0,0.802233197337342,0,0,0
SH3BP5,0,0.926240068713764,0.469615632381361,0,0.791281941163839,0.707698088898432,0,0.965052608975735,0.743611767232124,0,0.540637749624222,0.950504616706034,0,0,0.964676830577625,0.914805668885549,0,0.973749194760576,0.662873094266695,0,0,0,0.766748980030062,0.644621000644192,0,0.948464676830578,0,0,0
CDK5RAP3,0,0.486901438694438,0.00654928065278076,0,0.706033927421087,0.770614129267769,0,0.361552501610479,0.71848829718703,0,0.99130341421516,0.964784195834228,0,0,0.595555078376637,0.51776894996779,0,0.476594374060554,0.0193794288168349,0,0,0,0.491625509984969,0.591689929138931,0,0.644996779042302,0,0,0
PCGF3,0,0.957375993128624,0.9710113807172,0,0.850547562808675,0.530115954477131,0,0.919046596521366,0.748121108009448,0,0.578645050461671,0.417221387159115,0,0,0.907558514064849,0.910403693364827,0,0.796435473480782,0.960006441915396,0,0,0,0.922643332617565,0.592817264333262,0,0.226487008803951,0,0,0
ZNF710,0,0.644084174361177,0.209523298260683,0,0.967360961992699,0.939284947391024,0,0.716072578913464,0.776626583637535,0,0.248389521150956,0.742699162550999,0,0,0.516641614773459,0.70324243074941,0,0.599473910242646,0.652727077517715,0,0,0,0.710060124543698,0.895909383723427,0,0.254401975520721,0,0,0
UBQLN4,0,0.327678763152244,0.123255314580202,0,0.84383723427099,0.61085462744256,0,0.697659437406055,0.912658363753489,0,0.908578484002577,0.961455872879536,0,0,0.703349796006012,0.730244792785055,0,0.779686493450719,0.10833154391239,0,0,0,0.549388018037363,0.643064204423449,0,0.82499463173717,0,0,0
ZMYM1,0,0.681769379428817,0.31484861498819,0,0.607848400257677,0.780277002362036,0,0.53296113377711,0.862089327893494,0,0.577839811037148,0.681178870517501,0,0,0.500322095769809,0.613646124114237,0,0.502576766158471,0.277646553575263,0,0,0,0.66013528022332,0.815492806527808,0,0.327517715267339,0,0,0
PKD2,0,0.689016534249517,0.939177582134421,0,0.431500966287309,0.0109512561735023,0,0.919583422804381,0.291013528022332,0,0.735237277217093,0.340669959201202,0,0,0.883938157612197,0.79020828859781,0,0.935366115525016,0.970367189177582,0,0,0,0.559104573759931,0.105915825638823,0,0.907719561949753,0,0,0
SUN2,0,0.695619497530599,0.806903585999571,0,0.464998926347434,0.42645479922697,0,0.602211724286021,0.509984968864076,0,0.812754992484432,0.555937298690144,0,0,0.641775821344213,0.710811681339918,0,0.594535108438909,0.330899720850333,0,0,0,0.814150740820271,0.512400687137642,0,0.450236203564527,0,0,0
TRIM5,0,0.443525875026841,0.0942666952974018,0,0.802394245222246,0.89059480352158,0,0.35398325101997,0.911047884904445,0,0.197874167919261,0.888125402619712,0,0,0.237599312862358,0.237008803951041,0,0.321183165127765,0.102480137427528,0,0,0,0.33659007945029,0.951148808245652,0,0.404874382649775,0,0,0
APBB3,0,0.730566888554864,0.119282800085892,0,0.884206570753704,0.83186600815976,0,0.563130770882542,0.817371698518359,0,0.941969078806098,0.895265192183809,0,0,0.677850547562809,0.676240068713764,0,0.460489585570109,0.099420227614344,0,0,0,0.754509340777324,0.73985398325102,0,0.122772170925489,0,0,0
GRAP2,0,0.615632381361391,0.376583637534894,0,0.537577839811037,0.63334764870088,0,0.677313721279794,0.678924200128838,0,0.45834228043805,0.856023190895426,0,0,0.598292892420013,0.758911316298046,0,0.799549065922268,0.16523512991196,0,0,0,0.751664161477346,0.142581060768735,0,0.97391024264548,0,0,0
FBLN1,0,0.785215804165772,0.471333476487009,0,0.797294395533605,0.79058406699592,0,0.833047025982392,0.80110586214301,0,0.516212153747047,0.316888554863646,0,0,0.690465965213657,0.628677260038652,0,0.679246295898647,0.950021473051321,0,0,0,0.190358599957054,0.899613485076229,0,0.0538973588146876,0,0,0
TIGD3,0,0.979600601245437,0.749516856345287,0,0.928011595447713,0.922750697874168,0,0.951470904015461,0.927313721279794,0,0.957537041013528,0.907987975091261,0,0,0.948733089972085,0.965804165771956,0,0.962851621215375,0.876529954906592,0,0,0,0.967360961992699,0.913570968434615,0,0.677152673394889,0,0,0
MORN4,0,0.824457805454155,0.0850869658578484,0,0.829665020399399,0.91883186600816,0,0.683594588791067,0.91485935151385,0,0.930642044234486,0.593783551642688,0,0,0.656484861498819,0.71848829718703,0,0.203135065492807,0.389467468327249,0,0,0,0.599312862357741,0.892097917114022,0,0.0275928709469616,0,0,0
CPT2,0,0.68767446854198,0.218756710328538,0,0.914215159974232,0.773727721709255,0,0.845232982606828,0.640809534034786,0,0.673824350440198,0.617564955980245,0,0,0.792140863216663,0.781619068069573,0,0.741410779471763,0.360532531672751,0,0,0,0.580094481425811,0.526841314150741,0,0.602050676401117,0,0,0
TSPYL1,0,0.244953832939661,0.486310929783122,0,0.366383938157612,0.518144728365901,0,0.206356023190895,0.525660296328108,0,0.812862357741035,0.79455658149023,0,0,0.408149022976165,0.282800085892205,0,0.400203993987546,0.360210435902942,0,0,0,0.399667167704531,0.522170925488512,0,0.360639896929354,0,0,0
SYNGR1,0,0.512615417650848,0.320216877818338,0,0.84131415074082,0.281082241786558,0,0.735344642473695,0.762024908739532,0,0.434829289242001,0.888608546274426,0,0,0.630180373631093,0.682359888340133,0,0.76342065707537,0.391346360317801,0,0,0,0.560017178441056,0.783766373201632,0,0.580416577195619,0,0,0
PCYOX1L,0,0.866383938157612,0.418563452866652,0,0.98115739746618,0.947176293751342,0,0.753865149237707,0.82354520077303,0,0.85795576551428,0.699699377281512,0,0,0.721333476487009,0.786718917758213,0,0.509287094696156,0.728151170281297,0,0,0,0.842709899076659,0.927474769164698,0,0.0574940949108868,0,0,0
ALCAM,0,0.924414859351514,0.937245007515568,0,0.853231694223749,0.629536182091475,0,0.824726218595662,0.684936654498604,0,0.365417650848186,0.42355593729869,0,0,0.81232553145802,0.798743826497745,0,0.729493235988834,0.935473480781619,0,0,0,0.835892205282371,0.701470904015461,0,0.270721494524372,0,0,0
LIG1,0,0.712153747047455,0.867618638608546,0,0.547777539188319,0.499570538973588,0,0.558889843246725,0.370946961563238,0,0.655464891561091,0.437406055400472,0,0,0.654659652136569,0.620463817908525,0,0.486257247154821,0.860532531672751,0,0,0,0.678655786987331,0.386729654283874,0,0.133240283444277,0,0,0
WRNIP1,0,0.850601245436977,0.187513420657075,0,0.815600171784411,0.671462314794932,0,0.825424092763582,0.928655786987331,0,0.804595232982607,0.901223963925274,0,0,0.747047455443419,0.688909168992914,0,0.849366544986042,0.60215804165772,0,0,0,0.458825424092764,0.769325746188533,0,0.420979171140219,0,0,0
DBF4B,0,0.273888769594159,0.754133562379214,0,0.241088683701954,0.236257247154821,0,0.325531458020185,0.291013528022332,0,0.849312862357741,0.553843676186386,0,0,0.456839166845609,0.55905089113163,0,0.421140219025123,0.210704316083315,0,0,0,0.706839166845609,0.0148700880395104,0,0.717414644621001,0,0,0
NDUFA6,0,0.835999570538974,0.184238780330685,0,0.882918187674469,0.747423233841529,0,0.706785484217307,0.804004724071291,0,0.875134206570754,0.72788275713979,0,0,0.729761649130341,0.792677689499678,0,0.445995275928709,0.176347433970367,0,0,0,0.792248228473266,0.782155894352587,0,0.126529954906592,0,0,0
ARHGEF1,0,0.859619926991625,0.454852909598454,0,0.893547348078162,0.631039295683917,0,0.974178655786987,0.858761004938802,0,0.981264762722783,0.963281082241787,0,0,0.976862787202061,0.957000214730513,0,0.968810392956839,0.709093837234271,0,0,0,0.910994202276143,0.756334550139575,0,0.921086536396822,0,0,0
CNN2,0,0.853822203135066,0.174736955121323,0,0.858599957053897,0.775982392097917,0,0.941754348292892,0.975091260468113,0,0.809372986901439,0.861659866867082,0,0,0.90761219669315,0.976272278290745,0,0.860210435902942,0.377764655357526,0,0,0,0.927796864934507,0.695458449645695,0,0.1123040584067,0,0,0
EXOSC3,0,0.733787846252953,0.104734807816191,0,0.611015675327464,0.697229976379644,0,0.65363968219884,0.752200987760361,0,0.847219239853983,0.707429675756925,0,0,0.725681769379429,0.68622503757784,0,0.436332402834443,0.186010307064634,0,0,0,0.675488511917543,0.533390594803522,0,0.285215804165772,0,0,0
HPCA,0,0.693203779257032,0.332349151814473,0,0.706248657934292,0.758642903156539,0,0.455550783766373,0.815492806527808,0,0.531296972299764,0.545683916684561,0,0,0.443311144513635,0.429944170066566,0,0.521526733948894,0.709845394030492,0,0,0,0.492054971011381,0.772600386514924,0,0.286665235129912,0,0,0
ALDOA,0,0.963710543268198,0.0155142795791282,0,0.952276143439983,0.909383723427099,0,0.853339059480352,0.929461026411853,0,0.978795361820915,0.933916684560876,0,0,0.950665664590938,0.863270345716126,0,0.554863646124114,0.154391238995061,0,0,0,0.807333047025982,0.889038007300837,0,0.0151921838093193,0,0,0
SIRT3,0,0.567962207429676,0.0831007086106936,0,0.870195404767017,0.885763366974447,0,0.411692076444063,0.843676186386085,0,0.604734807816191,0.909598453940305,0,0,0.341475198625725,0.329450289886193,0,0.495329611337771,0.0795039725144943,0,0,0,0.403585999570539,0.912819411638394,0,0.651009233412068,0,0,0
TYK2,0,0.788705175005368,0.0151921838093193,0,0.783014816405411,0.782102211724286,0,0.649345071934722,0.93332617564956,0,0.617135494953833,0.953188748121108,0,0,0.690895426240069,0.592173072793644,0,0.7065170710758,0.273405625939446,0,0,0,0.483841528881254,0.782800085892205,0,0.769862572471548,0,0,0
NIPAL2,0,0.791818767446854,0.501342065707537,0,0.548475413356238,0.739048743826498,0,0.68622503757784,0.573437835516427,0,0.117511273351943,0.224178655786987,0,0,0.67683057762508,0.614880824565171,0,0.645318874812111,0.87389950611982,0,0,0,0.653693364827142,0.700504616706034,0,0.695619497530599,0,0,0
ZNF211,0,0.0210972729224823,0.215052608975735,0,0.241088683701954,0.29493235988834,0,0.0554004724071291,0.291013528022332,0,0.80325316727507,0.832188103929568,0,0,0.277700236203565,0.335677474769165,0,0.38914537255744,0.0173394889413786,0,0,0,0.465106291604037,0.00579772385656002,0,0.892151599742323,0,0,0
ZNF250,0,0.194438479707966,0.178226325960919,0,0.455658149022976,0.347917114021903,0,0.62137642258965,0.651546059695083,0,0.484109942022761,0.944170066566459,0,0,0.616008159759502,0.494363324028344,0,0.789617779686493,0.272385656001718,0,0,0,0.190358599957054,0.520614129267769,0,0.799978526948679,0,0,0
ZNF284,0,0.0401546059695083,0.333637534893708,0,0.241088683701954,0.307547777539188,0,0.348829718703028,0.291013528022332,0,0.874919476057548,0.889467468327249,0,0,0.533981103714838,0.576497745329611,0,0.621108009448143,0.0542731372127979,0,0,0,0.722890272707752,0.00708610693579558,0,0.929729439553361,0,0,0
INTS6,0,0.471118745973803,0.195082671247584,0,0.428924200128838,0.603178011595448,0,0.580148164054112,0.581060768735237,0,0.925327464032639,0.566244363324028,0,0,0.674253811466609,0.705604466394675,0,0.497047455443418,0.37100064419154,0,0,0,0.674146446210006,0.486794073437836,0,0.115256602963281,0,0,0
AANAT,0,0.854895855701095,0.478204852909598,0,0.788973588146876,0.66158471118746,0,0.764279579128194,0.678280008589221,0,0.782531672750698,0.993933863001933,0,0,0.799602748550569,0.859458879106721,0,0.940412282585355,0.106345286665235,0,0,0,0.914107794717629,0.373147949323599,0,0.996134850762293,0,0,0
TWF2,0,0.614612411423663,0.766158471118746,0,0.46338844749839,0.603929568391668,0,0.630824565170711,0.543214515782693,0,0.793214515782693,0.754563023405626,0,0,0.583369121752201,0.72970796650204,0,0.741786557869873,0.44964569465321,0,0,0,0.823813613914537,0.574243074940949,0,0.590777324457806,0,0,0
C11orf57,0,0.834013313291819,0.0733304702598239,0,0.960704316083315,0.991840240498175,0,0.84673609619927,0.970045093407773,0,0.91883186600816,0.904820700021473,0,0,0.689016534249517,0.823652566029633,0,0.688587073223105,0.701846682413571,0,0,0,0.824726218595662,0.994900150311359,0,0.0285591582563882,0,0,0
PRDM1,0,0.796220742967576,0.387910672106506,0,0.808675112733519,0.946961563238136,0,0.583100708610694,0.891077947176294,0,0.719722997637964,0.978043805024694,0,0,0.506764011165987,0.617135494953833,0,0.899559802447928,0.630019325746189,0,0,0,0.761273351943311,0.96269057333047,0,0.936976594374061,0,0,0
CEP68,0,0.564419153961778,0.515299549065922,0,0.430964140004295,0.471601889628516,0,0.845394030491733,0.389413785698948,0,0.376583637534894,0.931447283659008,0,0,0.757408202705604,0.779095984539403,0,0.957053897358815,0.609136783336912,0,0,0,0.549065922267554,0.0278076014601675,0,0.995490659222676,0,0,0
KHK,0,0.713656860639897,0.0567962207429676,0,0.98078161906807,0.862143010521795,0,0.882381361391454,0.991464462100064,0,0.913141507408203,0.916147734593086,0,0,0.911799441700666,0.857794717629375,0,0.671354949538329,0.289671462314795,0,0,0,0.58116813399184,0.896929353661155,0,0.0297401760790208,0,0,0
PIK3CG,0,0.024962422160189,0.438372342709899,0,0.313184453510844,0.293966072578913,0,0.277056044663947,0.292892420012884,0,0.13624651062916,0.872557440412283,0,0,0.185849259179729,0.162658363753489,0,0.727829074511488,0.197122611123041,0,0,0,0.204960274855057,0.328806098346575,0,0.974661799441701,0,0,0
STX10,0,0.392473695512132,0.133669744470689,0,0.241088683701954,0.354036933648271,0,0.41775821344213,0.291013528022332,0,0.8659544771312,0.89891561090831,0,0,0.592495168563453,0.717683057762508,0,0.571236847756066,0.00740820270560447,0,0,0,0.841582563882328,0.00493880180373631,0,0.954638179085248,0,0,0
MAPK11,0,0.631200343568821,0.171784410564741,0,0.547616491303414,0.68949967790423,0,0.646660940519648,0.734807816190681,0,0.680856774747692,0.656592226755422,0,0,0.779793858707322,0.782585355378999,0,0.570002147305132,0.189016534249517,0,0,0,0.856452651921838,0.666738243504402,0,0.215750483143655,0,0,0
LAP3,0,0.597917114021903,0.207000214730513,0,0.822310500322096,0.951256173502255,0,0.374865793429246,0.883616061842388,0,0.708073867296543,0.719884045522869,0,0,0.433433540906163,0.526948679407344,0,0.0385978097487653,0.312003435688211,0,0,0,0.672804380502469,0.89021902512347,0,0.029310715052609,0,0,0
NUBP1,0,0.762883830792356,0.348346575048314,0,0.84276358170496,0.901492377066781,0,0.602319089542624,0.933755636675972,0,0.83116813399184,0.996779042301911,0,0,0.702759287094696,0.731425810607687,0,0.737652995490659,0.259823920979171,0,0,0,0.795415503543053,0.742591797294396,0,0.944867940734378,0,0,0
TTC23L,0,0.532155894352587,0.760736525660296,0,0.28188748121108,0.22498389521151,0,0.660779471762937,0.319304273137213,0,0.936976594374061,0.502469400901868,0,0,0.581275499248443,0.627657290100923,0,0.689070216877818,0.283927421086536,0,0,0,0.71414000429461,0.326283014816405,0,0.672428602104359,0,0,0
CDK5,0,0.82392097917114,0.14311788705175,0,0.818821129482499,0.908417436117672,0,0.868960704316083,0.824296757569251,0,0.934560876100494,0.802286879965643,0,0,0.887856989478205,0.901868155464892,0,0.771150955550784,0.34346145587288,0,0,0,0.876691002791497,0.813345501395748,0,0.187352372772171,0,0,0
GALK2,0,0.2717414644621,0.408739531887481,0,0.685473480781619,0.539671462314795,0,0.736794073437836,0.560124543697659,0,0.795522868799656,0.61015675327464,0,0,0.816888554863646,0.568176937942882,0,0.680642044234486,0.709040154605969,0,0,0,0.190358599957054,0.368799656431179,0,0.458771741464462,0,0,0
TSTD1,0,0.761541765084819,0.00697874167919261,0,0.896714623147949,0.966609405196478,0,0.620034356882113,0.97246081168134,0,0.889896929353661,0.925381146660941,0,0,0.555776250805239,0.647197766802663,0,0.276572901009233,0.0288812540261971,0,0,0,0.546703886622289,0.947444706892849,0,0.0943740605540047,0,0,0
FAM129A,0,0.59925917972944,0.442130126691003,0,0.382273996134851,0.43080309211939,0,0.546274425595877,0.435473480781619,0,0.483412067854842,0.433970367189178,0,0,0.52716340992055,0.419905518574189,0,0.652673394889414,0.395855701095126,0,0,0,0.443686922911746,0.54675756925059,0,0.847970796650204,0,0,0
ZNF446,0,0.774532961133777,0.00547562808675113,0,0.890970581919691,0.989746617994417,0,0.529901223963925,0.974232338415289,0,0.951524586643762,0.922804380502469,0,0,0.648700880395104,0.687459738028774,0,0.224715482070002,0.00746188533390595,0,0,0,0.789188318660082,0.932789349366545,0,0.091958342280438,0,0,0
TADA1,0,0.717360961992699,0.0752093622503758,0,0.539886192828001,0.871805883616062,0,0.464784195834228,0.652619712261112,0,0.881737169851836,0.797723856560017,0,0,0.694492162336268,0.645265192183809,0,0.331812325531458,0.0342495168563453,0,0,0,0.786987330899721,0.801052179514709,0,0.210328537685205,0,0,0
PLAT,0,0.877764655357526,0.793643976809105,0,0.461402190251235,0.541120893278935,0,0.899935580846038,0.599849688640756,0,0.432735666738243,0.870517500536826,0,0,0.902243933863002,0.954262400687138,0,0.9565170710758,0.539671462314795,0,0,0,0.968649345071935,0.46628730942667,0,0.926293751342066,0,0,0
UCP3,0,0.809211939016534,0.833798582778613,0,0.607579987116169,0.743933863001933,0,0.709308567747477,0.79203349796006,0,0.608116813399184,0.352694867940734,0,0,0.623255314580202,0.750644191539618,0,0.555561520292034,0.874812110800945,0,0,0,0.791120893278935,0.848453940304917,0,0.0644728365900794,0,0,0
ZNF44,0,0.719508267124758,0.459684346145587,0,0.241088683701954,0.364075585140648,0,0.71918617135495,0.291013528022332,0,0.532639038007301,0.748765299549066,0,0,0.699216233626798,0.825316727506979,0,0.900955550783766,0.333637534893708,0,0,0,0.915288812540262,0.482177367403908,0,0.927957912819412,0,0,0
PCDHGC3,0,0.465804165771956,0.828806098346575,0,0.354036933648271,0.419422374919476,0,0.717522009877604,0.456087610049388,0,0.566351728580631,0.587717414644621,0,0,0.572310500322096,0.664054112089328,0,0.875080523942452,0.84673609619927,0,0,0,0.51631951900365,0.146177796864935,0,0.875993128623577,0,0,0
ANXA5,0,0.995222246081168,0.99817479063775,0,0.750590508911316,0.674951685634529,0,0.996617994417007,0.764923770667812,0,0.546542838737385,0.400257676615847,0,0,0.99747691646983,0.997745329611338,0,0.996510629160404,0.998121108009448,0,0,0,0.990659222675542,0.549602748550569,0,0.82392097917114,0,0,0
MORN3,0,0.532639038007301,0.121859566244363,0,0.670120249087395,0.868692291174576,0,0.530277002362036,0.857579987116169,0,0.854788490444492,0.916630878247799,0,0,0.718864075585141,0.613324028344428,0,0.588361606184239,0.176562164483573,0,0,0,0.6630341421516,0.82789349366545,0,0.290852480137428,0,0,0
CASP7,0,0.912604681125188,0.432574618853339,0,0.977614343998282,0.96811251878892,0,0.778451792999785,0.943418509770238,0,0.188426025338201,0.722407129053038,0,0,0.678387373845823,0.681339918402405,0,0.675220098776036,0.889521150955551,0,0,0,0.681071505260898,0.986901438694438,0,0.199592012024909,0,0,0
SMARCD1,0,0.766480566888555,0.292301911101568,0,0.706194975305991,0.460435902941808,0,0.869068069572686,0.700665664590938,0,0.984646768305776,0.568821129482499,0,0,0.920012883830792,0.758803951041443,0,0.478741679192613,0.273083530169637,0,0,0,0.525552931071505,0.61123040584067,0,0.0556688855486365,0,0,0
GCOM1,0,0.677635817049603,0.552125832080739,0,0.583637534893708,0.74022976164913,0,0.505368262830148,0.610639896929354,0,0.760575477775392,0.308460382220314,0,0,0.502469400901868,0.597595018252094,0,0.476057547777539,0.650955550783766,0,0,0,0.730888984324673,0.866759716555723,0,0.143708395963066,0,0,0
FIBCD1,0,0.646929353661155,0.925112733519433,0,0.332027056044664,0.40653854412712,0,0.572525230835302,0.444116383938158,0,0.377227829074511,0.441808030921194,0,0,0.570968434614559,0.643976809104574,0,0.673931715696801,0.809319304273137,0,0,0,0.771043590294181,0.490068713764226,0,0.561788705175005,0,0,0
BCL3,0,0.990605540047241,0.278344427743182,0,0.994255958771741,0.983304702598239,0,0.987438264977453,0.944384797079665,0,0.97680910457376,0.940465965213657,0,0,0.998228473266051,0.988619282800086,0,0.971709254885119,0.884367618638609,0,0,0,0.986471977668027,0.959845394030492,0,0.356398969293537,0,0,0
SLC35A3,0,0.537416791926133,0.126315224393386,0,0.864075585140649,0.890057977238566,0,0.261488082456517,0.960382220313507,0,0.66340992054971,0.449914107794718,0,0,0.288329396607258,0.202007730298475,0,0.00649559802447928,0.187781833798583,0,0,0,0.190358599957054,0.760414429890487,0,0.147627227829075,0,0,0
PCDHGC5,0,0.664429890487438,0.866491303414215,0,0.469669315009663,0.489370839596307,0,0.820270560446639,0.573437835516427,0,0.574296757569251,0.609834657504831,0,0,0.755690358599957,0.788490444492162,0,0.910403693364827,0.88152243933863,0,0,0,0.692720635602319,0.386998067425381,0,0.910403693364827,0,0,0
NFE2L2,0,0.993504401975521,0.211831651277647,0,0.994953832939661,0.987384582349152,0,0.977829074511488,0.934077732445781,0,0.833530169637105,0.84276358170496,0,0,0.966877818337986,0.95506764011166,0,0.921515997423234,0.954155035430535,0,0,0,0.88984324672536,0.981050032209577,0,0.036557869873309,0,0,0
PAN2,0,0.556366759716556,0.0265192183809319,0,0.913946746832725,0.956624436332403,0,0.694867940734378,0.942183809319304,0,0.891077947176294,0.950343568821129,0,0,0.902673394889414,0.779686493450719,0,0.645909383723427,0.141507408202706,0,0,0,0.755153532316942,0.790798797509126,0,0.239370839596307,0,0,0
MRPL10,0,0.950558299334335,0.141453725574404,0,0.950504616706034,0.785967360961993,0,0.971548207000215,0.879589864719777,0,0.729439553360533,0.870571183165128,0,0,0.95796650203994,0.959738028773889,0,0.927582134421301,0.375080523942452,0,0,0,0.859888340133133,0.718971440841744,0,0.788705175005368,0,0,0
DCN,0,0.456463388447498,0.651868155464892,0,0.398217736740391,0.447122611123041,0,0.674736955121323,0.479171140219025,0,0.103929568391668,0.168026626583638,0,0,0.679944170066566,0.489639252737814,0,0.625509984968864,0.888823276787632,0,0,0,0.226755421945458,0.501556796220743,0,0.315063345501396,0,0,0
ELMO1,0,0.77281511702813,0.188157612196693,0,0.705336053253167,0.918724500751557,0,0.606237921408632,0.926615847111875,0,0.659598453940305,0.765031135924415,0,0,0.560446639467468,0.365793429246296,0,0.592119390165343,0.362518788919906,0,0,0,0.320538973588147,0.933970367189178,0,0.66813399184024,0,0,0
RPL18A,0,0.679675756925059,0.103070646338845,0,0.734324672535967,0.822954691861714,0,0.658041657719562,0.662819411638394,0,0.885280223319734,0.968058836160618,0,0,0.797348078161907,0.647627227829075,0,0.728849044449216,0.0405303843676186,0,0,0,0.691485935151385,0.595716126261542,0,0.91738243504402,0,0,0
JUNB,0,0.850332832295469,0.0120785913678334,0,0.862411423663303,0.837663732016319,0,0.892581060768735,0.897144084174361,0,0.991249731586858,0.976218595662444,0,0,0.851889628516212,0.849205497101138,0,0.792301911101568,0.0194867940734378,0,0,0,0.690895426240069,0.714515782692721,0,0.245705389735881,0,0,0
AMZ1,0,0.744470689284947,0.156968005153532,0,0.34528666523513,0.373738458234915,0,0.738189821773674,0.361176723212368,0,0.961992699162551,0.871161692076444,0,0,0.796542838737385,0.897895640970582,0,0.817318015890058,0.0455765514279579,0,0,0,0.926508481855272,0.0223856560017178,0,0.827947176293751,0,0,0
ADAMTS8,0,0.703027700236204,0.777807601460167,0,0.541711402190251,0.543751342065708,0,0.581329181876745,0.53806098346575,0,0.53081382864505,0.414966716770453,0,0,0.584228043805025,0.721923985398325,0,0.58551642688426,0.369390165342495,0,0,0,0.829665020399399,0.465857848400258,0,0.625187889199055,0,0,0
CCDC130,0,0.87465106291604,0.149935580846038,0,0.734915181447284,0.925971655572257,0,0.781135924414859,0.784678977882757,0,0.994846467683058,0.642634743397037,0,0,0.857311573974662,0.88732016319519,0,0.536128408846897,0.295898647197767,0,0,0,0.938587073223105,0.859083100708611,0,0.059856130556152,0,0,0
PSMD12,0,0.875885763366974,0.79783122181662,0,0.749731586858493,0.77936439768091,0,0.816727506978742,0.792194545844965,0,0.707805454155035,0.481640541120893,0,0,0.820485290959845,0.790852480137427,0,0.702329826068284,0.942774318230621,0,0,0,0.694760575477775,0.79493235988834,0,0.051052179514709,0,0,0
CASC5,0,0.545683916684561,0.12282585355379,0,0.825316727506979,0.929461026411853,0,0.584174361176723,0.923931715696801,0,0.723963925273781,0.953081382864505,0,0,0.571290530384368,0.609297831221817,0,0.638125402619712,0.159652136568606,0,0,0,0.569948464676831,0.895265192183809,0,0.46193901653425,0,0,0
FMO1,0,0.560554004724071,0.450773029847541,0,0.763152243933863,0.767876315224393,0,0.757945028988619,0.48733089972085,0,0.295254455658149,0.505744041228259,0,0,0.640326390380073,0.470957698088898,0,0.682950397251449,0.916362465106292,0,0,0,0.190358599957054,0.771956194975306,0,0.709093837234271,0,0,0
SETD4,0,0.768735237277217,0.861659866867082,0,0.653210221172429,0.561359244148594,0,0.847433970367189,0.747047455443419,0,0.977506978741679,0.684077732445781,0,0,0.77281511702813,0.901385011810178,0,0.84711187459738,0.717307279364398,0,0,0,0.882488726648057,0.601782263259609,0,0.245007515567962,0,0,0
KIAA0753,0,0.211992699162551,0.202329826068284,0,0.524318230620571,0.664537255744041,0,0.176132703457161,0.697766802662658,0,0.500107365256603,0.576658793214516,0,0,0.438855486364612,0.284195834228044,0,0.0688748121108009,0.181500966287309,0,0,0,0.25907236418295,0.550622718488297,0,0.609297831221817,0,0,0
C17orf62,0,0.691539617779687,0.0724715482070002,0,0.768091045737599,0.903800730083745,0,0.384636031780116,0.828752415718274,0,0.807171999141078,0.915664590938372,0,0,0.608492591797294,0.623040584066996,0,0.225574404122826,0.0339274210865364,0,0,0,0.683057762508052,0.551427957912819,0,0.299710113807172,0,0,0
DAND5,0,0.685419798153318,0.0698947820485291,0,0.968273566673824,0.8985398325102,0,0.757139789564097,0.918241357096844,0,0.883132918187674,0.962636890702169,0,0,0.690143869443848,0.805615202920335,0,0.586267983680481,0.0675327464032639,0,0,0,0.731694223749195,0.7355056903586,0,0.15508911316298,0,0,0
DPP3,0,0.669637105432682,0.800783766373202,0,0.561735022546704,0.58621430105218,0,0.904391238995061,0.647895640970582,0,0.686010307064634,0.459845394030492,0,0,0.892473695512132,0.903961777968649,0,0.859834657504831,0.905948035215804,0,0,0,0.830416577195619,0.605540047240713,0,0.384099205497101,0,0,0
ARGLU1,0,0.653424951685635,0.508589220528237,0,0.551857418939231,0.652082885978097,0,0.451685634528667,0.673233841528881,0,0.486471977668027,0.25,0,0,0.445995275928709,0.549924844320378,0,0.274318230620571,0.753059909813184,0,0,0,0.689929138930642,0.745007515567962,0,0.0685527163409921,0,0,0
NIPAL1,0,0.612196693150097,0.109136783336912,0,0.77753918831866,0.919905518574189,0,0.451148808245652,0.609136783336912,0,0.319465321022117,0.739746617994417,0,0,0.405840669959201,0.302340562593945,0,0.440251234700451,0.350386514923771,0,0,0,0.297616491303414,0.893601030706463,0,0.398861928280009,0,0,0
RAD51,0,0.711455872879536,0.596843461455873,0,0.671623362679837,0.66448357311574,0,0.697498389521151,0.694867940734378,0,0.969293536611552,0.862733519433111,0,0,0.788168348722353,0.870517500536826,0,0.597219239853983,0.225789134636032,0,0,0,0.925971655572257,0.565600171784411,0,0.137051750053683,0,0,0
SERTAD1,0,0.864236633025553,0.848722353446425,0,0.812701309856131,0.666147734593086,0,0.944331114451364,0.701954047670174,0,0.950343568821129,0.996081168133992,0,0,0.926937942881684,0.971762937513421,0,0.99457805454155,0.556742538114666,0,0,0,0.965106291604037,0.563238136139145,0,0.95614129267769,0,0,0
MYO1G,0,0.512185956624436,0.612894567318016,0,0.428494739102426,0.562916040369337,0,0.459899076658793,0.5652243933863,0,0.634582349151814,0.767983680480996,0,0,0.572686278720206,0.462422160188963,0,0.714462100064419,0.716555722568177,0,0,0,0.552018466824136,0.530008589220528,0,0.834228043805025,0,0,0
PTGIS,0,0.532316942237492,0.886031780115955,0,0.303145802018467,0.388823276787632,0,0.824135709684346,0.379053038436762,0,0.246349581275499,0.484324672535967,0,0,0.898003006227185,0.888340133132918,0,0.866813399184024,0.717522009877604,0,0,0,0.861176723212368,0.0843354090616277,0,0.794502898861928,0,0,0
ETV3,0,0.664913034142152,0.408363753489371,0,0.950880395104144,0.728849044449216,0,0.369336482714194,0.754938801803736,0,0.818874812110801,0.662014172213872,0,0,0.567801159544771,0.431125187889199,0,0.114451363538759,0.351191754348293,0,0,0,0.55615202920335,0.858546274425596,0,0.107043160833154,0,0,0
APOBEC1,0,0.727131200343569,0.390970581919691,0,0.879536182091475,0.849151814472837,0,0.808889843246725,0.910081597595018,0,0.21521365686064,0.335945887910672,0,0,0.652941808030921,0.651868155464892,0,0.632757139789564,0.884582349151814,0,0,0,0.42897788275714,0.902834442774318,0,0.21703886622289,0,0,0
SH3GLB2,0,0.859512561735023,0.364827141936869,0,0.565492806527808,0.389682198840455,0,0.809319304273137,0.65508911316298,0,0.5797187030277,0.710382220313507,0,0,0.856023190895426,0.754079879750913,0,0.857472621859566,0.201202490873953,0,0,0,0.765192183809319,0.68187674468542,0,0.847648700880395,0,0,0
ARHGDIB,0,0.385656001717844,0.480030062271849,0,0.407290100923341,0.332349151814473,0,0.859995705389736,0.326605110586214,0,0.328322954691862,0.78333691217522,0,0,0.715267339488941,0.667006656645909,0,0.958771741464462,0.742484432037793,0,0,0,0.190358599957054,0.0798260682843032,0,0.982338415288812,0,0,0
WASH2P,0,0.58116813399184,0.828376637320163,0,0.241088683701954,0.228097487652995,0,0.633079235559373,0.291013528022332,0,0.935473480781619,0.514386944384797,0,0,0.640111659866867,0.765782692720636,0,0.667275069787417,0.177689499677904,0,0,0,0.878301481640541,0.0194867940734378,0,0.815600171784411,0,0,0
SUCLG1,0,0.683540906162766,0.236418295039725,0,0.773835086965858,0.897895640970582,0,0.788383079235559,0.782639038007301,0,0.795683916684561,0.626744685419798,0,0,0.83948894137857,0.60580846038222,0,0.800622718488297,0.770721494524372,0,0,0,0.382649774532961,0.730727936439768,0,0.859136783336912,0,0,0
MYL6B,0,0.395157826927206,0.0892205282370625,0,0.732553145802018,0.640057977238566,0,0.519486794073438,0.811896070431608,0,0.620839596306635,0.928280008589221,0,0,0.589381576121967,0.571397895640971,0,0.555293107150526,0.0529847541335624,0,0,0,0.577571397895641,0.815385441271205,0,0.343354090616277,0,0,0
TIMM17B,0,0.682467253596736,0.549710113807172,0,0.576121966931501,0.725950182520936,0,0.576014601674898,0.564580201846682,0,0.535269486794073,0.530384367618639,0,0,0.515836375348937,0.627818337985828,0,0.537094696156324,0.547079665020399,0,0,0,0.771634099205497,0.818606398969294,0,0.339327893493665,0,0,0
SVEP1,0,0.680695726862787,0.570431608331544,0,0.346038222031351,0.319841099420228,0,0.799119604895856,0.329503972514494,0,0.0597487652995491,0.172428602104359,0,0,0.692666952974018,0.655894352587503,0,0.829933433540906,0.938909168992914,0,0,0,0.47208503328323,0.364182950397251,0,0.744846467683058,0,0,0
NUDT13,0,0.533659007945029,0.176347433970367,0,0.657719561949753,0.461563238136139,0,0.70109512561735,0.697766802662658,0,0.843246725359674,0.812432896714623,0,0,0.63334764870088,0.533551642688426,0,0.737760360747262,0.266534249516856,0,0,0,0.190358599957054,0.545147090401546,0,0.784034786343139,0,0,0
C20orf112,0,0.80325316727507,0.632703457161263,0,0.241088683701954,0.374543697659437,0,0.808728795361821,0.291013528022332,0,0.858277861284088,0.40363968219884,0,0,0.785591582563882,0.897734593085677,0,0.816781189607043,0.732875241571827,0,0,0,0.959684346145587,0.526250805239424,0,0.620141722138716,0,0,0
GDF9,0,0.701041442989049,0.054058406699592,0,0.819089542624007,0.942344857204209,0,0.426132703457161,0.968971440841744,0,0.89059480352158,0.48695512132274,0,0,0.459147519862572,0.443579557655143,0,0.0346252952544557,0.204155035430535,0,0,0,0.379321451578269,0.880341421515997,0,0.052501610478849,0,0,0
NOX4,0,0.53913463603178,0.924790637749624,0,0.286074726218596,0.103500107365257,0,0.51594374060554,0.291013528022332,0,0.492323384152888,0.0851943311144514,0,0,0.531780115954477,0.512078591367833,0,0.540369336482714,0.824296757569251,0,0,0,0.573598883401331,0.300193257461885,0,0.443042731372128,0,0,0
RB1,0,0.45544341850977,0.215911531028559,0,0.681554648915611,0.661853124328967,0,0.366169207644406,0.396446210006442,0,0.28516212153747,0.80942666952974,0,0,0.404552286879966,0.263366974447069,0,0.481908954262401,0.237116169207644,0,0,0,0.279579128194116,0.474393386300193,0,0.90471333476487,0,0,0
LSP1,0,0.468434614558729,0.640326390380073,0,0.263313291818767,0.372557440412283,0,0.766802662658364,0.341850977023835,0,0.723212368477561,0.776250805239424,0,0,0.869497530599098,0.89746617994417,0,0.811466609405196,0.278505475628087,0,0,0,0.906484861498819,0.00504616706033927,0,0.663302555293107,0,0,0
FAM41C,0,0.229171140219025,0.618799656431179,0,0.241088683701954,0.135978097487653,0,0.0215267339488941,0.291013528022332,0,0.570538973588147,0.124597380287739,0,0,0.21558943525875,0.251342065707537,0,0.0404767017393172,0.353285376852051,0,0,0,0.38007300837449,0.0332832295469186,0,0.216018896285162,0,0,0
TMEM171,0,0.720850332832295,0.769003650418725,0,0.47573545200773,0.469132488726648,0,0.655840669959201,0.549441700665665,0,0.0770882542409276,0.366974447068929,0,0,0.805293107150526,0.75182520936225,0,0.555239424522225,0.834550139574834,0,0,0,0.849420227614344,0.642903156538544,0,0.193150096628731,0,0,0
HIBCH,0,0.801964784195834,0.417865578698733,0,0.80652780760146,0.536987330899721,0,0.841153102855916,0.870732231050032,0,0.456409705819197,0.90616276572901,0,0,0.800085892205282,0.63189821773674,0,0.893278934936654,0.717414644621001,0,0,0,0.427045308138286,0.843193042731372,0,0.637266480566889,0,0,0
ELF4,0,0.908417436117672,0.266748980030062,0,0.883132918187674,0.910940519647842,0,0.82316942237492,0.75434829289242,0,0.206839166845609,0.644406270130986,0,0,0.915181447283659,0.795952329826068,0,0.796059695082671,0.831060768735237,0,0,0,0.836375348937084,0.828698733089972,0,0.752200987760361,0,0,0
NAT6,0,0.901546059695083,0.0712905303843676,0,0.979278505475628,0.992269701524587,0,0.825101996993773,0.998013742752845,0,0.998765299549066,0.942291174575907,0,0,0.81377496242216,0.913463603178012,0,0.610317801159545,0.147197766802663,0,0,0,0.905303843676186,0.986257247154821,0,0.0099312862357741,0,0,0
ANKRD13B,0,0.364451363538759,0.339274210865364,0,0.504992484432038,0.556313077088254,0,0.277807601460167,0.5652243933863,0,0.875295254455658,0.464891561090831,0,0,0.441271204638179,0.402995490659223,0,0.0498711616920764,0.255046167060339,0,0,0,0.466233626798368,0.367726003865149,0,0.153371269057333,0,0,0
SNRNP25,0,0.703832939660726,0.237975091260468,0,0.576121966931501,0.710972729224823,0,0.667489800300623,0.444384797079665,0,0.732177367403908,0.546596521365686,0,0,0.685902941808031,0.787148378784625,0,0.617618638608546,0.36450504616706,0,0,0,0.858599957053897,0.586697444706893,0,0.322417865578699,0,0,0
MTHFD2L,0,0.699430964140004,0.815653854412712,0,0.915879321451578,0.452490873953189,0,0.741410779471763,0.47535967360962,0,0.771204638179085,0.65326390380073,0,0,0.844051964784196,0.789886192828001,0,0.675864290315654,0.450934077732446,0,0,0,0.813130770882542,0.175756925059051,0,0.274103500107365,0,0,0
SLC37A1,0,0.451846682413571,0.0211509555507838,0,0.760253382005583,0.90036504187245,0,0.258803951041443,0.826283014816405,0,0.641775821344213,0.93912389950612,0,0,0.117672321236848,0.130395104144299,0,0.449914107794718,0.0129911960489586,0,0,0,0.218917758213442,0.879911960489586,0,0.863485076229332,0,0,0
OLFML1,0,0.231103714837878,0.617779686493451,0,0.291174575907236,0.388018037363109,0,0.231801589005798,0.394245222246081,0,0.195995275928709,0.77716340992055,0,0,0.157504831436547,0.166845608761005,0,0.669529740176079,0.541389306420442,0,0,0,0.257300837449002,0.394621000644192,0,0.96811251878892,0,0,0
DPY19L1,0,0.809587717414645,0.928011595447713,0,0.837449001503114,0.165771956194975,0,0.817640111659867,0.36305561520292,0,0.0977023835086966,0.70941593300408,0,0,0.781296972299764,0.530277002362036,0,0.899613485076229,0.943633240283444,0,0,0,0.381737169851836,0.381737169851836,0,0.953135065492807,0,0,0
EFHD2,0,0.872557440412283,0.931447283659008,0,0.604466394674683,0.799602748550569,0,0.761863860854627,0.827141936869229,0,0.155142795791282,0.403317586429032,0,0,0.752308353016964,0.869121752200988,0,0.708449645694653,0.876691002791497,0,0,0,0.941002791496672,0.852963281082242,0,0.205658149022976,0,0,0
ERP27,0,0.254133562379214,0.64204423448572,0,0.425112733519433,0.188694438479708,0,0.896768305776251,0.315868584925918,0,0.555883616061842,0.620732231050032,0,0,0.792999785269487,0.772707751771527,0,0.955175005368263,0.915181447283659,0,0,0,0.199323598883401,0.0221172428602104,0,0.934990337126906,0,0,0
GNRH1,0,0.388340133132918,0.547294395533605,0,0.437137642258965,0.412658363753489,0,0.336375348937084,0.391829503972514,0,0.563291818767447,0.177260038651492,0,0,0.327195619497531,0.231855271634099,0,0.269433111445136,0.598883401331329,0,0,0,0.226755421945458,0.469454584496457,0,0.304648915610908,0,0,0
MSL1,0,0.488565600171784,0.0670496027485506,0,0.606828430319948,0.831275499248443,0,0.780330684990337,0.880341421515997,0,0.982070002147305,0.900687137642259,0,0,0.62534893708396,0.741893923126476,0,0.841904659652137,0.253811466609405,0,0,0,0.683863001932575,0.881790852480137,0,0.604627442559588,0,0,0
RAD9A,0,0.959576980888984,0.253006227184883,0,0.87282585355379,0.975842817264333,0,0.99130341421516,0.720581919690788,0,0.987867726003865,0.931500966287309,0,0,0.976594374060554,0.996188533390595,0,0.984700450934078,0.662175220098776,0,0,0,0.991035001073653,0.913195190036504,0,0.333476487008804,0,0,0
HTRA4,0,0.970581919690788,0.855593729869014,0,0.806742538114666,0.77211724286021,0,0.962851621215375,0.852426454799227,0,0.674790637749624,0.680588361606184,0,0,0.958020184668241,0.928602104359029,0,0.953403478634314,0.958932789349367,0,0,0,0.906484861498819,0.679622074296758,0,0.87824779901224,0,0,0
EVL,0,0.746832724930213,0.796596521365686,0,0.440788060983466,0.587878462529525,0,0.840831007086107,0.461348507622933,0,0.566029632810822,0.921247584281726,0,0,0.796328108224179,0.796864934507193,0,0.954477131200344,0.687567103285377,0,0,0,0.788114666094052,0.488834013313292,0,0.995705389735882,0,0,0
LMNA,0,0.931232553145802,0.320324243074941,0,0.929568391668456,0.906270130985613,0,0.918724500751557,0.911208932789349,0,0.934238780330685,0.963442130126691,0,0,0.947283659007945,0.975628086751127,0,0.897734593085677,0.133401331329182,0,0,0,0.981050032209577,0.764064848614988,0,0.673609619926992,0,0,0
PPP1R11,0,0.849796006012454,0.107150526089757,0,0.830953403478634,0.492269701524587,0,0.967360961992699,0.780491732875242,0,0.971816620141722,0.919422374919476,0,0,0.979761649130341,0.951792999785269,0,0.96231479493236,0.733036289456732,0,0,0,0.861176723212368,0.751503113592441,0,0.375456302340563,0,0,0
GK5,0,0.573759931286236,0.0297938587073223,0,0.582778612840885,0.724232338415289,0,0.577625080523942,0.426240068713764,0,0.91196048958557,0.626529954906592,0,0,0.454262400687138,0.556044663946747,0,0.507569250590509,0.229976379643547,0,0,0,0.704262400687138,0.820592656216448,0,0.415718273566674,0,0,0
LTBP1,0,0.797294395533605,0.868584925917973,0,0.37465106291604,0.0130985613055615,0,0.969078806098347,0.450075155679622,0,0.545576551427958,0.333369121752201,0,0,0.934829289242001,0.934614558728795,0,0.979063774962422,0.982714193686923,0,0,0,0.721440841743612,0.0621644835731157,0,0.812486579342925,0,0,0
PRICKLE2,0,0.995383293966073,0.99747691646983,0,0.702651921838093,0.103500107365257,0,0.99092763581705,0.291013528022332,0,0.252362035645265,0.178172643332618,0,0,0.994417006656646,0.913356237921409,0,0.991196048958557,0.998872664805669,0,0,0,0.732821558943526,0.300193257461885,0,0.97643332617565,0,0,0
DVL2,0,0.862518788919906,0.165127764655358,0,0.681286235774104,0.841743611767232,0,0.880556152029203,0.757998711616921,0,0.999355808460382,0.985988834013313,0,0,0.965159974232338,0.965428387373846,0,0.90288812540262,0.0142795791281941,0,0,0,0.976379643547348,0.528451792999785,0,0.785913678333691,0,0,0
DOCK10,0,0.782209576980889,0.977238565600172,0,0.454477131200344,0.205711831651278,0,0.74602748550569,0.291013528022332,0,0.438103929568392,0.780706463388448,0,0,0.76884260253382,0.751019969937728,0,0.888286450504617,0.913195190036504,0,0,0,0.801642688426025,0.0471333476487009,0,0.924736955121323,0,0,0
LIF,0,0.995007515567962,0.999141077947176,0,0.753811466609405,0.634904444921623,0,0.998389521150956,0.747047455443419,0,0.58186600815976,0.60725789134636,0,0,0.996671677045308,0.999731586858493,0,0.998443203779257,0.994846467683058,0,0,0,0.999355808460382,0.600547562808675,0,0.872235344642474,0,0,0
RSC1A1,0,0.894245222246081,0.376691002791497,0,0.804004724071291,0.831007086106936,0,0.841904659652137,0.706409705819197,0,0.162980459523298,0.563184453510844,0,0,0.874114236633026,0.585301696371054,0,0.787148378784625,0.851674898003006,0,0,0,0.407558514064849,0.844535108438909,0,0.691432252523083,0,0,0
CYP2R1,0,0.328054541550354,0.0184668241357097,0,0.676991625509985,0.882059265621645,0,0.0141185312432897,0.528183379858278,0,0.926776894996779,0.316244363324028,0,0,0.101406484861499,0.109619926991626,0,0.00332832295469186,0.138608546274426,0,0,0,0.190358599957054,0.863216663087825,0,0.0297938587073223,0,0,0
IL11,0,0.920120249087395,0.369282800085892,0,0.880502469400902,0.915825638823277,0,0.801750053682628,0.915503543053468,0,0.558030921193902,0.826980888984325,0,0,0.823223105003221,0.886085462744256,0,0.791711402190251,0.370839596306635,0,0,0,0.93660081597595,0.893278934936654,0,0.686869229117458,0,0,0
S100A10,0,0.880287738887696,0.494470689284947,0,0.939714408417436,0.660350010736526,0,0.902995490659223,0.795361820914752,0,0.772493021258321,0.916201417221387,0,0,0.927689499677904,0.726862787202061,0,0.94819626368907,0.926723212368478,0,0,0,0.441217522009878,0.732553145802018,0,0.880287738887696,0,0,0
PPP1R12C,0,0.403424951685635,0.225896499892635,0,0.741035001073653,0.714354734807816,0,0.411262615417651,0.772493021258321,0,0.72680910457376,0.701309856130556,0,0,0.456463388447498,0.569357955765514,0,0.362518788919906,0.180856774747692,0,0,0,0.700289886192828,0.802233197337342,0,0.246510629160404,0,0,0
CLCN3,0,0.780384367618639,0.0704852909598454,0,0.765621644835731,0.896124114236633,0,0.490444492162336,0.851996993772815,0,0.961187459738029,0.794771312003436,0,0,0.656055400472407,0.309641400042946,0,0.327034571612626,0.130985613055615,0,0,0,0.190358599957054,0.896875671032854,0,0.169851835945888,0,0,0
CDC45,0,0.708610693579558,0.493504401975521,0,0.587610049388018,0.537631522439339,0,0.837717414644621,0.646124114236633,0,0.775982392097917,0.6630341421516,0,0,0.839435258750268,0.707214945243719,0,0.814580201846682,0.922804380502469,0,0,0,0.403585999570539,0.687191324887267,0,0.120785913678334,0,0,0
DMRTA1,0,0.241786557869873,0.561198196263689,0,0.241088683701954,0.103500107365257,0,0.208986471977668,0.291013528022332,0,0.50434829289242,0.0668348722353446,0,0,0.224339703671892,0.262615417650848,0,0.226540691432253,0.61885333905948,0,0,0,0.391775821344213,0.300193257461885,0,0.314794932359888,0,0,0
EPYC,0,0.948088898432467,0.976111230405841,0,0.58186600815976,0.103875885763367,0,0.956946532102212,0.291013528022332,0,0.466555722568177,0.416684560876101,0,0,0.948464676830578,0.726648056688855,0,0.979493235988834,0.992860210435903,0,0,0,0.290852480137428,0.10650633455014,0,0.979869014386944,0,0,0
ZNF624,0,0.133186600815976,0.633132918187674,0,0.241088683701954,0.227131200343569,0,0.0216340992054971,0.291013528022332,0,0.667704530813829,0.215482070002147,0,0,0.101406484861499,0.109619926991626,0,0.0722031350654928,0.424039080953403,0,0,0,0.190358599957054,0.300193257461885,0,0.281189607043161,0,0,0
KCNG3,0,0.741249731586858,0.789886192828001,0,0.447337341636246,0.524425595877174,0,0.644406270130986,0.508964998926347,0,0.167597165557226,0.539993558084604,0,0,0.614666094051965,0.741518144728366,0,0.669368692291175,0.310607687352373,0,0,0,0.858599957053897,0.689553360532532,0,0.403693364827142,0,0,0
FN3KRP,0,0.744309641400043,0.733465750483144,0,0.64021902512347,0.60435902941808,0,0.781189607043161,0.622181662014172,0,0.587449001503114,0.55905089113163,0,0,0.656914322525231,0.830094481425811,0,0.790852480137427,0.626905733304703,0,0,0,0.829665020399399,0.546596521365686,0,0.679461026411853,0,0,0
PNMT,0,0.853070646338845,0.496456946532102,0,0.789939875456302,0.866544986042517,0,0.728473266051106,0.902941808030921,0,0.705175005368263,0.723105003220958,0,0,0.746295898647198,0.843998282155894,0,0.487814043375564,0.607365256602963,0,0,0,0.904283873738458,0.930158900579772,0,0.0193257461885334,0,0,0
ZNF174,0,0.81232553145802,0.415986686708181,0,0.76846682413571,0.738189821773674,0,0.682467253596736,0.711294824994632,0,0.849581275499248,0.768037363109298,0,0,0.688103929568392,0.66051105862143,0,0.576014601674898,0.39166845608761,0,0,0,0.639360103070646,0.562432896714623,0,0.380126691002792,0,0,0
RUNDC1,0,0.723105003220958,0.139682198840455,0,0.981211080094481,0.821290530384368,0,0.85940519647842,0.864021902512347,0,0.819894782048529,0.903532316942237,0,0,0.814150740820271,0.850547562808675,0,0.862572471548207,0.712046381790852,0,0,0,0.764225896499893,0.868692291174576,0,0.204208718058836,0,0,0
TRMT11,0,0.290047240712905,0.24602748550569,0,0.519701524586644,0.461670603392742,0,0.548851191754348,0.676937942881684,0,0.495598024479279,0.921301266910028,0,0,0.554487867726004,0.481479493235989,0,0.76052179514709,0.0608224178655787,0,0,0,0.469776680266266,0.51266910027915,0,0.915235129911961,0,0,0
SOD2,0,0.916684560876101,0.983304702598239,0,0.640970581919691,0.465428387373846,0,0.961026411853124,0.588630019325746,0,0.504026197122611,0.252415718273567,0,0,0.966931500966287,0.966555722568177,0,0.903210221172429,0.974822847326605,0,0,0,0.942505905089113,0.474608116813399,0,0.16883186600816,0,0,0
SCG2,0,0.916040369336483,0.998067425381147,0,0.241088683701954,0.11740390809534,0,0.874114236633026,0.291013528022332,0,0.423878033068499,0.0668348722353446,0,0,0.931554648915611,0.967360961992699,0,0.871215374704746,0.934346145587288,0,0,0,0.991518144728366,0.300193257461885,0,0.363001932574619,0,0,0
ARHGAP32,0,0.469132488726648,0.134474983895212,0,0.530974876529955,0.762830148164054,0,0.219400901868155,0.767554219454584,0,0.756817693794288,0.255582993343354,0,0,0.201792999785269,0.237062486579343,0,0.0576551427957913,0.605593729869014,0,0,0,0.357096843461456,0.904605969508267,0,0.0547562808675113,0,0,0
NEK8,0,0.947498389521151,0.550515353231694,0,0.929783122181662,0.90616276572901,0,0.956570753704101,0.937083959630663,0,0.966877818337986,0.909813184453511,0,0,0.962207429675757,0.97788275713979,0,0.939392312647627,0.454155035430535,0,0,0,0.983519433111445,0.829557655142796,0,0.816834872235345,0,0,0
NEIL1,0,0.669583422804381,0.280491732875242,0,0.739102426454799,0.647788275713979,0,0.732714193686923,0.473319733734164,0,0.882649774532961,0.504294610264118,0,0,0.740605540047241,0.621913248872665,0,0.511380717199914,0.593246725359674,0,0,0,0.51631951900365,0.694975305990981,0,0.133186600815976,0,0,0
ZCCHC14,0,0.680534678977883,0.876691002791497,0,0.669959201202491,0.555561520292034,0,0.889467468327249,0.436010307064634,0,0.745759072364183,0.360800944814258,0,0,0.85070861069358,0.915610908310071,0,0.852319089542624,0.947337341636246,0,0,0,0.855969508267125,0.520399398754563,0,0.205604466394675,0,0,0
TCOF1,0,0.681339918402405,0.553521580416577,0,0.491357096843461,0.760575477775392,0,0.64274210865364,0.594535108438909,0,0.632435044019755,0.415610908310071,0,0,0.620141722138716,0.609566244363324,0,0.713066351728581,0.832456517071076,0,0,0,0.6340455228688,0.688426025338201,0,0.755207214945244,0,0,0
DCBLD2,0,0.963012669100279,0.970689284947391,0,0.587019540476702,0.317425381146661,0,0.947444706892849,0.324511488082457,0,0.109190465965214,0.171193901653425,0,0,0.966609405196478,0.845823491518145,0,0.947122611123041,0.987169851835946,0,0,0,0.744148593515139,0.423448572042087,0,0.89349366544986,0,0,0
FRRS1,0,0.625080523942452,0.491786557869873,0,0.847326605110586,0.720957698088898,0,0.638501181017823,0.554648915610908,0,0.481855271634099,0.887105432681984,0,0,0.509233412067855,0.412282585355379,0,0.887266480566889,0.843407773244578,0,0,0,0.373470045093408,0.627979385870732,0,0.984968864075585,0,0,0
GBE1,0,0.980352158041658,0.93042731372128,0,0.658846897144084,0.613592441485935,0,0.93949967790423,0.78006227184883,0,0.995436976594374,0.611015675327464,0,0,0.949162550998497,0.885817049602749,0,0.860961992699163,0.928387373845823,0,0,0,0.800300622718488,0.580577625080524,0,0.569304273137213,0,0,0
ZFAT,0,0.470796650203994,0.0377925703242431,0,0.531672750697874,0.541281941163839,0,0.576712475842817,0.528183379858278,0,0.978580631307709,0.992806527807601,0,0,0.792624006871376,0.672267554219455,0,0.777485505690359,0.0103070646338845,0,0,0,0.652404981747906,0.49672535967361,0,0.906592226755422,0,0,0
C19orf53,0,0.751288383079236,0.140004294610264,0,0.785591582563882,0.954691861713549,0,0.711777968649345,0.858116813399184,0,0.99312862357741,0.734485720420872,0,0,0.803575263044879,0.84491088683702,0,0.438103929568392,0.276680266265836,0,0,0,0.878086751127335,0.923233841528881,0,0.023405625939446,0,0,0
TNFAIP3,0,0.866706033927421,0.0227614343998282,0,0.991625509984969,0.952598239209792,0,0.873470045093408,0.937083959630663,0,0.730996349581275,0.878408846897144,0,0,0.868745973802877,0.616437620785914,0,0.78043805024694,0.410994202276143,0,0,0,0.190358599957054,0.941808030921194,0,0.400579772385656,0,0,0
TARBP2,0,0.58986471977668,0.0980244792785055,0,0.818874812110801,0.64639252737814,0,0.569948464676831,0.939338630019326,0,0.865739746617994,0.809695082671248,0,0,0.601138071719991,0.611069357955766,0,0.428709469615632,0.263957483358385,0,0,0,0.520721494524372,0.722943955336053,0,0.0761756495598025,0,0,0
GMEB2,0,0.277270775177153,0.233519433111445,0,0.477077517715267,0.479010092334121,0,0.439553360532532,0.447552072149452,0,0.864612411423663,0.748711616920764,0,0,0.509609190465965,0.571129482499463,0,0.365149237706678,0.0749946317371698,0,0,0,0.718434614558729,0.481640541120893,0,0.381415074082027,0,0,0
ZGLP1,0,0.487867726003865,0.106452651921838,0,0.576283014816405,0.674092763581705,0,0.435205067640112,0.789242001288383,0,0.857687352372772,0.864236633025553,0,0,0.425703242430749,0.51846682413571,0,0.400955550783766,0.0418724500751557,0,0,0,0.549065922267554,0.695673180158901,0,0.281619068069573,0,0,0
MAF,0,0.653908095340348,0.611498818982177,0,0.560554004724071,0.596091904659652,0,0.644352587502684,0.628462529525446,0,0.0707000214730513,0.201846682413571,0,0,0.60650633455014,0.435044019755207,0,0.517339488941379,0.882220313506549,0,0,0,0.321666308782478,0.711509555507838,0,0.250751556796221,0,0,0
RAPGEFL1,0,0.260307064633884,0.119819626368907,0,0.593568821129483,0.744309641400043,0,0.296113377710973,0.798153317586429,0,0.825209362250376,0.853929568391668,0,0,0.272278290745115,0.283014816405411,0,0.386675971655572,0.160081597595018,0,0,0,0.293590294180803,0.800676401116599,0,0.300569035859996,0,0,0
ATP8B1,0,0.860425166416148,0.891400042946103,0,0.689070216877818,0.609029418080309,0,0.828537685205068,0.640326390380073,0,0.740337126905733,0.517983680480996,0,0,0.8876959415933,0.86305561520292,0,0.83116813399184,0.83079235559373,0,0,0,0.875617350225467,0.622503757783981,0,0.446907880609835,0,0,0
ELF3,0,0.835248013742753,0.00869658578484003,0,0.834872235344642,0.982553145802018,0,0.799012239639253,0.993719132488727,0,0.993235988834013,0.963925273781404,0,0,0.749194760575478,0.838576336697445,0,0.808245651707108,0.163624651062916,0,0,0,0.8514601674898,0.998711616920764,0,0.00960919046596521,0,0,0
ORAOV1,0,0.607579987116169,0.0202920334979601,0,0.545093407773245,0.718864075585141,0,0.536343139360103,0.532639038007301,0,0.916577195619498,0.452490873953189,0,0,0.619765943740606,0.583798582778613,0,0.309534034786343,0.0768198410994202,0,0,0,0.566405411208933,0.419851835945888,0,0.43515138501181,0,0,0
ZNF23,0,0.47680910457376,0.137105432681984,0,0.765514279579128,0.815385441271205,0,0.36847756066137,0.660242645479923,0,0.952651921838093,0.738136139145373,0,0,0.41378569894782,0.506066136998067,0,0.299817479063775,0.0572793643976809,0,0,0,0.647305132059266,0.637051750053683,0,0.29020828859781,0,0,0
TCTE3,0,0.4492699162551,0.231103714837878,0,0.348990766587932,0.498657934292463,0,0.254992484432038,0.49892634743397,0,0.832724930212583,0.622289027270775,0,0,0.442505905089113,0.391453725574404,0,0.330040798797509,0.148486149881898,0,0,0,0.515031135924415,0.391077947176294,0,0.588093193042731,0,0,0
RASA2,0,0.991357096843461,0.94637105432682,0,0.979815331758643,0.986310929783122,0,0.944438479707966,0.986525660296328,0,0.258267124758428,0.921140219025123,0,0,0.933379858277861,0.961831651277647,0,0.928816834872235,0.963066351728581,0,0,0,0.98115739746618,0.996671677045308,0,0.158417436117672,0,0,0
GPR1,0,0.40433755636676,0.722943955336053,0,0.367511273351943,0.40363968219884,0,0.478204852909598,0.427850547562809,0,0.077356667382435,0.461831651277647,0,0,0.496295898647198,0.361123040584067,0,0.625563667597166,0.688372342709899,0,0,0,0.384313936010307,0.451524586643762,0,0.820485290959845,0,0,0
MST1P2,0,0.168778183379858,0.273298260682843,0,0.241088683701954,0.00150311359244149,0,0.3442130126691,0.805132059265622,0,0.983197337341636,0.569089542624007,0,0,0.487116169207644,0.594320377925703,0,0.465643117887052,0.170603392742109,0,0,0,0.739692935366116,0.0125080523942452,0,0.741893923126476,0,0,0
FASTK,0,0.595340347863431,0.0406914322525231,0,0.797938587073223,0.920764440627013,0,0.725574404122826,0.910725789134636,0,0.727775391883187,0.538436761863861,0,0,0.727829074511488,0.736257247154821,0,0.408900579772386,0.190627013098561,0,0,0,0.63007300837449,0.859190465965214,0,0.0875563667597166,0,0,0
CRTAM,0,0.572417865578699,0.956839166845609,0,0.297187030277002,0.191539617779687,0,0.571666308782478,0.291013528022332,0,0.0519111015675327,0.254079879750913,0,0,0.584872235344642,0.681984109942023,0,0.64998926347434,0.802931071505261,0,0,0,0.805346789778828,0.170925488511918,0,0.784625295254456,0,0,0
MIAT,0,0.766695297401761,0.47208503328323,0,0.241088683701954,0.341582563882328,0,0.804971011380717,0.291013528022332,0,0.449484646768306,0.865149237706678,0,0,0.825853553789994,0.928870517500537,0,0.905572256817694,0.0304917328752416,0,0,0,0.975198625724715,0.107365256602963,0,0.966394674683272,0,0,0
ZNF335,0,0.875778398110372,0.480620571183165,0,0.694116383938158,0.651223963925274,0,0.909598453940305,0.748121108009448,0,0.876583637534894,0.514011165986687,0,0,0.800407987975091,0.952383508696586,0,0.70399398754563,0.327839811037148,0,0,0,0.925542194545845,0.620946961563238,0,0.0624865793429246,0,0,0
NPHP1,0,0.636300193257462,0.330953403478634,0,0.669851835945888,0.61557869873309,0,0.522546703886622,0.694867940734378,0,0.713442130126691,0.535645265192184,0,0,0.436332402834443,0.499355808460382,0,0.275875026841314,0.328752415718274,0,0,0,0.586267983680481,0.840455228687997,0,0.131254026197123,0,0,0
ZNF846,0,0.0078913463603178,0.301213227399613,0,0.241088683701954,0.302608975735452,0,0.0340347863431394,0.291013528022332,0,0.742860210435903,0.652512347004509,0,0,0.206141292677689,0.239048743826498,0,0.347648700880395,0.120034356882113,0,0,0,0.365363968219884,0.0613592441485935,0,0.806742538114666,0,0,0
HIVEP1,0,0.750536826283015,0.724393386300193,0,0.72391024264548,0.533551642688426,0,0.655303843676186,0.548851191754348,0,0.233573115739747,0.663087824779901,0,0,0.637212797938587,0.379482499463174,0,0.783873738458235,0.847058191969079,0,0,0,0.296328108224179,0.62245007515568,0,0.946263689070217,0,0,0
CSAD,0,0.987706678118961,0.87899935580846,0,0.873147949323599,0.783497960060125,0,0.989800300622719,0.818552716340992,0,0.97353446424737,0.954369765943741,0,0,0.987116169207644,0.995168563452867,0,0.982016319519004,0.822042087180588,0,0,0,0.987706678118961,0.612572471548207,0,0.474393386300193,0,0,0
RBM6,0,0.43370195404767,0.0304380502469401,0,0.923287524157183,0.959469615632381,0,0.0817049602748551,0.968327249302126,0,0.86160618423878,0.834281726433326,0,0,0.265782692720636,0.219025123470045,0,0.00064419153961778,0.0587287953618209,0,0,0,0.190358599957054,0.783820055829933,0,0.0148700880395104,0,0,0
FNBP4,0,0.45796650203994,0.152351299119605,0,0.575263044878677,0.746081168133992,0,0.106721065063345,0.779310715052609,0,0.572954691861714,0.533605325316728,0,0,0.33224178655787,0.196800515353232,0,0.0199162550998497,0.113431393601031,0,0,0,0.311144513635388,0.715857848400258,0,0.0938372342709899,0,0,0
DOK3,0,0.861767232123685,0.6412926776895,0,0.535913678333691,0.498282155894353,0,0.884904444921623,0.499355808460382,0,0.887534893708396,0.946639467468327,0,0,0.894889413785699,0.960382220313507,0,0.924200128838308,0.133884474983895,0,0,0,0.977936439768091,0.505368262830148,0,0.811198196263689,0,0,0
GADD45GIP1,0,0.656270130985613,0.081812325531458,0,0.968273566673824,0.899398754563023,0,0.772009877603608,0.918563452866652,0,0.938103929568392,0.986740390809534,0,0,0.721870302770024,0.835086965857848,0,0.690412282585355,0.060070861069358,0,0,0,0.773781404337556,0.707161262615418,0,0.233573115739747,0,0,0
BLCAP,0,0.00912604681125188,0.0810070861069358,0,0.504133562379214,0.416523512991196,0,0.513635387588576,0.754885119175435,0,0.954638179085248,0.813560231908954,0,0,0.36375348937084,0.49092763581705,0,0.552984754133562,0.0577088254240928,0,0,0,0.360478849044449,0.648808245651707,0,0.554809963495813,0,0,0
DBNDD1,0,0.883401331329182,0.914537255744041,0,0.411047884904445,0.362572471548207,0,0.898164054112089,0.384099205497101,0,0.584442774318231,0.556205711831651,0,0,0.876959415933004,0.868209147519863,0,0.919959201202491,0.853178011595448,0,0,0,0.787255744041228,0.0529310715052609,0,0.91051105862143,0,0,0
TIMELESS,0,0.538973588146876,0.554809963495813,0,0.626207859136783,0.697444706892849,0,0.607472621859566,0.429138930642044,0,0.731801589005798,0.63297187030277,0,0,0.675112733519433,0.619121752200988,0,0.527807601460167,0.730674253811467,0,0,0,0.642956839166846,0.48153317586429,0,0.788222031350655,0,0,0
ENPEP,0,0.80110586214301,0.322847326605111,0,0.839918402404982,0.966340992054971,0,0.70941593300408,0.98260682843032,0,0.153585999570539,0.479224822847327,0,0,0.517124758428173,0.685741893923126,0,0.306957268627872,0.861123040584067,0,0,0,0.577571397895641,0.98008374490015,0,0.0214730513205927,0,0,0
TMEM161A,0,0.856828430319948,0.0626476272278291,0,0.488995061198196,0.739156109083101,0,0.530974876529955,0.948357311573975,0,0.91593300407988,0.997154820700021,0,0,0.787148378784625,0.621698518359459,0,0.802233197337342,0.00397251449430964,0,0,0,0.651385011810178,0.496134850762293,0,0.930856774747692,0,0,0
RFC2,0,0.845608761004939,0.573759931286236,0,0.651223963925274,0.696800515353232,0,0.865793429246296,0.764923770667812,0,0.854090616276573,0.935849259179729,0,0,0.841421515997423,0.923072793643977,0,0.91088683701954,0.246832724930213,0,0,0,0.946907880609835,0.60070861069358,0,0.841797294395534,0,0,0
MLLT6,0,0.538436761863861,0.28730942666953,0,0.628462529525446,0.724930212583208,0,0.541228258535538,0.621859566244363,0,0.881951900365042,0.560231908954262,0,0,0.54020828859781,0.588093193042731,0,0.445190036504187,0.235720420871806,0,0,0,0.66013528022332,0.670710757998712,0,0.283390594803522,0,0,0
CMTM1,0,0.735398325101997,0.928602104359029,0,0.339059480352158,0.395909383723427,0,0.773459308567747,0.371591153102856,0,0.548314365471333,0.687191324887267,0,0,0.754079879750913,0.853016963710543,0,0.8659544771312,0.592978312218166,0,0,0,0.914698303628946,0.377979385870732,0,0.888876959415933,0,0,0
POU5F1,0,0.450343568821129,0.800515353231694,0,0.241088683701954,0.343783551642688,0,0.496403263903801,0.291013528022332,0,0.744739102426455,0.995222246081168,0,0,0.496134850762293,0.604627442559588,0,0.949860425166416,0.211187459738029,0,0,0,0.750322095769809,0.0476164913034142,0,0.998013742752845,0,0,0
TTC14,0,0.262830148164054,0.490981318445351,0,0.378945673180159,0.521473051320593,0,0.591528881254026,0.543214515782693,0,0.708825424092764,0.533820055829933,0,0,0.633830792355594,0.67210650633455,0,0.556259394459953,0.322632596091905,0,0,0,0.647305132059266,0.473749194760575,0,0.150901868155465,0,0,0
SCAMP2,0,0.926132703457161,0.310554004724071,0,0.792087180588362,0.723588146875671,0,0.911369980674254,0.865525016104788,0,0.925220098776036,0.939392312647627,0,0,0.886783336912175,0.925971655572257,0,0.880663517285806,0.249731586858493,0,0,0,0.912497315868585,0.874704745544342,0,0.167865578698733,0,0,0
ZNF32,0,0.549441700665665,0.630287738887696,0,0.741142366330256,0.636353875885763,0,0.881361391453726,0.465535752630449,0,0.565814902297616,0.635656001717844,0,0,0.75907236418295,0.895426240068714,0,0.859351513850118,0.840347863431394,0,0,0,0.781082241786558,0.429890487438265,0,0.163087824779901,0,0,0
TMEM101,0,0.859244148593515,0.0530921193901653,0,0.946156323813614,0.900848185527163,0,0.897627227829075,0.968810392956839,0,0.351513850118102,0.752576766158471,0,0,0.886568606398969,0.844159330040799,0,0.778934936654499,0.592656216448357,0,0,0,0.711992699162551,0.985935151385012,0,0.122879536182091,0,0,0
BCKDK,0,0.799388018037363,0.0444492162336268,0,0.690465965213657,0.87754992484432,0,0.781833798582779,0.885011810178226,0,0.994041228258536,0.953671891775821,0,0,0.797401760790208,0.89349366544986,0,0.742860210435903,0.0346789778827571,0,0,0,0.88189821773674,0.654015460596951,0,0.281994846467683,0,0,0
YARS,0,0.971172428602104,0.828430319948465,0,0.704530813828645,0.787470474554434,0,0.979815331758643,0.848453940304917,0,0.682735666738243,0.900203993987546,0,0,0.974124973158686,0.987223534464247,0,0.98260682843032,0.675810607687352,0,0,0,0.975413356237921,0.665718273566674,0,0.906055400472407,0,0,0
RPL3,0,0.777109727292248,0.60725789134636,0,0.773083530169637,0.346897144084174,0,0.922267554219455,0.772761434399828,0,0.730888984324673,0.977560661369981,0,0,0.899184024049817,0.957805454155035,0,0.961724286021044,0.375509984968864,0,0,0,0.953671891775821,0.722407129053038,0,0.802501610478849,0,0,0
MALAT1,0,0.487599312862358,0.812701309856131,0,0.241088683701954,0.215321022117243,0,0.452812969722998,0.332510199699377,0,0.540423019111016,0.550407987975091,0,0,0.493450719347219,0.6014601674898,0,0.615900794502899,0.361015675327464,0,0,0,0.746940090186816,0.100440197552072,0,0.746832724930213,0,0,0
CRB3,0,0.512400687137642,0.306635172858063,0,0.611284088468971,0.587341636246511,0,0.842441485935151,0.675112733519433,0,0.49565170710758,0.755529310715053,0,0,0.794127120463818,0.799602748550569,0,0.849796006012454,0.369175434829289,0,0,0,0.683863001932575,0.783175864290316,0,0.829235559372987,0,0,0
PHB,0,0.229654283873738,0.217092548851192,0,0.687835516426884,0.519647841958342,0,0.389574833583852,0.443418509770238,0,0.75542194545845,0.798743826497745,0,0,0.463925273781404,0.454745544341851,0,0.319035859995705,0.0839059480352158,0,0,0,0.455336053253167,0.453188748121108,0,0.335086965857848,0,0,0
ATP6V1F,0,0.840401546059695,0.453779257032424,0,0.635065492806528,0.48405625939446,0,0.720689284947391,0.723105003220958,0,0.412819411638394,0.550891131629805,0,0,0.709308567747477,0.603553789993558,0,0.628355164268843,0.600869658578484,0,0,0,0.536504187245007,0.708932789349367,0,0.640916899291389,0,0,0
TTC25,0,0.894782048529096,0.915342495168563,0,0.680910457375993,0.772009877603608,0,0.738834013313292,0.782692720635602,0,0.728956409705819,0.651707107579987,0,0,0.769433111445136,0.866061842387803,0,0.731425810607687,0.870195404767017,0,0,0,0.93332617564956,0.780760146016749,0,0.26342065707537,0,0,0
ACBD3,0,0.378033068499034,0.0591582563882328,0,0.780330684990337,0.913302555293107,0,0.449323598883401,0.775767661584711,0,0.33803951041443,0.453886622289027,0,0,0.385387588576337,0.468810392956839,0,0.0508374490015031,0.0537363109297831,0,0,0,0.593031994846468,0.905518574189392,0,0.228849044449216,0,0,0
GTF2A1,0,0.425971655572257,0.0883079235559373,0,0.583583852265407,0.485237277217093,0,0.57789349366545,0.739102426454799,0,0.306474124973159,0.654605969508267,0,0,0.793751342065708,0.422697015245866,0,0.658739531887481,0.359083100708611,0,0,0,0.220904015460597,0.636675971655572,0,0.86847756066137,0,0,0
ZNF571,0,0.166416147734593,0.393332617564956,0,0.241088683701954,0.12610049388018,0,0.0105754777753919,0.291013528022332,0,0.626154176508482,0.491893923126476,0,0,0.146231479493236,0.166577195619498,0,0.209254885119175,0.128730942666953,0,0,0,0.272493021258321,0.0314580201846682,0,0.746081168133992,0,0,0
ZNF185,0,0.956248657934292,0.782800085892205,0,0.717146231479493,0.507837663732016,0,0.913248872664806,0.465857848400258,0,0.770506764011166,0.755475628086751,0,0,0.919959201202491,0.873845823491518,0,0.929944170066566,0.759931286235774,0,0,0,0.818713764225896,0.372772170925489,0,0.946048958557011,0,0,0
APP,0,0.863699806742538,0.972246081168134,0,0.438211294824995,0.483948894137857,0,0.827356667382435,0.425917972943955,0,0.0655464891561091,0.163463603178012,0,0,0.816405411208933,0.878891990551857,0,0.801427957912819,0.928172643332618,0,0,0,0.916469830362895,0.636300193257462,0,0.565170710757999,0,0,0
SNX30,0,0.541711402190251,0.183004079879751,0,0.47643332617565,0.515675327464033,0,0.688962851621215,0.298368048099635,0,0.583261756495598,0.555239424522225,0,0,0.618155464891561,0.726594374060554,0,0.743987545630234,0.277324457805454,0,0,0,0.743235988834013,0.534303199484647,0,0.702651921838093,0,0,0
DYNLRB1,0,0.537470474554434,0.881737169851836,0,0.395050461670603,0.444653210221172,0,0.753489370839596,0.291013528022332,0,0.669261327034572,0.278505475628087,0,0,0.651116598668671,0.788919905518574,0,0.763528022331973,0.895802018466824,0,0,0,0.734807816190681,0.312647627227829,0,0.391775821344213,0,0,0
DGAT1,0,0.451363538758858,0.103714837878463,0,0.773298260682843,0.753113592441486,0,0.626476272278291,0.836106935795577,0,0.690519647841958,0.720098776036075,0,0,0.612894567318016,0.646446210006442,0,0.507139789564097,0.175864290315654,0,0,0,0.528076014601675,0.716394674683272,0,0.241732875241572,0,0,0
LOC493754,0,0.606989478204853,0.855540047240713,0,0.241088683701954,0.237652995490659,0,0.585623792140863,0.291013528022332,0,0.601782263259609,0.556420442344857,0,0,0.593031994846468,0.718058836160618,0,0.745920120249087,0.244953832939661,0,0,0,0.841797294395534,0.169315009662873,0,0.875939445995276,0,0,0
MIF4GD,0,0.870141722138716,0.427260038651492,0,0.767071075799871,0.901760790208289,0,0.837019540476702,0.904176508481855,0,0.864773459308568,0.970367189177582,0,0,0.8369658578484,0.915235129911961,0,0.875671032853769,0.200826712475843,0,0,0,0.946532102211724,0.912658363753489,0,0.900633455013958,0,0,0
CD96,0,0.239424522224608,0.559909813184454,0,0.344374060554005,0.440412282585355,0,0.329503972514494,0.291013528022332,0,0.523137212797939,0.75832080738673,0,0,0.270560446639467,0.296811251878892,0,0.697391024264548,0.649828215589435,0,0,0,0.346199269916255,0.399720850332832,0,0.83406699592012,0,0,0
NDUFB7,0,0.79745544341851,0.0518574189392313,0,0.954799226970152,0.922267554219455,0,0.94239853983251,0.97863431393601,0,0.978849044449216,0.986257247154821,0,0,0.927098990766588,0.943579557655143,0,0.89746617994417,0.0747262185956624,0,0,0,0.856452651921838,0.878355164268843,0,0.307440412282585,0,0,0
YIPF1,0,0.848668670818123,0.0662980459523298,0,0.995812754992484,0.998604251664161,0,0.615900794502899,0.953510843890917,0,0.954852909598454,0.937942881683487,0,0,0.551642688426025,0.642205282370625,0,0.251181017822633,0.256012454369766,0,0,0,0.731962636890702,0.993611767232124,0,0.0222782907451149,0,0,0
SGPP2,0,0.858385226540691,0.386837019540477,0,0.943257461885334,0.881039295683917,0,0.742860210435903,0.872986901438694,0,0.150633455013957,0.655303843676186,0,0,0.780223319733734,0.426562164483573,0,0.721870302770024,0.91196048958557,0,0,0,0.278559158256388,0.957859136783337,0,0.249355808460382,0,0,0
LRRC14,0,0.581812325531458,0.231586858492592,0,0.980137427528452,0.9420227614344,0,0.495490659222676,0.977829074511488,0,0.561412926776895,0.560124543697659,0,0,0.45759072364183,0.466877818337986,0,0.0099312862357741,0.765836375348937,0,0,0,0.532316942237492,0.98840455228688,0,0.00472407129053038,0,0,0
SLC25A27,0,0.347756066136998,0.523835086965858,0,0.37824779901224,0.521580416577196,0,0.213603178011595,0.539456731801589,0,0.562110800944814,0.2210113807172,0,0,0.282853768520507,0.235452007730298,0,0.0666201417221387,0.601299119604896,0,0,0,0.360478849044449,0.665503543053468,0,0.116330255529311,0,0,0
RDX,0,0.389789564097058,0.490390809534035,0,0.429085248013743,0.495222246081168,0,0.287953618209147,0.53371269057333,0,0.362357741035001,0.284947391024265,0,0,0.254885119175435,0.216770453081383,0,0.315600171784411,0.462368477560661,0,0,0,0.272493021258321,0.639413785698948,0,0.444331114451364,0,0,0
MARCH9,0,0.442989048743826,0.821397895640971,0,0.241088683701954,0.242054971011381,0,0.404874382649775,0.291013528022332,0,0.906806957268628,0.640809534034786,0,0,0.498335838522654,0.606935795576551,0,0.414698303628946,0.271687781833799,0,0,0,0.752308353016964,0.0557762508052394,0,0.340347863431394,0,0,0
RABL2A,0,0.335784840025768,0.619068069572686,0,0.241088683701954,0.26014601674898,0,0.381629804595233,0.291013528022332,0,0.511541765084819,0.384958127549925,0,0,0.398593515138501,0.4855056903586,0,0.498980030062272,0.32934292462959,0,0,0,0.611176723212368,0.105164268842603,0,0.697766802662658,0,0,0
PLEKHA1,0,0.569948464676831,0.253650418724501,0,0.816405411208933,0.591582563882328,0,0.721870302770024,0.599796006012454,0,0.0727936439768091,0.64601674898003,0,0,0.643010521795147,0.557762508052394,0,0.759716555722568,0.880878247799012,0,0,0,0.384313936010307,0.791120893278935,0,0.712100064419154,0,0,0
CLK1,0,0.453564526519218,0.0997423233841529,0,0.76884260253382,0.592280438050247,0,0.638984324672536,0.541120893278935,0,0.482553145802018,0.82644406270131,0,0,0.526197122611123,0.560554004724071,0,0.609834657504831,0.0312432896714623,0,0,0,0.549065922267554,0.775230835301696,0,0.90181447283659,0,0,0
MPZL1,0,0.375080523942452,0.165664590938372,0,0.562754992484432,0.657504831436547,0,0.570968434614559,0.684399828215589,0,0.932467253596736,0.950987760360747,0,0,0.634474983895212,0.688962851621215,0,0.720742967575693,0.0822954691861714,0,0,0,0.721440841743612,0.584389091689929,0,0.839005797723857,0,0,0
FOXK2,0,0.751127335194331,0.258535537899936,0,0.702007730298475,0.831919690788061,0,0.596145587287954,0.798153317586429,0,0.772546703886622,0.970259823920979,0,0,0.692183809319304,0.796703886622289,0,0.673287524157183,0.100440197552072,0,0,0,0.886998067425381,0.657987975091261,0,0.292892420012884,0,0,0
CD84,0,0.0380609834657505,0.411745759072364,0,0.241088683701954,0.272385656001718,0,0.186869229117458,0.291013528022332,0,0.234324672535967,0.747637964354735,0,0,0.101406484861499,0.109619926991626,0,0.597487652995491,0.157504831436547,0,0,0,0.190358599957054,0.300193257461885,0,0.971494524371913,0,0,0
NHP2L1,0,0.334711187459738,0.269540476701739,0,0.241088683701954,0.30180373631093,0,0.422482284732661,0.291013528022332,0,0.866759716555723,0.837663732016319,0,0,0.539671462314795,0.65616276572901,0,0.58116813399184,0.00891131629804595,0,0,0,0.795039725144943,0.0111659866867082,0,0.939875456302341,0,0,0
ATAD3B,0,0.00391883186600816,0.242162336267984,0,0.241088683701954,0.283659007945029,0,0.00166416147734593,0.291013528022332,0,0.867994417006657,0.504831436547133,0,0,0.105378999355808,0.115310285591583,0,0.0253918831866008,0.0771419368692291,0,0,0,0.192559587717415,0.0338737384582349,0,0.429407343783552,0,0,0
SLTM,0,0.383508696585785,0.230459523298261,0,0.829128194116384,0.504616706033927,0,0.232070002147305,0.694867940734378,0,0.479761649130341,0.713227399613485,0,0,0.187781833798583,0.222031350654928,0,0.0109512561735023,0.0978097487652995,0,0,0,0.190358599957054,0.459093837234271,0,0.192505905089113,0,0,0
FAM71E1,0,0.266856345286665,0.191485935151385,0,0.626529954906592,0.815063345501396,0,0.386837019540477,0.828322954691862,0,0.819733734163625,0.812540261971226,0,0,0.512776465535753,0.374543697659437,0,0.293429246295899,0.339596306635173,0,0,0,0.190358599957054,0.655196478419583,0,0.128569894782049,0,0,0
OBSL1,0,0.462475842817264,0.591367833369122,0,0.502576766158471,0.541228258535538,0,0.54455658149023,0.640809534034786,0,0.52136568606399,0.486203564526519,0,0,0.587610049388018,0.64998926347434,0,0.4202812969723,0.438211294824995,0,0,0,0.651921838093193,0.46703886622289,0,0.131737169851836,0,0,0
ZNF692,0,0.317532746403264,0.062969722997638,0,0.755046167060339,0.623792140863217,0,0.534840025767662,0.783229546918617,0,0.97863431393601,0.888715911531029,0,0,0.580899720850333,0.650472407129053,0,0.286074726218596,0.0366115525016105,0,0,0,0.619390165342495,0.711133777109727,0,0.0968434614558729,0,0,0
PARP15,0,0.43805024694009,0.826121966931501,0,0.241088683701954,0.298475413356238,0,0.542624006871376,0.291013528022332,0,0.630556152029203,0.909652136568606,0,0,0.575263044878677,0.698840455228688,0,0.852211724286021,0.198142581060769,0,0,0,0.827249302125832,0.0523405625939446,0,0.97498389521151,0,0,0
PLCB4,0,0.824672535967361,0.985935151385012,0,0.283820055829933,0.196424736955121,0,0.907343783551643,0.291013528022332,0,0.647251449430964,0.0855164268842603,0,0,0.929192613270346,0.930212583208074,0,0.885656001717844,0.951041442989049,0,0,0,0.929138930642044,0.0974876529954907,0,0.366867081812326,0,0,0
CSPG4,0,0.748765299549066,0.947229976379644,0,0.389950611981963,0.474661799441701,0,0.758428172643333,0.326605110586214,0,0.542140863216663,0.201363538758858,0,0,0.735237277217093,0.874543697659437,0,0.733089972085033,0.861391453725574,0,0,0,0.917489800300623,0.362894567318016,0,0.41883186600816,0,0,0
KLHL17,0,0.720420871805884,0.362787202061413,0,0.551589005797724,0.77716340992055,0,0.629858277861284,0.599151814472837,0,0.96703886622289,0.672643332617565,0,0,0.573813613914537,0.696961563238136,0,0.587556366759717,0.685366115525016,0,0,0,0.825799871161692,0.815117028129697,0,0.207537041013528,0,0,0
DSTYK,0,0.570592656216448,0.078913463603178,0,0.427313721279794,0.499785269486794,0,0.875671032853769,0.727077517715267,0,0.743074940949109,0.664590938372343,0,0,0.858063130770883,0.914590938372343,0,0.885763366974447,0.291765084818553,0,0,0,0.814526519218381,0.506925059050891,0,0.352963281082242,0,0,0
AHCYL1,0,0.974124973158686,0.918992913893064,0,0.849098131844535,0.675810607687352,0,0.99565170710758,0.769325746188533,0,0.992645479922697,0.796328108224179,0,0,0.996188533390595,0.994255958771741,0,0.992001288383079,0.931662014172214,0,0,0,0.966716770453081,0.466502039939875,0,0.815439123899506,0,0,0
PHLDB3,0,0.822364182950397,0.334657504831437,0,0.600923341206785,0.861284088468971,0,0.612196693150097,0.931286235774104,0,0.760951256173502,0.806849903371269,0,0,0.654283873738458,0.750161047884904,0,0.627227829074511,0.260360747262186,0,0,0,0.866330255529311,0.883401331329182,0,0.419690788060983,0,0,0
GNA11,0,0.61267983680481,0.203564526519218,0,0.859190465965214,0.803414215159974,0,0.811896070431608,0.963656860639897,0,0.466609405196478,0.699323598883401,0,0,0.83261756495598,0.800300622718488,0,0.639467468327249,0.730727936439768,0,0,0,0.59383723427099,0.856237921408632,0,0.0786987330899721,0,0,0
MMP25,0,0.842548851191754,0.283229546918617,0,0.606721065063346,0.71193901653425,0,0.745973802877389,0.728902727077518,0,0.890541120893279,0.769433111445136,0,0,0.784303199484647,0.817854842173073,0,0.763259609190466,0.125402619712261,0,0,0,0.86305561520292,0.566405411208933,0,0.787631522439339,0,0,0
AKNA,0,0.316083315439124,0.542946102641185,0,0.401707107579987,0.344803521580417,0,0.66920764440627,0.308997208503328,0,0.816566459093837,0.834979600601245,0,0,0.741947605754778,0.666630878247799,0,0.77426454799227,0.140487438264977,0,0,0,0.722890272707752,0.0952329826068284,0,0.881737169851836,0,0,0
LOH12CR2,0,0.0185741893923126,0.0928172643332618,0,0.241088683701954,0.347595018252094,0,0.223480781619068,0.291013528022332,0,0.393386300193257,0.875832080738673,0,0,0.151492377066781,0.173072793643977,0,0.601728580631308,0.0260360747262186,0,0,0,0.281028559158256,0.406484861498819,0,0.963066351728581,0,0,0
APC,0,0.452920334979601,0.621644835731157,0,0.51776894996779,0.587932145157827,0,0.545522868799656,0.627603607472622,0,0.374328967146231,0.433540906162766,0,0,0.383132918187674,0.551696371054327,0,0.466609405196478,0.814687567103285,0,0,0,0.506495598024479,0.490176079020829,0,0.193364827141937,0,0,0
KIAA0391,0,0.710543268198411,0.952651921838093,0,0.241088683701954,0.269755207214945,0,0.673931715696801,0.291013528022332,0,0.845179299978527,0.483036289456732,0,0,0.749838952115096,0.870678548421731,0,0.739263474339704,0.362572471548207,0,0,0,0.943150096628731,0.0359673609619927,0,0.681608331543912,0,0,0
SMS,0,0.826873523727722,0.992967575692506,0,0.264547992269702,0.277431823062057,0,0.793697659437406,0.324511488082457,0,0.283551642688426,0.161316298045952,0,0,0.809963495812755,0.919153961777969,0,0.817532746403264,0.902136568606399,0,0,0,0.969991410779472,0.33803951041443,0,0.594159330040799,0,0,0
CAV1,0,0.931447283659008,0.974608116813399,0,0.526304487867726,0.157504831436547,0,0.943686922911746,0.35001073652566,0,0.175381146660941,0.278022331973373,0,0,0.919690788060983,0.764386944384797,0,0.937406055400472,0.978741679192613,0,0,0,0.575960919046597,0.176937942881683,0,0.937781833798583,0,0,0
GNG7,0,0.487760360747262,0.41088683701954,0,0.892366330255529,0.782048529095985,0,0.670549710113807,0.879589864719777,0,0.48443203779257,0.971923985398325,0,0,0.633777109727292,0.481425810607687,0,0.781189607043161,0.801213227399614,0,0,0,0.325799871161692,0.596950826712476,0,0.94347219239854,0,0,0
SYDE1,0,0.700450934077732,0.659705819196908,0,0.561627657290101,0.631254026197123,0,0.578913463603178,0.712905303843676,0,0.34636031780116,0.242269701524587,0,0,0.519862572471548,0.68042731372128,0,0.112143010521795,0.627979385870732,0,0,0,0.751986257247155,0.657773244578055,0,0.0310822417865579,0,0,0
GPBP1L1,0,0.241088683701954,0.0163195190036504,0,0.425971655572257,0.702061412926777,0,0.00150311359244149,0.814097058191969,0,0.830846038222031,0.539564097058192,0,0,0.317640111659867,0.117189177582134,0,0.00241571827356667,0.12824779901224,0,0,0,0.190358599957054,0.677098990766588,0,0.0455765514279579,0,0,0
ZNF433,0,0.2210113807172,0.515997423233842,0,0.241088683701954,0.243987545630234,0,0.0540047240712905,0.291013528022332,0,0.725842817264333,0.402297616491303,0,0,0.202759287094696,0.235452007730298,0,0.262454369765944,0.235666738243504,0,0,0,0.360478849044449,0.0689821773674039,0,0.838522654069143,0,0,0
PNOC,0,0.173716985183595,0.160296328108224,0,0.326551427957913,0.446102641185312,0,0.282907451148808,0.350547562808675,0,0.671784410564741,0.990659222675542,0,0,0.254187245007516,0.279954906592227,0,0.875885763366974,0.0252308353016964,0,0,0,0.38334764870088,0.104197981533176,0,0.996779042301911,0,0,0
EDEM3,0,0.457483358385227,0.463978956409706,0,0.42645479922697,0.460489585570109,0,0.42065707537041,0.291013528022332,0,0.377657290100923,0.624758428172643,0,0,0.471440841743612,0.537416791926133,0,0.376852050676401,0.204906592226755,0,0,0,0.628301481640541,0.112035645265192,0,0.441378569894782,0,0,0
P2RY6,0,0.806742538114666,0.786879965643118,0,0.794878677260039,0.721440841743612,0,0.857794717629375,0.492323384152888,0,0.881576121966931,0.890111659866867,0,0,0.849581275499248,0.915288812540262,0,0.888608546274426,0.36412926776895,0,0,0,0.949592012024909,0.496295898647198,0,0.909544771312003,0,0,0
RANBP3,0,0.400311359244149,0.498335838522654,0,0.434882971870303,0.394298904874383,0,0.429138930642044,0.599796006012454,0,0.69347219239854,0.473749194760575,0,0,0.589059480352158,0.41593300407988,0,0.502469400901868,0.654928065278076,0,0,0,0.495329611337771,0.703027700236204,0,0.41485935151385,0,0,0
ALDH4A1,0,0.529793858707322,0.304434185097702,0,0.367618638608546,0.697391024264548,0,0.56629804595233,0.701954047670174,0,0.559372986901439,0.477990122396393,0,0,0.654391238995061,0.736310929783122,0,0.215267339488941,0.145372557440412,0,0,0,0.771634099205497,0.634636031780116,0,0.0386514923770668,0,0,0
C12orf57,0,0.816136998067425,0.0200236203564527,0,0.996940090186816,0.965965213656861,0,0.961133777109727,0.982284732660511,0,0.880609834657505,0.998013742752845,0,0,0.931232553145802,0.853500107365257,0,0.971548207000215,0.252737814043376,0,0,0,0.42897788275714,0.891722138715912,0,0.909383723427099,0,0,0
BCL10,0,0.921247584281726,0.0701631951900365,0,0.761810178226326,0.871430105217952,0,0.861713549495383,0.743289671462315,0,0.970957698088898,0.645479922697015,0,0,0.904605969508267,0.877388876959416,0,0.829128194116384,0.326390380073008,0,0,0,0.85290959845394,0.850815975950183,0,0.118692291174576,0,0,0
ZNF204P,0,0.203725574404123,0.551052179514709,0,0.241088683701954,0.206946532102212,0,0.270130985613056,0.291013528022332,0,0.488672965428387,0.547025982392098,0,0,0.300461670603393,0.366491303414215,0,0.399667167704531,0.200611981962637,0,0,0,0.495866437620786,0.0767661584711187,0,0.764547992269701,0,0,0
DYNC2LI1,0,0.942559587717415,0.807494094910887,0,0.64166845608761,0.768627872020614,0,0.930534678977883,0.703296113377711,0,0.552823706248658,0.636353875885763,0,0,0.929783122181662,0.932359888340133,0,0.919798153317586,0.87969722997638,0,0,0,0.890111659866867,0.643547348078162,0,0.425059050891132,0,0,0
MEX3A,0,0.766802662658364,0.305454155035431,0,0.897895640970582,0.488995061198196,0,0.847863431393601,0.781458020184668,0,0.931339918402405,0.956087610049388,0,0,0.833744900150311,0.917704530813829,0,0.839435258750268,0.0851406484861499,0,0,0,0.887856989478205,0.477990122396393,0,0.784142151599742,0,0,0
SMURF2,0,0.946102641185312,0.945243719132489,0,0.673985398325102,0.742269701524587,0,0.944653210221172,0.544449216233627,0,0.793536611552502,0.589703671891776,0,0,0.927260038651492,0.962851621215375,0,0.950934077732446,0.930212583208074,0,0,0,0.962529525445566,0.601674898003006,0,0.832027056044664,0,0,0
ADAMTSL3,0,0.351245436976594,0.876583637534894,0,0.254026197122611,0.103500107365257,0,0.536396821988405,0.291013528022332,0,0.419529740176079,0.0818660081597595,0,0,0.466502039939875,0.550622718488297,0,0.569089542624007,0.810178226325961,0,0,0,0.510843890916899,0.0936761863860855,0,0.382542409276358,0,0,0
ARHGAP18,0,0.41378569894782,0.313238136139145,0,0.614719776680266,0.772761434399828,0,0.595608761004939,0.736740390809534,0,0.199914107794718,0.668026626583638,0,0,0.614934507193472,0.501395748335839,0,0.571397895640971,0.580094481425811,0,0,0,0.438372342709899,0.853822203135066,0,0.366813399184024,0,0,0
CPA4,0,0.900526089757354,0.988995061198196,0,0.53043805024694,0.256925059050891,0,0.964623147949324,0.328913463603178,0,0.192452222460812,0.312916040369336,0,0,0.921623362679837,0.954423448572042,0,0.965428387373846,0.98512991196049,0,0,0,0.878677260038652,0.0519111015675327,0,0.777324457805454,0,0,0
SRP68,0,0.92318015890058,0.151009233412068,0,0.989961348507623,0.875187889199055,0,0.878677260038652,0.952329826068284,0,0.962905303843676,0.530115954477131,0,0,0.90471333476487,0.864182950397251,0,0.606076873523728,0.72680910457376,0,0,0,0.783497960060125,0.902297616491303,0,0.0732767876315224,0,0,0
HSD3B7,0,0.743611767232124,0.400794502898862,0,0.701578269272064,0.789188318660082,0,0.665771956194975,0.799602748550569,0,0.870893278934937,0.76846682413571,0,0,0.621966931500966,0.712583208073867,0,0.711455872879536,0.645963066351729,0,0,0,0.755153532316942,0.836804809963496,0,0.190734378355164,0,0,0
RAB18,0,0.263205926562164,0.166255099849689,0,0.610478849044449,0.731479493235989,0,0.221601889628516,0.651546059695083,0,0.46269057333047,0.596199269916255,0,0,0.235935151385012,0.175220098776036,0,0.255529310715053,0.17318015890058,0,0,0,0.190358599957054,0.637856989478205,0,0.764440627013099,0,0,0
MECOM,0,0.86665235129912,0.237277217092549,0,0.991088683701954,0.850118101782263,0,0.739961348507623,0.632273996134851,0,0.860049388018037,0.396124114236633,0,0,0.69094910886837,0.619390165342495,0,0.486418295039725,0.576927206356023,0,0,0,0.603178011595448,0.878569894782048,0,0.123147949323599,0,0,0
PLN,0,0.216555722568177,0.603875885763367,0,0.26884260253382,0.17935366115525,0,0.35650633455014,0.291013528022332,0,0.127013098561306,0.651277646553575,0,0,0.298475413356238,0.28371269057333,0,0.717736740390809,0.323652566029633,0,0,0,0.375026841314151,0.300193257461885,0,0.94819626368907,0,0,0
LRRK1,0,0.463012669100279,0.394996779042302,0,0.452651921838093,0.474178655786987,0,0.40326390380073,0.661692076444063,0,0.737169851835946,0.512239639252738,0,0,0.370463817908525,0.382220313506549,0,0.45904015460597,0.195136353875886,0,0,0,0.435741893923126,0.543429246295899,0,0.725574404122826,0,0,0
MCAT,0,0.308138286450505,0.0887910672106506,0,0.481425810607687,0.619336482714194,0,0.318015890057977,0.742645479922697,0,0.826390380073008,0.753650418724501,0,0,0.358761004938802,0.398271419368692,0,0.224393386300193,0.075907236418295,0,0,0,0.435312432896715,0.615793429246296,0,0.0927635817049603,0,0,0
MYOM3,0,0.936117672321237,0.447981533175864,0,0.949753059909813,0.941808030921194,0,0.816781189607043,0.82392097917114,0,0.0856774747691647,0.556313077088254,0,0,0.791979815331759,0.902082885978097,0,0.581812325531458,0.854681125187889,0,0,0,0.962744255958772,0.967951470904015,0,0.0210435902941808,0,0,0
LGALS4,0,0.921408632166631,0.0090723641829504,0,0.866759716555723,0.914107794717629,0,0.858922052823706,0.715911531028559,0,0.426240068713764,0.612626154176508,0,0,0.909330040798798,0.735398325101997,0,0.834496456946532,0.848131844535108,0,0,0,0.676401116598669,0.947337341636246,0,0.266587932145158,0,0,0
RPL35,0,0.293160833154391,0.22718488297187,0,0.613807171999141,0.529418080309212,0,0.530008589220528,0.49312862357741,0,0.558353016963711,0.560017178441056,0,0,0.485935151385012,0.518574189392313,0,0.382273996134851,0.177421086536397,0,0,0,0.398754563023406,0.187030277002362,0,0.332349151814473,0,0,0
RPS20,0,0.307494094910887,0.262239639252738,0,0.542462958986472,0.362518788919906,0,0.679246295898647,0.56087610049388,0,0.694814258106077,0.817962207429676,0,0,0.698303628945673,0.514762722782907,0,0.743450719347219,0.413624651062916,0,0,0,0.190358599957054,0.0875026841314151,0,0.874114236633026,0,0,0
ZNF184,0,0.00633455013957483,0.0172321236847756,0,0.730459523298261,0.527431823062057,0,0.0407451148808246,0.662336267983681,0,0.961831651277647,0.996456946532102,0,0,0.189016534249517,0.197068928494739,0,0.432145157826927,0.00171784410564741,0,0,0,0.298743826497745,0.451739317156968,0,0.971870302770024,0,0,0
USP11,0,0.601513850118102,0.333583852265407,0,0.597863431393601,0.83621430105218,0,0.586643762078591,0.677474769164698,0,0.422589649989263,0.399398754563023,0,0,0.419368692291175,0.61305561520292,0,0.533229546918617,0.664913034142152,0,0,0,0.580094481425811,0.672858063130771,0,0.410457375993129,0,0,0
ESCO1,0,0.814097058191969,0.46811251878892,0,0.81484861498819,0.68187674468542,0,0.929944170066566,0.820485290959845,0,0.762937513420657,0.627388876959416,0,0,0.898969293536612,0.919261327034572,0,0.829020828859781,0.669261327034572,0,0,0,0.839811037148379,0.690734378355164,0,0.177689499677904,0,0,0
SGPP1,0,0.811627657290101,0.478365900794503,0,0.787524157182736,0.741518144728366,0,0.737277217092549,0.678924200128838,0,0.464354734807816,0.66883186600816,0,0,0.732392097917114,0.510092334120679,0,0.76487008803951,0.809158256388233,0,0,0,0.431447283659008,0.661208932789349,0,0.875456302340563,0,0,0
IKZF4,0,0.806796220742968,0.399345071934722,0,0.652029203349796,0.750161047884904,0,0.692774318230621,0.683165127764655,0,0.892420012883831,0.741732875241572,0,0,0.761917543482929,0.77571397895641,0,0.627281511702813,0.342656216448357,0,0,0,0.798743826497745,0.577034571612626,0,0.348024479278505,0,0,0
ACER3,0,0.800891131629805,0.544341850977024,0,0.889896929353661,0.586697444706893,0,0.743182306205712,0.427528451793,0,0.609297831221817,0.333100708610694,0,0,0.716394674683272,0.462261112304058,0,0.589435258750268,0.922750697874168,0,0,0,0.347541335623792,0.766963710543268,0,0.162658363753489,0,0,0
FCHO2,0,0.6630341421516,0.90723641829504,0,0.81629804595233,0.440036504187245,0,0.729385870732231,0.291013528022332,0,0.0664054112089328,0.38259609190466,0,0,0.700289886192828,0.623147949323599,0,0.644137856989478,0.901599742323384,0,0,0,0.621215374704746,0.445673180158901,0,0.440304917328752,0,0,0
LXN,0,0.729815331758643,0.815814902297616,0,0.542248228473266,0.458932789349367,0,0.814097058191969,0.375080523942452,0,0.583315439123899,0.590723641829504,0,0,0.804648915610908,0.709845394030492,0,0.894621000644192,0.896821988404552,0,0,0,0.594374060554005,0.422374919476058,0,0.904069143225252,0,0,0
TAX1BP3,0,0.610961992699163,0.290047240712905,0,0.781780115954477,0.913517285806313,0,0.687406055400472,0.954423448572042,0,0.886729654283874,0.769594159330041,0,0,0.757300837449001,0.685097702383509,0,0.526841314150741,0.347702383508697,0,0,0,0.696800515353232,0.948947820485291,0,0.110210435902942,0,0,0
ANKRD44,0,0.95544341850977,0.936063989692935,0,0.803092119390165,0.461777968649345,0,0.934721923985398,0.671999141077947,0,0.409866867081812,0.499892634743397,0,0,0.932681984109942,0.654767017393172,0,0.939768091045738,0.985774103500107,0,0,0,0.190358599957054,0.54058406699592,0,0.922052823706249,0,0,0
GPRIN3,0,0.835784840025768,0.391077947176294,0,0.812808675112733,0.885387588576337,0,0.869765943740606,0.755099849688641,0,0.080470259823921,0.680695726862787,0,0,0.741625509984969,0.61412926776895,0,0.930105217951471,0.955980244792785,0,0,0,0.190358599957054,0.867457590723642,0,0.909813184453511,0,0,0
FABP2,0,0.78585999570539,0.0908846897144084,0,0.991142366330256,0.986149881898218,0,0.588737384582349,0.976111230405841,0,0.27464032639038,0.65471333476487,0,0,0.563184453510844,0.325960919046597,0,0.234270989907666,0.704960274855057,0,0,0,0.212261112304058,0.993021258320807,0,0.0576551427957913,0,0,0
LSG1,0,0.893064204423449,0.331758642903157,0,0.923072793643977,0.790798797509126,0,0.969454584496457,0.883240283444277,0,0.945404767017393,0.84963495812755,0,0,0.980513205926562,0.881683487223535,0,0.94492162336268,0.766802662658364,0,0,0,0.530491732875242,0.669583422804381,0,0.816190680695727,0,0,0
C10orf111,0,0.275284517929998,0.317318015890058,0,0.241088683701954,0.264762722782907,0,0.294341850977024,0.291013528022332,0,0.382810822417866,0.710596950826712,0,0,0.262722782907451,0.313721279793859,0,0.59528666523513,0.0471333476487009,0,0,0,0.444384797079665,0.136998067425381,0,0.945995275928709,0,0,0
ECSIT,0,0.866222890272708,0.28081382864505,0,0.716018896285162,0.944438479707966,0,0.83948894137857,0.921247584281726,0,0.888823276787632,0.88334764870088,0,0,0.847004509340777,0.952437191324887,0,0.672911745759072,0.0559372986901439,0,0,0,0.976701739317157,0.709362250375778,0,0.306688855486365,0,0,0
ARL6IP5,0,0.685956624436332,0.253489370839596,0,0.739585570109513,0.752039939875456,0,0.604251664161477,0.647412497315869,0,0.528934936654499,0.920496027485506,0,0,0.651492377066781,0.307547777539188,0,0.835570109512562,0.748496886407559,0,0,0,0.190358599957054,0.862626154176508,0,0.960328537685205,0,0,0
FOSL1,0,0.99710113807172,0.727399613485076,0,0.988511917543483,0.656055400472407,0,0.998496886407559,0.769647841958342,0,0.999302125832081,0.572203135065493,0,0,0.998980030062272,0.996779042301911,0,0.988834013313292,0.952812969722998,0,0,0,0.968649345071935,0.49382649774533,0,0.412121537470475,0,0,0
SIRT2,0,0.63984324672536,0.210113807171999,0,0.784678977882757,0.692613270345716,0,0.611874597380288,0.831114451363539,0,0.856560017178441,0.971601889628516,0,0,0.844374060554005,0.688372342709899,0,0.723480781619068,0.0403156538544127,0,0,0,0.80615202920335,0.401921838093193,0,0.937728151170281,0,0,0
ADAM17,0,0.931071505260898,0.526411853124329,0,0.772976164913034,0.682735666738243,0,0.920442344857204,0.656270130985613,0,0.519862572471548,0.291013528022332,0,0,0.920764440627013,0.79493235988834,0,0.827195619497531,0.856398969293537,0,0,0,0.559104573759931,0.738565600171784,0,0.589005797723857,0,0,0
MAN2B2,0,0.558299334335409,0.65653854412712,0,0.584013313291819,0.378569894782049,0,0.775391883186601,0.539027270775177,0,0.305829933433541,0.221601889628516,0,0,0.772224608116813,0.583583852265407,0,0.61305561520292,0.940358599957054,0,0,0,0.23368048099635,0.356774747691647,0,0.314526519218381,0,0,0
LDLR,0,0.778183379858278,0.331597595018252,0,0.832188103929568,0.962207429675757,0,0.634099205497101,0.945673180158901,0,0.554809963495813,0.69019755207215,0,0,0.477721709254885,0.638930642044234,0,0.766695297401761,0.744846467683058,0,0,0,0.683863001932575,0.904767017393172,0,0.888179085248014,0,0,0
BICD2,0,0.466233626798368,0.736257247154821,0,0.438479707966502,0.430158900579772,0,0.294610264118531,0.617511273351943,0,0.520023620356453,0.553360532531673,0,0,0.347648700880395,0.426293751342066,0,0.0602319089542624,0.347272922482285,0,0,0,0.551481640541121,0.353553789993558,0,0.12717414644621,0,0,0
GPR171,0,0.425488511917543,0.884958127549925,0,0.272707751771527,0.182091475198626,0,0.568660081597595,0.291013528022332,0,0.404820700021473,0.695726862787202,0,0,0.540261971226111,0.568230620571183,0,0.824511488082457,0.684882971870303,0,0,0,0.599312862357741,0.127657290100923,0,0.921140219025123,0,0,0
SCP2,0,0.423341206785484,0.237062486579343,0,0.619658578484003,0.607096843461456,0,0.287738887695942,0.535967360961993,0,0.584925917972944,0.64929138930642,0,0,0.285645265192184,0.240873953188748,0,0.240390809534035,0.193525875026841,0,0,0,0.252308353016964,0.478687996564312,0,0.605593729869014,0,0,0
RPSA,0,0.0518037363109298,0.10435902941808,0,0.750644191539618,0.734217307279364,0,0.250751556796221,0.663678333691218,0,0.341260468112519,0.914966716770453,0,0,0.355593729869014,0.115525016104788,0,0.484378355164269,0.0634528666523513,0,0,0,0.190358599957054,0.632918187674469,0,0.899398754563023,0,0,0
UBE2O,0,0.842065707537041,0.430212583208074,0,0.740122396392527,0.665288812540262,0,0.731050032209577,0.721226111230406,0,0.691915396177797,0.923126476272278,0,0,0.783820055829933,0.827195619497531,0,0.833744900150311,0.154230191110157,0,0,0,0.874006871376423,0.485720420871806,0,0.945834228043805,0,0,0
CEP350,0,0.213066351728581,0.0502469400901868,0,0.879858277861284,0.791926132703457,0,0.295254455658149,0.429461026411853,0,0.788275713978956,0.759662873094267,0,0,0.270130985613056,0.332671247584282,0,0.282477990122396,0.150203993987546,0,0,0,0.426401116598669,0.743074940949109,0,0.275499248443204,0,0,0
HAR1B,0,0.432735666738243,0.913087824779901,0,0.241088683701954,0.260199699377281,0,0.540959845394031,0.291013528022332,0,0.7572471548207,0.516963710543268,0,0,0.424790637749624,0.521204638179085,0,0.681178870517501,0.705497101138072,0,0,0,0.666362465106292,0.167597165557226,0,0.880663517285806,0,0,0
IL12RB1,0,0.725144943096414,0.313882327678763,0,0.606398969293537,0.780974876529955,0,0.674307494094911,0.67173072793644,0,0.440036504187245,0.659383723427099,0,0,0.730137427528452,0.771795147090402,0,0.564258106076874,0.167489800300623,0,0,0,0.858063130770883,0.796059695082671,0,0.667221387159115,0,0,0
IRAK1BP1,0,0.555883616061842,0.778666523512991,0,0.391185312432897,0.00128838307923556,0,0.555239424522225,0.291013528022332,0,0.195243719132489,0.524855056903586,0,0,0.521795147090402,0.549817479063775,0,0.688157612196693,0.279686493450719,0,0,0,0.642956839166846,0.300193257461885,0,0.838630019325746,0,0,0
ZC3H12A,0,0.983787846252953,0.473266051105862,0,0.964515782692721,0.967146231479493,0,0.91088683701954,0.974876529954907,0,0.796650203993988,0.596789778827571,0,0,0.915342495168563,0.867618638608546,0,0.75,0.779471762937513,0,0,0,0.879106721065063,0.916845608761005,0,0.157075370410135,0,0,0
ANG,0,0.728795361820915,0.158632166630878,0,0.961133777109727,0.899452437191325,0,0.826175649559802,0.948947820485291,0,0.987921408632167,0.997584281726433,0,0,0.969669315009663,0.940627013098561,0,0.837449001503114,0.0369336482714194,0,0,0,0.963388447498389,0.516910027914967,0,0.954960274855057,0,0,0
CANT1,0,0.805239424522225,0.375778398110372,0,0.573759931286236,0.67645479922697,0,0.72138715911531,0.668563452866652,0,0.89419153961778,0.399828215589435,0,0,0.853016963710543,0.8369658578484,0,0.636729654283874,0.907987975091261,0,0,0,0.881307708825424,0.742216018896285,0,0.051266910027915,0,0,0
ACER2,0,0.269111015675327,0.0257139789564097,0,0.801213227399614,0.868960704316083,0,0.164805668885549,0.735774103500107,0,0.483734163624651,0.533014816405411,0,0,0.101406484861499,0.109619926991626,0,0.0250697874167919,0.268949967790423,0,0,0,0.190358599957054,0.858868370195405,0,0.129911960489586,0,0,0
SNRPA,0,0.858922052823706,0.326873523727722,0,0.954906592226755,0.974017607902083,0,0.766587932145158,0.961616920764441,0,0.70796650203994,0.696478419583423,0,0,0.76846682413571,0.759609190465965,0,0.569250590508911,0.778666523512991,0,0,0,0.824726218595662,0.963603178011595,0,0.264547992269702,0,0,0
SLC30A2,0,0.752039939875456,0.372181662014172,0,0.840777324457806,0.884528666523513,0,0.580631307708825,0.89204423448572,0,0.227023835086966,0.411423663302555,0,0,0.518037363109298,0.626261541765085,0,0.109834657504831,0.685527163409921,0,0,0,0.716555722568177,0.972407129053038,0,0.0121859566244363,0,0,0
RALGPS2,0,0.421999141077947,0.187781833798583,0,0.785913678333691,0.913946746832725,0,0.641400042946103,0.670925488511918,0,0.363270345716126,0.569304273137213,0,0,0.539564097058192,0.553092119390165,0,0.534303199484647,0.781082241786558,0,0,0,0.384904444921623,0.841153102855916,0,0.275660296328108,0,0,0
ABHD3,0,0.772761434399828,0.401170281296972,0,0.881092978312218,0.846950826712476,0,0.597863431393601,0.701202490873953,0,0.68622503757784,0.505851406484861,0,0,0.561627657290101,0.63334764870088,0,0.35360747262186,0.721870302770024,0,0,0,0.751986257247155,0.842012024908739,0,0.171677045308138,0,0,0
ZCCHC6,0,0.833100708610694,0.429138930642044,0,0.972353446424737,0.791872450075156,0,0.747799012239639,0.815009662873094,0,0.626368907021688,0.376368907021688,0,0,0.691861713549495,0.730298475413356,0,0.452651921838093,0.41088683701954,0,0,0,0.737921408632167,0.890755851406485,0,0.0445028988619283,0,0,0
FAM114A2,0,0.568176937942882,0.0162121537470475,0,0.721172428602104,0.914376207859137,0,0.337287953618209,0.948679407343784,0,0.81957268627872,0.740981318445351,0,0,0.196102641185312,0.342656216448357,0,0.035215804165772,0.0237814043375564,0,0,0,0.229010092334121,0.762991196048959,0,0.156860639896929,0,0,0
TLE3,0,0.996671677045308,0.452329826068284,0,0.995329611337771,0.974876529954907,0,0.994363324028344,0.983036289456732,0,0.6412926776895,0.938264977453296,0,0,0.987921408632167,0.946210006441915,0,0.991410779471763,0.978687996564312,0,0,0,0.594374060554005,0.981640541120893,0,0.67065707537041,0,0,0
POLR2L,0,0.957000214730513,0.26776894996779,0,0.9710113807172,0.995973802877389,0,0.822686278720206,0.989907665879321,0,0.892097917114022,0.435580846038222,0,0,0.873738458234915,0.914215159974232,0,0.528773888769594,0.883401331329182,0,0,0,0.96483787846253,0.995866437620786,0,0.00762293321881039,0,0,0
IDI1,0,0.903908095340348,0.369658578484003,0,0.619712261112304,0.727399613485076,0,0.816512776465536,0.777056044663947,0,0.853231694223749,0.394406270130986,0,0,0.825531458020185,0.840669959201202,0,0.584120678548422,0.21773674039081,0,0,0,0.851835945887911,0.824779901223964,0,0.068767446854198,0,0,0
MYH14,0,0.502093622503758,0.18767446854198,0,0.636514923770668,0.789886192828001,0,0.210596950826712,0.893278934936654,0,0.270130985613056,0.475467038866223,0,0,0.106667382435044,0.116867081812326,0,0.0581919690788061,0.46811251878892,0,0,0,0.195834228043805,0.909544771312003,0,0.125134206570754,0,0,0
GADD45B,0,0.968756710328538,0.616115525016105,0,0.90036504187245,0.915020399398755,0,0.984324672535967,0.923233841528881,0,0.720420871805884,0.885226540691432,0,0,0.969132488726648,0.995114880824565,0,0.940036504187245,0.8695512132274,0,0,0,0.9927528451793,0.977990122396392,0,0.0331758642903157,0,0,0
JTB,0,0.813130770882542,0.12717414644621,0,0.930856774747692,0.666899291389306,0,0.864719776680266,0.95759072364183,0,0.895694653210221,0.911799441700666,0,0,0.90181447283659,0.909491088683702,0,0.824887266480567,0.140272707751772,0,0,0,0.903156538544127,0.954745544341851,0,0.276304487867726,0,0,0
CRIM1,0,0.96628730942667,0.949592012024909,0,0.918026626583638,0.754455658149023,0,0.897036718917758,0.739961348507623,0,0.647197766802663,0.335355378999356,0,0,0.893601030706463,0.865793429246296,0,0.859458879106721,0.962583208073867,0,0,0,0.877442559587717,0.793536611552502,0,0.435795576551428,0,0,0
NME7,0,0.694706892849474,0.320914751986257,0,0.887910672106506,0.690036504187245,0,0.749194760575478,0.494739102426455,0,0.0519111015675327,0.528129697229976,0,0,0.583798582778613,0.469132488726648,0,0.620463817908525,0.914161477345931,0,0,0,0.190358599957054,0.829289242001288,0,0.308889843246725,0,0,0
FMO2,0,0.866330255529311,0.727614343998282,0,0.831973373416362,0.735183594588791,0,0.84711187459738,0.69454584496457,0,0.473427098990767,0.49457805454155,0,0,0.810929783122182,0.512561735022547,0,0.824618853339059,0.963925273781404,0,0,0,0.190358599957054,0.76739317156968,0,0.747369551213227,0,0,0
C6orf226,0,0.641024264547992,0.029203349796006,0,0.849473910242646,0.859834657504831,0,0.737652995490659,0.810768735237277,0,0.944223749194761,0.975467038866223,0,0,0.806420442344857,0.811842387803307,0,0.762830148164054,0.168348722353446,0,0,0,0.737921408632167,0.490337126905733,0,0.736418295039725,0,0,0
GPR183,0,0.807923555937299,0.798690143869444,0,0.615256602963281,0.805400472407129,0,0.809641400042946,0.856721065063346,0,0.619497530599098,0.90761219669315,0,0,0.841099420227614,0.867081812325531,0,0.92248228473266,0.759340777324458,0,0,0,0.884743397036719,0.646231479493236,0,0.986096199269916,0,0,0
GNPTAB,0,0.962583208073867,0.824726218595662,0,0.567962207429676,0.444706892849474,0,0.954799226970152,0.291013528022332,0,0.7210113807172,0.68370195404767,0,0,0.962583208073867,0.769057333047026,0,0.979654283873738,0.898110371483788,0,0,0,0.503220957698089,0.418563452866652,0,0.995436976594374,0,0,0
LASP1,0,0.600493880180374,0.125456302340563,0,0.761863860854627,0.912389950611982,0,0.926669529740176,0.936332402834443,0,0.961616920764441,0.854305346789779,0,0,0.92210650633455,0.950987760360747,0,0.767178441056474,0.0596950826712476,0,0,0,0.919100279149667,0.9130341421516,0,0.0463817908524801,0,0,0
FXN,0,0.894728365900795,0.256817693794288,0,0.956302340562594,0.938103929568392,0,0.690090186815546,0.969078806098347,0,0.912443633240283,0.839166845608761,0,0,0.759984968864076,0.685956624436332,0,0.343622503757784,0.359458879106721,0,0,0,0.708503328322955,0.940788060983466,0,0.0233519433111445,0,0,0
TNFRSF9,0,0.883079235559373,0.52753918831866,0,0.803789993558085,0.816781189607043,0,0.793214515782693,0.767715267339489,0,0.76487008803951,0.797294395533605,0,0,0.748335838522654,0.866544986042517,0,0.774049817479064,0.42607902082886,0,0,0,0.885924414859351,0.794878677260039,0,0.256495598024479,0,0,0
C16orf45,0,0.916791926132703,0.987760360747262,0,0.381683487223534,0.436654498604252,0,0.883079235559373,0.466448357311574,0,0.140916899291389,0.156699592012025,0,0,0.873523727721709,0.929514709040155,0,0.861498818982177,0.946693150096629,0,0,0,0.955336053253167,0.526680266265836,0,0.337019540476702,0,0,0
PLEKHA6,0,0.868209147519863,0.425381146660941,0,0.880609834657505,0.952383508696586,0,0.911799441700666,0.933272493021258,0,0.662497315868585,0.723319733734164,0,0,0.800193257461885,0.836643762078591,0,0.830470259823921,0.934560876100494,0,0,0,0.657021687781834,0.944331114451364,0,0.14929138930642,0,0,0
TBXAS1,0,0.927260038651492,0.392205282370625,0,0.905411208932789,0.963281082241787,0,0.856452651921838,0.830684990337127,0,0.204638179085248,0.983519433111445,0,0,0.803521580416577,0.844964569465321,0,0.949484646768306,0.758803951041443,0,0,0,0.885119175434829,0.992645479922697,0,0.936493450719347,0,0,0
CXCR3,0,0.334872235344642,0.335892205282371,0,0.343246725359674,0.513903800730084,0,0.646070431608332,0.459845394030492,0,0.261649130341422,0.993611767232124,0,0,0.331275499248443,0.498657934292463,0,0.952115095555078,0.377818337985828,0,0,0,0.190358599957054,0.0675864290315654,0,0.999087395318875,0,0,0
C1orf112,0,0.847058191969079,0.86015675327464,0,0.522546703886622,0.346789778827571,0,0.886675971655572,0.573437835516427,0,0.745114880824565,0.574618853339059,0,0,0.907665879321452,0.879214086321666,0,0.870678548421731,0.838791067210651,0,0,0,0.816083315439124,0.489800300622719,0,0.582510199699377,0,0,0
PSMB1,0,0.790745114880825,0.203940304917329,0,0.917865578698733,0.000483143654713335,0,0.97138715911531,0.947337341636246,0,0.87427528451793,0.649184024049817,0,0,0.994309641400043,0.903371269057333,0,0.930749409491089,0.946585784840026,0,0,0,0.746940090186816,0.688909168992914,0,0.722782907451149,0,0,0
XPNPEP1,0,0.963871591153103,0.342441485935151,0,0.940251234700451,0.930910457375993,0,0.956785484217307,0.834389091689929,0,0.749463173716985,0.802662658363754,0,0,0.96848829718703,0.888286450504617,0,0.945458449645695,0.892956839166846,0,0,0,0.717522009877604,0.976325960919047,0,0.467522009877604,0,0,0
CD7,0,0.962958986471978,0.0605003220957698,0,0.929997852694868,0.97428602104359,0,0.928441056474125,0.892634743397037,0,0.903156538544127,0.866008159759502,0,0,0.9202812969723,0.916201417221387,0,0.925595877174146,0.944009018681555,0,0,0,0.897305132059266,0.987116169207644,0,0.0616276572901009,0,0,0
FAR2,0,0.367887051750054,0.116169207644406,0,0.557547777539188,0.777968649345072,0,0.0527700236203565,0.857365256602963,0,0.498067425381147,0.807333047025982,0,0,0.253865149237707,0.128086751127335,0,0.455711831651278,0.38259609190466,0,0,0,0.199323598883401,0.702974017607902,0,0.834335409061628,0,0,0
PBK,0,0.346575048314365,0.30362894567318,0,0.632381361391454,0.518037363109298,0,0.719722997637964,0.717414644621001,0,0.604681125187889,0.518198410994202,0,0,0.615525016104788,0.61885333905948,0,0.643601030706463,0.427098990766588,0,0,0,0.190358599957054,0.169959201202491,0,0.30180373631093,0,0,0
ATP5D,0,0.825692505905089,0.0764977453296113,0,0.636031780115955,0.930856774747692,0,0.792946102641185,0.94782048529096,0,0.904981747906378,0.825101996993773,0,0,0.876637320163195,0.922750697874168,0,0.764011165986687,0.255099849688641,0,0,0,0.936922911745759,0.757193472192399,0,0.0839059480352158,0,0,0
NDNL2,0,0.901009233412068,0.988941378569895,0,0.241088683701954,0.223749194760575,0,0.83551642688426,0.291013528022332,0,0.305561520292033,0.470528237062487,0,0,0.879214086321666,0.959630663517286,0,0.877496242216019,0.650418724500752,0,0,0,0.988887695941593,0.0434829289242001,0,0.817371698518359,0,0,0
TUBB3,0,0.913839381576122,0.627603607472622,0,0.761112304058407,0.679299978526949,0,0.856613699806743,0.712100064419154,0,0.432198840455229,0.504509340777324,0,0,0.875241571827357,0.869282800085892,0,0.82392097917114,0.900633455013958,0,0,0,0.892205282370625,0.836106935795577,0,0.256925059050891,0,0,0
RAP1GAP2,0,0.820914751986257,0.118907021687782,0,0.622718488297187,0.865847111874597,0,0.731801589005798,0.888876959415933,0,0.914966716770453,0.871215374704746,0,0,0.701524586643762,0.704047670173932,0,0.750536826283015,0.256602963281082,0,0,0,0.737008803951041,0.768520506764011,0,0.830738672965428,0,0,0
GAL3ST4,0,0.765729010092334,0.337126905733305,0,0.686922911745759,0.895855701095126,0,0.5978097487653,0.904444921623363,0,0.742001288383079,0.719239853983251,0,0,0.486203564526519,0.654498604251664,0,0.613431393601031,0.421032853768521,0,0,0,0.700934077732446,0.804273137212798,0,0.726272278290745,0,0,0
ATAD2B,0,0.586375348937084,0.155518574189392,0,0.731640541120893,0.649720850332832,0,0.733143654713335,0.467253596736096,0,0.775177152673395,0.75579772385656,0,0,0.638501181017823,0.761434399828216,0,0.6087073223105,0.0726325960919047,0,0,0,0.658149022976165,0.432681984109942,0,0.25617350225467,0,0,0
UFD1L,0,0.703779257032424,0.484324672535967,0,0.583369121752201,0.542838737384582,0,0.832134421301267,0.65074082027056,0,0.78151170281297,0.665127764655358,0,0,0.833154391238995,0.70361820914752,0,0.808191969078806,0.919637105432682,0,0,0,0.405464891561091,0.690465965213657,0,0.116383938157612,0,0,0
GPR110,0,0.671891775821344,0.936171354949538,0,0.241088683701954,0.140863216663088,0,0.659813184453511,0.291013528022332,0,0.519379428816835,0.44239853983251,0,0,0.668617135494954,0.794288168348722,0,0.766963710543268,0.394621000644192,0,0,0,0.898486149881898,0.300193257461885,0,0.839918402404982,0,0,0
HERC1,0,0.282907451148808,0.128462529525446,0,0.610693579557655,0.714086321666309,0,0.137266480566889,0.401277646553575,0,0.409813184453511,0.381790852480137,0,0,0.156753274640326,0.19492162336268,0,0.00386514923770668,0.120571183165128,0,0,0,0.266695297401761,0.518627872020614,0,0.158095340347863,0,0,0
CLPP,0,0.65363968219884,0.127442559587717,0,0.947874167919261,0.970206141292678,0,0.790798797509126,0.766212153747047,0,0.816029632810822,0.867994417006657,0,0,0.809104573759931,0.769486794073438,0,0.680373631092978,0.437889199055186,0,0,0,0.653693364827142,0.910081597595018,0,0.121483787846253,0,0,0
LAMB2,0,0.470957698088898,0.0768198410994202,0,0.497584281726433,0.810554004724071,0,0.51701739317157,0.901921838093193,0,0.606130556152029,0.729976379643547,0,0,0.675703242430749,0.606989478204853,0,0.465321022117243,0.264225896499893,0,0,0,0.655411208932789,0.867618638608546,0,0.178387373845823,0,0,0
ZDHHC3,0,0.777753918831866,0.284893708395963,0,0.781565385441271,0.812701309856131,0,0.534464247369551,0.901599742323384,0,0.620356452651922,0.75542194545845,0,0,0.689982821558944,0.501986257247155,0,0.601352802233197,0.714515782692721,0,0,0,0.590669959201202,0.842280438050247,0,0.476379643547348,0,0,0
RBBP5,0,0.610425166416148,0.248496886407559,0,0.505099849688641,0.317049602748551,0,0.938640755851406,0.607418939231265,0,0.669422374919476,0.719025123470045,0,0,0.895855701095126,0.919905518574189,0,0.934292462958986,0.802716340992055,0,0,0,0.694223749194761,0.165557225681769,0,0.699753059909813,0,0,0
FOXRED2,0,0.633025552931072,0.184024049817479,0,0.78768520506764,0.711026411853124,0,0.640755851406485,0.7934829289242,0,0.847970796650204,0.778881254026197,0,0,0.64059480352158,0.709630663517286,0,0.621430105217952,0.391883186600816,0,0,0,0.652404981747906,0.682145157826927,0,0.16158471118746,0,0,0
DNM2,0,0.809158256388233,0.0271097272922482,0,0.709308567747477,0.857365256602963,0,0.745598024479278,0.843031994846468,0,0.993987545630234,0.913678333691218,0,0,0.896714623147949,0.799978526948679,0,0.638286450504617,0.0215804165771956,0,0,0,0.840294180803092,0.831060768735237,0,0.622986901438694,0,0,0
NCKAP5,0,0.813936010307065,0.925864290315654,0,0.412389950611982,0.263313291818767,0,0.931125187889199,0.321236847756066,0,0.392634743397037,0.499785269486794,0,0,0.858653639682199,0.85795576551428,0,0.95689284947391,0.924898003006227,0,0,0,0.661047884904445,0.0797187030277002,0,0.915449860425166,0,0,0
MEF2D,0,0.25434829289242,0.129911960489586,0,0.665127764655358,0.71703886622289,0,0.546596521365686,0.758642903156539,0,0.767929997852695,0.784840025767662,0,0,0.539295683916685,0.601835945887911,0,0.642795791281941,0.346306635172858,0,0,0,0.517822632596092,0.683648271419369,0,0.7572471548207,0,0,0
FAM69B,0,0.685366115525016,0.131683487223534,0,0.950880395104144,0.747530599098132,0,0.596252952544557,0.968380931930427,0,0.589381576121967,0.838630019325746,0,0,0.556044663946747,0.631415074082027,0,0.330148164054112,0.617350225467039,0,0,0,0.501342065707537,0.863001932574619,0,0.133293966072579,0,0,0
JAG1,0,0.920012883830792,0.905303843676186,0,0.703832939660726,0.642205282370625,0,0.873040584066996,0.628891990551857,0,0.080470259823921,0.563667597165557,0,0,0.896124114236633,0.71956194975306,0,0.849849688640756,0.960113807171999,0,0,0,0.591260468112519,0.629965643117887,0,0.778129697229976,0,0,0
NSMCE4A,0,0.78006227184883,0.288812540261971,0,0.951041442989049,0.662604681125188,0,0.94782048529096,0.968810392956839,0,0.807547777539188,0.48078161906807,0,0,0.965482070002147,0.843890916899291,0,0.822686278720206,0.937245007515568,0,0,0,0.297616491303414,0.749248443203779,0,0.0618960704316083,0,0,0
ZNF683,0,0.773781404337556,0.89021902512347,0,0.241088683701954,0.312754992484432,0,0.738565600171784,0.291013528022332,0,0.595501395748336,0.592495168563453,0,0,0.761112304058407,0.87969722997638,0,0.79600601245437,0.325531458020185,0,0,0,0.948410994202276,0.0846038222031351,0,0.729761649130341,0,0,0
ARHGAP21,0,0.614880824565171,0.589435258750268,0,0.749892634743397,0.651975520721495,0,0.464730513205927,0.674468541979815,0,0.0915288812540262,0.410994202276143,0,0,0.37969722997638,0.436439768091046,0,0.367189177582134,0.713603178011595,0,0,0,0.537631522439339,0.726594374060554,0,0.251878891990552,0,0,0
NAA38,0,0.507515567962207,0.00273781404337556,0,0.971226111230406,0.991196048958557,0,0.440090186815547,0.997637964354735,0,0.967790423019111,0.971065063345501,0,0,0.71483787846253,0.607526304487868,0,0.00660296328108224,0.00128838307923556,0,0,0,0.598668670818123,0.989317156968005,0,0.036665235129912,0,0,0
RNF138,0,0.838576336697445,0.593300407987975,0,0.845716126261542,0.611713549495383,0,0.734217307279364,0.455765514279579,0,0.756388232767876,0.629482499463174,0,0,0.736042516641615,0.808567747476917,0,0.57064633884475,0.335731157397466,0,0,0,0.888608546274426,0.398378784625295,0,0.317801159544771,0,0,0
OMD,0,0.240820270560447,0.753435688211295,0,0.285054756280868,0.219615632381361,0,0.552394245222246,0.314097058191969,0,0.178065278076015,0.120732231050032,0,0,0.298153317586429,0.444760575477775,0,0.584603822203135,0.822364182950397,0,0,0,0.190358599957054,0.0788060983465751,0,0.689231264762723,0,0,0
FN3K,0,0.534303199484647,0.578591367833369,0,0.557816190680696,0.592656216448357,0,0.640863216663088,0.618155464891561,0,0.521956194975306,0.466824135709684,0,0,0.489907665879321,0.667436117672321,0,0.606774747691647,0.652941808030921,0,0,0,0.6340455228688,0.580631307708825,0,0.430051535323169,0,0,0
GCAT,0,0.743074940949109,0.238941378569895,0,0.740176079020829,0.705121322739961,0,0.639521150955551,0.899452437191325,0,0.535698947820485,0.47643332617565,0,0,0.623953188748121,0.701309856130556,0,0.400042946102641,0.626261541765085,0,0,0,0.790369336482714,0.894943096414,0,0.0265192183809319,0,0,0
ABCC3,0,0.768681554648916,0.844535108438909,0,0.241088683701954,0.315707537041014,0,0.759018681554649,0.291013528022332,0,0.960221172428602,0.22643332617565,0,0,0.751288383079236,0.872074296757569,0,0.658954262400687,0.542892420012884,0,0,0,0.944062701309856,0.423072793643977,0,0.143547348078162,0,0,0
EFTUD2,0,0.659330040798798,0.58116813399184,0,0.651277646553575,0.549441700665665,0,0.831704960274855,0.620839596306635,0,0.785591582563882,0.787899935580846,0,0,0.778666523512991,0.789617779686493,0,0.863162980459523,0.458879106721065,0,0,0,0.698518359458879,0.508964998926347,0,0.802984754133562,0,0,0
RPS13,0,0.39998926347434,0.0738136139145373,0,0.742323384152888,0.905035430534679,0,0.3587073223105,0.645265192183809,0,0.538490444492162,0.714623147949324,0,0,0.230459523298261,0.373147949323599,0,0.268520506764011,0.23153317586429,0,0,0,0.262185956624436,0.752039939875456,0,0.2427528451793,0,0,0
RPL8,0,0.768144728365901,0.151223963925274,0,0.728580631307709,0.638715911531029,0,0.793429246295899,0.891238995061198,0,0.759018681554649,0.848668670818123,0,0,0.822847326605111,0.746617994417007,0,0.691378569894782,0.186117672321237,0,0,0,0.552018466824136,0.769003650418725,0,0.209952759287095,0,0,0
CXCR6,0,0.660027914966717,0.504616706033927,0,0.400955550783766,0.472782907451149,0,0.79600601245437,0.399828215589435,0,0.514547992269701,0.866544986042517,0,0,0.688157612196693,0.839596306635173,0,0.880931930427314,0.1992699162551,0,0,0,0.834818552716341,0.136461241142366,0,0.960704316083315,0,0,0
ISCA1,0,0.884582349151814,0.882435044019755,0,0.73153317586429,0.603392742108654,0,0.792516641614773,0.647412497315869,0,0.686761863860855,0.343031994846468,0,0,0.779579128194116,0.73878033068499,0,0.703832939660726,0.888179085248014,0,0,0,0.748121108009448,0.737760360747262,0,0.180749409491089,0,0,0
FASLG,0,0.537255744041228,0.791711402190251,0,0.301642688426025,0.360264118531243,0,0.553736310929783,0.291013528022332,0,0.152404981747906,0.488834013313292,0,0,0.536772600386515,0.64311788705175,0,0.64419153961778,0.299065922267554,0,0,0,0.771634099205497,0.369819626368907,0,0.760682843031995,0,0,0
BLVRB,0,0.726164913034142,0.446210006441915,0,0.569894782048529,0.631737169851836,0,0.679514709040155,0.61160618423878,0,0.864451363538759,0.882220313506549,0,0,0.706731801589006,0.804434185097702,0,0.815492806527808,0.168617135494954,0,0,0,0.846897144084174,0.413893064204423,0,0.766856345286665,0,0,0
EMD,0,0.954423448572042,0.905250161047885,0,0.892795791281941,0.610317801159545,0,0.957000214730513,0.469830362894567,0,0.444653210221172,0.581651277646554,0,0,0.95834228043805,0.942183809319304,0,0.902727077517715,0.96811251878892,0,0,0,0.921569680051535,0.772170925488512,0,0.163839381576122,0,0,0
ELFN1,0,0.559372986901439,0.837395318874812,0,0.384474983895212,0.35398325101997,0,0.764709040154606,0.399398754563023,0,0.147949323598883,0.134904444921623,0,0,0.582027056044664,0.560392956839167,0,0.760199699377281,0.930051535323169,0,0,0,0.195834228043805,0.347595018252094,0,0.637534893708396,0,0,0
CLCA2,0,0.861981962636891,0.809211939016534,0,0.834764870088039,0.728526948679407,0,0.662282585355379,0.87717414644621,0,0.472890272707752,0.309158256388233,0,0,0.654874382649774,0.568982177367404,0,0.404391238995061,0.885978097487653,0,0,0,0.560017178441056,0.813560231908954,0,0.0785913678333691,0,0,0
MTOR,0,0.694599527592871,0.475037577839811,0,0.731855271634099,0.477506978741679,0,0.679461026411853,0.48695512132274,0,0.854627442559588,0.76631951900365,0,0,0.707483358385227,0.628569894782048,0,0.595018252093622,0.217092548851192,0,0,0,0.63007300837449,0.486740390809534,0,0.670549710113807,0,0,0
ARRDC5,0,0.866598668670818,0.885280223319734,0,0.624436332402834,0.710757998711617,0,0.925864290315654,0.644352587502684,0,0.550139574833584,0.509823920979171,0,0,0.894674683272493,0.947391024264548,0,0.899828215589435,0.94889413785699,0,0,0,0.911423663302555,0.636085462744256,0,0.15074082027056,0,0,0
LRRC8D,0,0.993933863001933,0.562969722997638,0,0.997423233841529,0.972138715911531,0,0.987491947605755,0.945351084389092,0,0.529257032424307,0.688157612196693,0,0,0.974071290530384,0.952598239209792,0,0.948840455228688,0.988136139145373,0,0,0,0.847863431393601,0.963173716985184,0,0.108975735452008,0,0,0
ATXN1,0,0.995061198196264,0.905679622074297,0,0.891453725574404,0.892473695512132,0,0.986096199269916,0.949860425166416,0,0.891507408202706,0.773781404337556,0,0,0.974661799441701,0.97680910457376,0,0.988565600171784,0.986418295039725,0,0,0,0.983948894137857,0.963442130126691,0,0.739370839596307,0,0,0
WNK1,0,0.686815546489156,0.508642903156539,0,0.670334979600601,0.622074296757569,0,0.710757998711617,0.493880180373631,0,0.541604036933648,0.942666952974018,0,0,0.704852909598454,0.621269057333047,0,0.912014172213872,0.421408632166631,0,0,0,0.606667382435044,0.45071934721924,0,0.984378355164269,0,0,0
HOXB7,0,0.670012883830792,0.841797294395534,0,0.313989692935366,0.400687137642259,0,0.652136568606399,0.414913034142152,0,0.686332402834443,0.865256602963281,0,0,0.644406270130986,0.799924844320378,0,0.835462744255959,0.330523942452222,0,0,0,0.855647412497316,0.0604466394674683,0,0.856828430319948,0,0,0
ECE1,0,0.663570968434615,0.491249731586858,0,0.581973373416362,0.776894996779042,0,0.816083315439124,0.836858492591797,0,0.760790208288598,0.939231264762723,0,0,0.800569035859996,0.891883186600816,0,0.890863216663088,0.55362894567318,0,0,0,0.938372342709899,0.742860210435903,0,0.83551642688426,0,0,0
SIK3,0,0.931125187889199,0.273996134850762,0,0.890648486149882,0.662550998496886,0,0.957322310500322,0.492108653639682,0,0.919261327034572,0.917811896070432,0,0,0.93370195404767,0.887749624221602,0,0.963120034356882,0.208771741464462,0,0,0,0.766265836375349,0.704745544341851,0,0.959845394030492,0,0,0
ARL16,0,0.972138715911531,0.23260682843032,0,0.952490873953189,0.883079235559373,0,0.937781833798583,0.963710543268198,0,0.796918617135495,0.664644621000644,0,0,0.939821773674039,0.965106291604037,0,0.725842817264333,0.258911316298046,0,0,0,0.976594374060554,0.890863216663088,0,0.0391346360317801,0,0,0
IGSF3,0,0.53188748121108,0.365149237706678,0,0.635548636461241,0.794824994631737,0,0.583208073867297,0.719669315009663,0,0.430266265836375,0.268681554648916,0,0,0.465321022117243,0.480674253811467,0,0.319250590508911,0.773298260682843,0,0,0,0.436654498604252,0.914322525230835,0,0.0508374490015031,0,0,0
LOC115110,0,0.642849473910243,0.0709147519862572,0,0.241088683701954,0.435312432896715,0,0.447015245866438,0.291013528022332,0,0.933111445136354,0.927796864934507,0,0,0.784625295254456,0.753489370839596,0,0.742323384152888,0.611659866867082,0,0,0,0.868907021687782,0.142312647627228,0,0.568015890057977,0,0,0
MTMR3,0,0.881039295683917,0.904122825853554,0,0.834496456946532,0.4710113807172,0,0.852802233197337,0.410403693364827,0,0.376852050676401,0.370893278934937,0,0,0.821881039295684,0.605110586214301,0,0.862035645265192,0.961724286021044,0,0,0,0.424736955121323,0.555615202920335,0,0.837610049388018,0,0,0
OSBPL5,0,0.712475842817264,0.455175005368263,0,0.707483358385227,0.749033712690573,0,0.622557440412283,0.716340992054971,0,0.389682198840455,0.284678977882757,0,0,0.655948035215804,0.566995920120249,0,0.450826712475843,0.836106935795577,0,0,0,0.54783122181662,0.79165771956195,0,0.144084174361177,0,0,0
TTYH3,0,0.779525445565815,0.778720206141293,0,0.826283014816405,0.60795576551428,0,0.928387373845823,0.912014172213872,0,0.585033283229547,0.416577195619498,0,0,0.828215589435259,0.951685634528667,0,0.874436332402834,0.804058406699592,0,0,0,0.884958127549925,0.552233197337342,0,0.156377496242216,0,0,0
GAS2L3,0,0.61885333905948,0.434131415074082,0,0.781135924414859,0.879375134206571,0,0.493933863001933,0.70941593300408,0,0.447713120034357,0.393064204423449,0,0,0.460435902941808,0.535537899935581,0,0.238995061198196,0.759555507837664,0,0,0,0.666362465106292,0.970313506549281,0,0.0281296972299764,0,0,0
TRAF1,0,0.467629375134207,0.555561520292034,0,0.302662658363754,0.014601674898003,0,0.654605969508267,0.341153102855916,0,0.937137642258965,0.362733519433111,0,0,0.67897788275714,0.710435902941808,0,0.635441271204638,0.3152243933863,0,0,0,0.685205067640112,0.0541120893278935,0,0.423448572042087,0,0,0
UGCG,0,0.890165342495169,0.309963495812755,0,0.873416362465106,0.936439768091046,0,0.721977668026627,0.935902941808031,0,0.704262400687138,0.866061842387803,0,0,0.694599527592871,0.810339274210865,0,0.779203349796006,0.784088468971441,0,0,0,0.883186600815976,0.957322310500322,0,0.129750912604681,0,0,0
MAP1S,0,0.750053682628302,0.297992269701525,0,0.707214945243719,0.73657934292463,0,0.681178870517501,0.54638179085248,0,0.353285376852051,0.629428816834872,0,0,0.740551857418939,0.547240712905304,0,0.657129053038437,0.416684560876101,0,0,0,0.539671462314795,0.688694438479708,0,0.777807601460167,0,0,0
ZSWIM4,0,0.872718488297187,0.522546703886622,0,0.728365900794503,0.890433755636676,0,0.849849688640756,0.858761004938802,0,0.92790423019111,0.50687137642259,0,0,0.899076658793215,0.932681984109942,0,0.662712046381791,0.818499033712691,0,0,0,0.938909168992914,0.925273781404338,0,0.01304487867726,0,0,0
NOTCH3,0,0.734915181447284,0.538812540261971,0,0.807333047025982,0.854681125187889,0,0.635333905948035,0.790906162765729,0,0.483841528881254,0.338522654069143,0,0,0.700450934077732,0.683540906162766,0,0.449699377281512,0.810929783122182,0,0,0,0.740873953188748,0.81050032209577,0,0.118960704316083,0,0,0
RPL36,0,0.697659437406055,0.248604251664161,0,0.679836804809963,0.46269057333047,0,0.790637749624222,0.750053682628302,0,0.821558943525875,0.544878677260039,0,0,0.843622503757784,0.565761219669315,0,0.610961992699163,0.653961777968649,0,0,0,0.190358599957054,0.649881898217737,0,0.386622289027271,0,0,0
COQ2,0,0.90363968219884,0.405250161047885,0,0.583261756495598,0.955926562164484,0,0.834389091689929,0.899452437191325,0,0.95941593300408,0.98512991196049,0,0,0.791496671677045,0.788651492377067,0,0.955658149022976,0.581275499248443,0,0,0,0.85070861069358,0.937996564311789,0,0.984002576766158,0,0,0
CYP24A1,0,0.972621859566244,0.422213871591153,0,0.700021473051321,0.915610908310071,0,0.971172428602104,0.949914107794718,0,0.955497101138072,0.583208073867297,0,0,0.948572042087181,0.985935151385012,0,0.894137856989478,0.945190036504187,0,0,0,0.987814043375564,0.967468327249302,0,0.0166416147734593,0,0,0
CEP78,0,0.657021687781834,0.766802662658364,0,0.458610693579558,0.625295254455658,0,0.606076873523728,0.291013528022332,0,0.705604466394675,0.437889199055186,0,0,0.613377710972729,0.6087073223105,0,0.658149022976165,0.834174361176723,0,0,0,0.688479707966502,0.538007300837449,0,0.556044663946747,0,0,0
ROCK1,0,0.589274210865364,0.828108224178656,0,0.450611981962637,0.501288383079236,0,0.654659652136569,0.54240927635817,0,0.359566244363324,0.551320592656216,0,0,0.619175434829289,0.659544771312003,0,0.774210865363968,0.824618853339059,0,0,0,0.617672321236848,0.465106291604037,0,0.736686708181233,0,0,0
BPNT1,0,0.215159974232338,0.113646124114237,0,0.577625080523942,0.763635387588576,0,0.263528022331973,0.622396392527378,0,0.71269057333047,0.694599527592871,0,0,0.290691432252523,0.285484217307279,0,0.0990444492162336,0.140165342495169,0,0,0,0.332993343354091,0.718166201417221,0,0.209576980888984,0,0,0
MGAT4A,0,0.587824779901224,0.147895640970582,0,0.684507193472192,0.901116598668671,0,0.378945673180159,0.852426454799227,0,0.436386085462744,0.590508911316298,0,0,0.356076873523728,0.394835731157397,0,0.0776787631522439,0.26014601674898,0,0,0,0.443686922911746,0.954691861713549,0,0.0677474769164698,0,0,0
HIP1,0,0.903800730083745,0.955336053253167,0,0.668670818123255,0.611659866867082,0,0.893010521795147,0.840294180803092,0,0.241464462100064,0.374436332402834,0,0,0.928333691217522,0.908739531887481,0,0.85001073652566,0.947015245866438,0,0,0,0.919100279149667,0.797348078161907,0,0.290369336482714,0,0,0
TPST2,0,0.957053897358815,0.844159330040799,0,0.912443633240283,0.743450719347219,0,0.93912389950612,0.5869658578484,0,0.517607902082886,0.934990337126906,0,0,0.917436117672321,0.920066566459094,0,0.97718488297187,0.852855915825639,0,0,0,0.907558514064849,0.557708825424093,0,0.982016319519004,0,0,0
TBK1,0,0.899506119819626,0.370678548421731,0,0.965643117887052,0.973105003220958,0,0.788275713978956,0.876261541765085,0,0.184882971870303,0.536557869873309,0,0,0.830201846682414,0.670012883830792,0,0.625671032853769,0.902082885978097,0,0,0,0.6340455228688,0.955497101138072,0,0.213978956409706,0,0,0
FAM180A,0,0.833261756495598,0.802823706248658,0,0.661531028559158,0.815278076014602,0,0.808567747476917,0.855271634099205,0,0.527002362035645,0.299495383293966,0,0,0.842441485935151,0.838307923555937,0,0.634206570753704,0.910350010736526,0,0,0,0.809265621644836,0.902243933863002,0,0.0374167919261327,0,0,0
CXCL5,0,0.520399398754563,0.945565814902298,0,0.241088683701954,0.116867081812326,0,0.504133562379214,0.291013528022332,0,0.176830577625081,0.0668348722353446,0,0,0.511112304058407,0.621859566244363,0,0.533927421086536,0.77861284088469,0,0,0,0.765192183809319,0.300193257461885,0,0.474232338415289,0,0,0
MMD,0,0.910618423878033,0.0801481640541121,0,0.868262830148164,0.929031565385441,0,0.856184238780331,0.902941808030921,0,0.552072149452437,0.795469186171355,0,0,0.767983680480996,0.805561520292034,0,0.817640111659867,0.67173072793644,0,0,0,0.744148593515139,0.95689284947391,0,0.148271419368692,0,0,0
HERC3,0,0.99092763581705,0.993343354090616,0,0.908363753489371,0.389896929353661,0,0.981640541120893,0.555024694009019,0,0.465696800515353,0.509233412067855,0,0,0.981103714837879,0.952490873953189,0,0.975037577839811,0.981479493235989,0,0,0,0.915288812540262,0.441700665664591,0,0.862357741035001,0,0,0
POLR3A,0,0.0337663732016319,0.299495383293966,0,0.50977023835087,0.315331758642903,0,0.68515138501181,0.530867511273352,0,0.430105217951471,0.664107794717629,0,0,0.64311788705175,0.7282585355379,0,0.667597165557226,0.128301481640541,0,0,0,0.636139145372557,0.418348722353446,0,0.744953832939661,0,0,0
RPL23,0,0.445136353875886,0.0546489156109083,0,0.767285806313077,0.918295039725145,0,0.793751342065708,0.955872879536182,0,0.947927850547563,0.881844535108439,0,0,0.838093193042731,0.831382864505046,0,0.53081382864505,0.0419261327034572,0,0,0,0.725305990981318,0.900633455013958,0,0.0499785269486794,0,0,0
FLRT2,0,0.583637534893708,0.892258964998926,0,0.346145587287954,0.171140219025123,0,0.642527378140434,0.291013528022332,0,0.657397466179944,0.113807171999141,0,0,0.632864505046167,0.415879321451578,0,0.666684560876101,0.89784195834228,0,0,0,0.309480352158042,0.147627227829075,0,0.762454369765944,0,0,0
COBLL1,0,0.936386085462744,0.90906162765729,0,0.721440841743612,0.499946317371699,0,0.89784195834228,0.541711402190251,0,0.199430964140004,0.234163624651063,0,0,0.891561090831007,0.565009662873094,0,0.894352587502684,0.980137427528452,0,0,0,0.190358599957054,0.520936225037578,0,0.930105217951471,0,0,0
SPEN,0,0.995705389735882,0.922965428387374,0,0.990873953188748,0.820109512561735,0,0.984485720420872,0.834389091689929,0,0.452383508696586,0.483787846252953,0,0,0.988511917543483,0.933916684560876,0,0.941217522009878,0.988458234915181,0,0,0,0.844535108438909,0.890165342495169,0,0.311788705175005,0,0,0
HAUS8,0,0.766534249516856,0.481318445351084,0,0.58369121752201,0.716072578913464,0,0.882273996134851,0.394621000644192,0,0.948464676830578,0.85253382005583,0,0,0.854251664161477,0.856667382435044,0,0.902673394889414,0.73223105003221,0,0,0,0.818015890057977,0.510951256173502,0,0.884206570753704,0,0,0
RAB10,0,0.926615847111875,0.521043590294181,0,0.852480137427528,0.814419153961778,0,0.831329181876745,0.864451363538759,0,0.899130341421516,0.471870302770024,0,0,0.821183165127765,0.784356882112948,0,0.698840455228688,0.601352802233197,0,0,0,0.789832510199699,0.786557869873309,0,0.613699806742538,0,0,0
RFX8,0,0.627442559587717,0.874328967146231,0,0.373040584066996,0.401331329181877,0,0.761004938801804,0.43225252308353,0,0.176562164483573,0.146177796864935,0,0,0.811681339918402,0.654928065278076,0,0.767232123684776,0.905303843676186,0,0,0,0.500590508911316,0.378516212153747,0,0.710382220313507,0,0,0
PIK3R1,0,0.94239853983251,0.200128838307924,0,0.877764655357526,0.761327034571613,0,0.917811896070432,0.845555078376637,0,0.8767983680481,0.537094696156324,0,0,0.861874597380288,0.857311573974662,0,0.829879750912605,0.83406699592012,0,0,0,0.775552931071505,0.90181447283659,0,0.098078161906807,0,0,0
TROAP,0,0.716931500966287,0.440680695726863,0,0.75,0.652404981747906,0,0.644084174361177,0.829826068284303,0,0.964784195834228,0.670227614343998,0,0,0.674146446210006,0.710113807171999,0,0.455658149022976,0.41196048958557,0,0,0,0.579557655142796,0.471333476487009,0,0.143923126476272,0,0,0
RPL26L1,0,0.708234915181447,0.930534678977883,0,0.241088683701954,0.231855271634099,0,0.72718488297187,0.291013528022332,0,0.908417436117672,0.633723427098991,0,0,0.806742538114666,0.915020399398755,0,0.740337126905733,0.189929138930642,0,0,0,0.968971440841744,0.0110586214301052,0,0.799656431178871,0,0,0
TAF5L,0,0.507569250590509,0.368155464891561,0,0.658149022976165,0.774801374275285,0,0.179622074296758,0.76342065707537,0,0.460811681339918,0.346467683057762,0,0,0.260897573545201,0.265514279579128,0,0.0329074511488082,0.567801159544771,0,0,0,0.396177796864934,0.75907236418295,0,0.111659866867082,0,0,0
MAPK6,0,0.973856560017178,0.389735881468757,0,0.938318660081598,0.974554434185098,0,0.932520936225038,0.971548207000215,0,0.443203779257032,0.960543268198411,0,0,0.890970581919691,0.938372342709899,0,0.922965428387374,0.925595877174146,0,0,0,0.938909168992914,0.983626798368048,0,0.126476272278291,0,0,0
FLI1,0,0.213442130126691,0.734915181447284,0,0.241840240498175,0.267715267339489,0,0.395479922697015,0.291013528022332,0,0.173126476272278,0.678118960704316,0,0,0.3695512132274,0.41088683701954,0,0.703725574404123,0.375832080738673,0,0,0,0.469776680266266,0.0867511273351943,0,0.956248657934292,0,0,0
TATDN3,0,0.90508911316298,0.27861284088469,0,0.995705389735882,0.990605540047241,0,0.962100064419154,0.935902941808031,0,0.572256817693794,0.965965213656861,0,0,0.956194975305991,0.882220313506549,0,0.965804165771956,0.921193901653425,0,0,0,0.693150096628731,0.960757998711617,0,0.702222460811681,0,0,0
QSOX1,0,0.90074082027056,0.968917758213442,0,0.514655357526305,0.636514923770668,0,0.883025552931072,0.588093193042731,0,0.792301911101568,0.362035645265192,0,0,0.898164054112089,0.918295039725145,0,0.866008159759502,0.955389735881469,0,0,0,0.938587073223105,0.677152673394889,0,0.316405411208933,0,0,0
HEPH,0,0.335677474769165,0.510629160403693,0,0.49022976164913,0.502684131415074,0,0.222568176937943,0.528183379858278,0,0.0519111015675327,0.243289671462315,0,0,0.162175220098776,0.186439768091046,0,0.0615739746617994,0.576605110586214,0,0,0,0.297616491303414,0.653908095340348,0,0.187459738028774,0,0,0
MRPS2,0,0.920066566459094,0.814741249731587,0,0.75907236418295,0.479278505475628,0,0.916147734593086,0.739585570109513,0,0.484646768305776,0.260360747262186,0,0,0.930158900579772,0.92355593729869,0,0.787094696156324,0.862626154176508,0,0,0,0.890541120893279,0.572149452437191,0,0.170442344857204,0,0,0
HECTD1,0,0.927045308138286,0.587717414644621,0,0.918080309211939,0.762293321881039,0,0.890970581919691,0.87717414644621,0,0.526250805239424,0.642527378140434,0,0,0.835892205282371,0.90653854412712,0,0.837610049388018,0.938533390594804,0,0,0,0.934292462958986,0.884850762293322,0,0.0720957698088898,0,0,0
LYPD5,0,0.855325316727507,0.759179729439553,0,0.705711831651278,0.762722782907451,0,0.764655357526305,0.667006656645909,0,0.689016534249517,0.935473480781619,0,0,0.808997208503328,0.865363968219884,0,0.832832295469186,0.408524801374275,0,0,0,0.923502254670389,0.630609834657505,0,0.813613914537256,0,0,0
RAPH1,0,0.913463603178012,0.879858277861284,0,0.704047670173932,0.646177796864934,0,0.799763796435473,0.762508052394245,0,0.235344642473696,0.400687137642259,0,0,0.801159544771312,0.757086106935796,0,0.753382005582993,0.904928065278076,0,0,0,0.793697659437406,0.773083530169637,0,0.352694867940734,0,0,0
PDCD7,0,0.75617350225467,0.447122611123041,0,0.56629804595233,0.626637320163195,0,0.549173287524157,0.61160618423878,0,0.927098990766588,0.651170281296972,0,0,0.607902082885978,0.717360961992699,0,0.402029203349796,0.205980244792785,0,0,0,0.841206785484217,0.516158471118746,0,0.279471762937513,0,0,0
SCAPER,0,0.250107365256603,0.546113377710973,0,0.492699162550998,0.425542194545845,0,0.243933863001933,0.291013528022332,0,0.0796650203993988,0.364236633025553,0,0,0.171784410564741,0.198249946317372,0,0.371698518359459,0.546167060339274,0,0,0,0.313238136139145,0.417221387159115,0,0.855271634099205,0,0,0
OSBPL10,0,0.776894996779042,0.926240068713764,0,0.640702168778183,0.524049817479064,0,0.620249087395319,0.715374704745544,0,0.103070646338845,0.496617994417007,0,0,0.576175649559802,0.699914107794718,0,0.632220313506549,0.801750053682628,0,0,0,0.828108224178656,0.725681769379429,0,0.338254240927636,0,0,0
ATP2B4,0,0.96956194975306,0.981318445351084,0,0.404230191110157,0.365686063989693,0,0.970313506549281,0.38984324672536,0,0.785484217307279,0.649398754563023,0,0,0.972675542194546,0.975037577839811,0,0.986686708181233,0.923502254670389,0,0,0,0.972621859566244,0.390755851406485,0,0.881629804595233,0,0,0
USP8,0,0.648808245651707,0.719991410779472,0,0.521634099205497,0.467253596736096,0,0.616544986042517,0.661692076444063,0,0.928548421730728,0.76266910027915,0,0,0.76052179514709,0.6557869873309,0,0.638232767876315,0.707912819411638,0,0,0,0.678011595447713,0.527807601460167,0,0.55325316727507,0,0,0
MTDH,0,0.381576121966932,0.441324887266481,0,0.460382220313507,0.635172858063131,0,0.337824779901224,0.59093837234271,0,0.474017607902083,0.969991410779472,0,0,0.289778827571398,0.244094910886837,0,0.795737599312862,0.593300407987975,0,0,0,0.192559587717415,0.5869658578484,0,0.985774103500107,0,0,0
GCNT2,0,0.98512991196049,0.8623040584067,0,0.941539617779687,0.78951041442989,0,0.950504616706034,0.720581919690788,0,0.751610478849044,0.793590294180803,0,0,0.95399398754563,0.806044663946747,0,0.953027700236204,0.965321022117243,0,0,0,0.606667382435044,0.840347863431394,0,0.910296328108224,0,0,0
BAZ1A,0,0.734217307279364,0.845179299978527,0,0.559748765299549,0.572578913463603,0,0.548207000214731,0.725520721494524,0,0.432467253596736,0.331490229761649,0,0,0.560929783122182,0.541979815331759,0,0.513474339703672,0.818069572686279,0,0,0,0.607365256602963,0.599742323384153,0,0.704960274855057,0,0,0
F13A1,0,0.598883401331329,0.8587073223105,0,0.344696156323814,0.215804165771956,0,0.577249302125832,0.291013528022332,0,0.180534678977883,0.4094374060554,0,0,0.591689929138931,0.344696156323814,0,0.709040154605969,0.872396392527378,0,0,0,0.190358599957054,0.0758535537899936,0,0.912443633240283,0,0,0
KIAA1671,0,0.449108868370195,0.255314580201847,0,0.803038436761864,0.916147734593086,0,0.641561090831007,0.875456302340563,0,0.335409061627657,0.42935366115525,0,0,0.391990551857419,0.5978097487653,0,0.371322739961349,0.83803951041443,0,0,0,0.473373416362465,0.936171354949538,0,0.0418187674468542,0,0,0
GZMK,0,0.954745544341851,0.985076229332188,0,0.560178226325961,0.287094696156324,0,0.973480781619068,0.441808030921194,0,0.0519111015675327,0.165879321451578,0,0,0.966824135709684,0.871859566244363,0,0.975628086751127,0.994524371913249,0,0,0,0.529095984539403,0.106452651921838,0,0.940412282585355,0,0,0
EPC1,0,0.808406699592012,0.173663302555293,0,0.807547777539188,0.915557225681769,0,0.634474983895212,0.923931715696801,0,0.786396821988405,0.904230191110157,0,0,0.677152673394889,0.538544127120464,0,0.607365256602963,0.429514709040155,0,0,0,0.368745973802877,0.638125402619712,0,0.209469615632381,0,0,0
MINK1,0,0.538705175005368,0.181715696800515,0,0.748872664805669,0.867350225467039,0,0.530115954477131,0.811305561520292,0,0.498604251664162,0.454638179085248,0,0,0.497315868584926,0.520023620356453,0,0.273781404337556,0.643869443847971,0,0,0,0.430212583208074,0.706356023190895,0,0.0680158900579772,0,0,0
OLFML2A,0,0.676347433970367,0.783820055829933,0,0.587126905733305,0.567854842173073,0,0.605969508267125,0.537363109297831,0,0.717629375134207,0.614934507193472,0,0,0.717146231479493,0.625563667597166,0,0.672374919476058,0.781243289671462,0,0,0,0.712744255958772,0.65181447283659,0,0.327034571612626,0,0,0
HMGXB3,0,0.9057869873309,0.281243289671462,0,0.771150955550784,0.93622503757784,0,0.951739317156968,0.879589864719777,0,0.915396177796865,0.960274855056904,0,0,0.921677045308138,0.978849044449216,0,0.971333476487009,0.849151814472837,0,0,0,0.978419583422804,0.874436332402834,0,0.595447713120034,0,0,0
C20orf194,0,0.505744041228259,0.363431393601031,0,0.569948464676831,0.554165771956195,0,0.32789349366545,0.783820055829933,0,0.134099205497101,0.833208073867297,0,0,0.358492591797294,0.201202490873953,0,0.495061198196264,0.252630448786773,0,0,0,0.265621644835731,0.649506119819626,0,0.86450504616706,0,0,0
TIMM8B,0,0.868584925917973,0.0454155035430535,0,0.982928924200129,0.99817479063775,0,0.76739317156968,0.985452007730299,0,0.879858277861284,0.902351299119605,0,0,0.688748121108009,0.74382649774533,0,0.395855701095126,0.330201846682414,0,0,0,0.790369336482714,0.998657934292463,0,0.00896499892634743,0,0,0
RNF113A,0,0.541604036933648,0.63587073223105,0,0.241088683701954,0.182681984109942,0,0.546650203993988,0.291013528022332,0,0.644245222246081,0.792516641614773,0,0,0.540637749624222,0.657182735666738,0,0.778773888769594,0.1123040584067,0,0,0,0.795844964569465,0.155840669959201,0,0.858546274425596,0,0,0
HINT2,0,0.66158471118746,0.190465965213657,0,0.637051750053683,0.570109512561735,0,0.757086106935796,0.605862143010522,0,0.929836804809963,0.973373416362465,0,0,0.752576766158471,0.731479493235989,0,0.918348722353446,0.254670388662229,0,0,0,0.712744255958772,0.322686278720206,0,0.987814043375564,0,0,0
LEPROT,0,0.341743611767232,0.440358599957054,0,0.4565170710758,0.487008803951041,0,0.346145587287954,0.291013528022332,0,0.338791067210651,0.16485935151385,0,0,0.300944814258106,0.240605540047241,0,0.300407987975091,0.627442559587717,0,0,0,0.224822847326605,0.468273566673824,0,0.539671462314795,0,0,0
TRIM36,0,0.426508481855272,0.151062916040369,0,0.667865578698733,0.872718488297187,0,0.188479707966502,0.886890702168778,0,0.41013528022332,0.424146446210006,0,0,0.101406484861499,0.109619926991626,0,0.0163732016319519,0.317210650633455,0,0,0,0.190358599957054,0.95361820914752,0,0.0711831651277647,0,0,0
UBN1,0,0.456570753704101,0.315546489156109,0,0.616008159759502,0.668295039725145,0,0.308782477990122,0.625509984968864,0,0.512132273996135,0.443364827141937,0,0,0.406001717844106,0.289939875456302,0,0.250483143654713,0.442452222460812,0,0,0,0.396929353661155,0.785752630448787,0,0.155572256817694,0,0,0
IER3IP1,0,0.502469400901868,0.904767017393172,0,0.241088683701954,0.103500107365257,0,0.407558514064849,0.291013528022332,0,0.531726433326176,0.418617135494954,0,0,0.4927528451793,0.600977023835087,0,0.519808889843247,0.588254240927636,0,0,0,0.746295898647198,0.0403156538544127,0,0.400901868155465,0,0,0
DOCK7,0,0.728687996564312,0.729761649130341,0,0.916845608761005,0.69492162336268,0,0.781619068069573,0.594481425810608,0,0.460113807171999,0.34925917972944,0,0,0.620946961563238,0.743397036718918,0,0.596628730942667,0.903747047455443,0,0,0,0.620356452651922,0.624436332402834,0,0.145318874812111,0,0,0
TSSC4,0,0.256925059050891,0.0777324457805454,0,0.836321666308782,0.799226970152459,0,0.301320592656216,0.892473695512132,0,0.631790852480137,0.750429461026412,0,0,0.430319948464677,0.206946532102212,0,0.0824565170710758,0.207483358385227,0,0,0,0.190358599957054,0.971333476487009,0,0.102587502684131,0,0,0
ERCC6,0,0.46414000429461,0.560822417865579,0,0.496779042301911,0.595930856774748,0,0.43622503757784,0.543805024694009,0,0.223212368477561,0.457698088898432,0,0,0.313023405625939,0.42935366115525,0,0.42897788275714,0.724124973158686,0,0,0,0.487277217092549,0.677528451793,0,0.506656645909384,0,0,0
ARF3,0,0.871108009448143,0.427421086536397,0,0.953725574404123,0.863001932574619,0,0.878355164268843,0.819465321022117,0,0.496510629160404,0.558406699592012,0,0,0.835731157397466,0.902727077517715,0,0.684668241357097,0.399130341421516,0,0,0,0.890111659866867,0.657021687781834,0,0.175917972943955,0,0,0
GAB1,0,0.471440841743612,0.260575477775392,0,0.718756710328538,0.846628730942667,0,0.388662228902727,0.679997852694868,0,0.55035430534679,0.750107365256603,0,0,0.257945028988619,0.319304273137213,0,0.51304487867726,0.745490659222676,0,0,0,0.190358599957054,0.743933863001933,0,0.28371269057333,0,0,0
PHLPP2,0,0.846091904659652,0.421677045308138,0,0.704691861713549,0.967575692505905,0,0.676293751342066,0.852802233197337,0,0.21628730942667,0.295683916684561,0,0,0.640004294610264,0.72138715911531,0,0.55180373631093,0.840831007086107,0,0,0,0.811788705175005,0.969776680266266,0,0.110317801159545,0,0,0
USP47,0,0.835301696371054,0.77426454799227,0,0.363324028344428,0.394674683272493,0,0.709630663517286,0.763850118101782,0,0.562271848829719,0.549119604895856,0,0,0.702329826068284,0.466770453081383,0,0.742913893064204,0.623147949323599,0,0,0,0.403156538544127,0.501234700450934,0,0.777592870946962,0,0,0
PAK1IP1,0,0.968971440841744,0.359458879106721,0,0.927743182306206,0.950558299334335,0,0.89998926347434,0.955336053253167,0,0.755260897573545,0.68805024694009,0,0,0.947122611123041,0.684346145587288,0,0.668402404981748,0.892420012883831,0,0,0,0.460919046596521,0.970528237062487,0,0.0718273566673824,0,0,0
RSL24D1,0,0.742162336267984,0.431500966287309,0,0.582134421301267,0.728365900794503,0,0.729010092334121,0.75434829289242,0,0.632005582993343,0.760736525660296,0,0,0.647305132059266,0.724017607902083,0,0.714891561090831,0.433970367189178,0,0,0,0.66013528022332,0.634367618638609,0,0.675434829289242,0,0,0
RHOBTB2,0,0.901921838093193,0.383240283444277,0,0.633562379214086,0.894459952759287,0,0.842602533820056,0.487867726003865,0,0.343300407987975,0.590616276572901,0,0,0.893654713334765,0.929138930642044,0,0.804434185097702,0.699216233626798,0,0,0,0.972782907451149,0.849849688640756,0,0.21124114236633,0,0,0
DUT,0,0.890433755636676,0.845769808889843,0,0.654820700021473,0.778237062486579,0,0.953403478634314,0.693418509770238,0,0.817532746403264,0.574404122825854,0,0,0.914913034142152,0.897949323598883,0,0.950773029847541,0.984485720420872,0,0,0,0.605378999355808,0.670066566459094,0,0.264440627013099,0,0,0
MPST,0,0.88479707966502,0.604627442559588,0,0.856452651921838,0.868048099634958,0,0.918187674468542,0.828322954691862,0,0.596038222031351,0.372074296757569,0,0,0.863968219884045,0.8478097487653,0,0.767661584711188,0.942452222460812,0,0,0,0.681071505260898,0.875671032853769,0,0.0691969078806098,0,0,0
RHBDL2,0,0.635602319089543,0.380770882542409,0,0.630717199914108,0.820270560446639,0,0.66448357311574,0.647412497315869,0,0.679836804809963,0.318660081597595,0,0,0.54455658149023,0.694975305990981,0,0.578752415718274,0.808836160618424,0,0,0,0.695404767017393,0.744041228258536,0,0.233358385226541,0,0,0
IPPK,0,0.828322954691862,0.325155679622074,0,0.670012883830792,0.768681554648916,0,0.746886407558514,0.877281511702813,0,0.704691861713549,0.707107579987116,0,0,0.775928709469616,0.853339059480352,0,0.691593300407988,0.386729654283874,0,0,0,0.90723641829504,0.773781404337556,0,0.200343568821129,0,0,0
RAD23A,0,0.422589649989263,0.0274855056903586,0,0.964730513205927,0.949108868370195,0,0.664751986257247,0.95796650203994,0,0.947498389521151,0.991196048958557,0,0,0.669368692291175,0.730191110156753,0,0.494470689284947,0.0246403263903801,0,0,0,0.583100708610694,0.749677904230191,0,0.212851621215375,0,0,0
MIOS,0,0.669798153317586,0.735666738243504,0,0.514011165986687,0.52211724286021,0,0.763850118101782,0.566727506978742,0,0.768037363109298,0.306366759716556,0,0,0.602104359029418,0.576927206356023,0,0.728956409705819,0.924575907236418,0,0,0,0.283283229546919,0.480459523298261,0,0.627764655357526,0,0,0
PIK3R6,0,0.74237706678119,0.455389735881469,0,0.838146875671033,0.615256602963281,0,0.755099849688641,0.624490015031136,0,0.261004938801804,0.874597380287739,0,0,0.709576980888984,0.454369765943741,0,0.805239424522225,0.7717414644621,0,0,0,0.190358599957054,0.664913034142152,0,0.958771741464462,0,0,0
HACL1,0,0.921623362679837,0.889682198840455,0,0.573652566029633,0.484915181447284,0,0.946102641185312,0.757461885333906,0,0.911477345930857,0.822417865578699,0,0,0.894245222246081,0.951417221387159,0,0.972782907451149,0.575638823276788,0,0,0,0.928226325960919,0.408095340347863,0,0.945726862787202,0,0,0
RNF168,0,0.618155464891561,0.237169851835946,0,0.687835516426884,0.627818337985828,0,0.506388232767876,0.61160618423878,0,0.54638179085248,0.752200987760361,0,0,0.432789349366545,0.555829933433541,0,0.215321022117243,0.0667811896070432,0,0,0,0.658954262400687,0.465159974232338,0,0.195351084389092,0,0,0
ORAI2,0,0.659383723427099,0.132703457161263,0,0.607096843461456,0.665127764655358,0,0.641775821344213,0.54240927635817,0,0.975037577839811,0.985720420871806,0,0,0.691002791496672,0.742645479922697,0,0.845769808889843,0.0210435902941808,0,0,0,0.747799012239639,0.109619926991626,0,0.946961563238136,0,0,0
SERPINB1,0,0.958825424092764,0.359942022761434,0,0.679138930642044,0.816995920120249,0,0.989317156968005,0.762937513420657,0,0.701900365041872,0.877013098561306,0,0,0.978956409705819,0.988941378569895,0,0.993987545630234,0.985290959845394,0,0,0,0.98153317586429,0.870195404767017,0,0.89709040154606,0,0,0
C12orf60,0,0.952061412926777,0.726003865149238,0,0.823652566029633,0.424414859351514,0,0.989639252737814,0.684131415074082,0,0.296918617135495,0.714569465321022,0,0,0.987867726003865,0.94347219239854,0,0.992484432037793,0.937567103285377,0,0,0,0.685205067640112,0.6159544771312,0,0.96848829718703,0,0,0
MAP3K1,0,0.719669315009663,0.553038436761864,0,0.72788275713979,0.679514709040155,0,0.589166845608761,0.626476272278291,0,0.221762937513421,0.313130770882542,0,0,0.540959845394031,0.384099205497101,0,0.440304917328752,0.853070646338845,0,0,0,0.369980674253811,0.829074511488082,0,0.193579557655143,0,0,0
KBTBD11,0,0.930534678977883,0.160188962851621,0,0.997369551213227,0.997799012239639,0,0.983841528881254,0.930266265836375,0,0.822310500322096,0.424253811466609,0,0,0.955604466394675,0.920173931715697,0,0.954208718058836,0.994417006656646,0,0,0,0.445028988619283,0.967844105647413,0,0.126905733304703,0,0,0
CD70,0,0.678011595447713,0.13259609190466,0,0.351996993772815,0.514601674898003,0,0.692881683487224,0.461133777109727,0,0.55110586214301,0.96558943525875,0,0,0.720206141292678,0.810446639467468,0,0.883293966072579,0.0136890702168778,0,0,0,0.863807171999141,0.164054112089328,0,0.986525660296328,0,0,0
TTC22,0,0.686332402834443,0.175112733519433,0,0.962905303843676,0.944277431823062,0,0.464247369551213,0.958986471977668,0,0.202651921838093,0.589649989263474,0,0,0.372342709899077,0.298582778612841,0,0.0190036504187245,0.622342709899077,0,0,0,0.287470474554434,0.981962636890702,0,0.0319948464676831,0,0,0
MPHOSPH8,0,0.343783551642688,0.3840455228688,0,0.51556796220743,0.520775177152673,0,0.407021687781834,0.382488726648057,0,0.724178655786987,0.280223319733734,0,0,0.377388876959416,0.41013528022332,0,0.202383508696586,0.399076658793215,0,0,0,0.470420871805884,0.636514923770668,0,0.106345286665235,0,0,0
HDHD3,0,0.749785269486794,0.0283981103714838,0,0.928280008589221,0.97573545200773,0,0.716233626798368,0.938318660081598,0,0.684399828215589,0.830040798797509,0,0,0.637803306849903,0.555668885548636,0,0.626368907021688,0.582939660725789,0,0,0,0.41813399184024,0.975842817264333,0,0.0535215804165772,0,0,0
TIAM1,0,0.997960060124544,0.99312862357741,0,0.869873308997208,0.382166630878248,0,0.996671677045308,0.360747262185957,0,0.212368477560661,0.359673609619927,0,0,0.996403263903801,0.919476057547778,0,0.997047455443419,0.99892634743397,0,0,0,0.562701309856131,0.350601245436977,0,0.995920120249087,0,0,0
PLA2G4A,0,0.768305776250805,0.91920764440627,0,0.460060124543698,0.204477131200344,0,0.800569035859996,0.291013528022332,0,0.0885763366974447,0.591153102855916,0,0,0.775660296328108,0.444062701309856,0,0.914644621000644,0.940412282585355,0,0,0,0.190358599957054,0.183218810392957,0,0.978365900794503,0,0,0
MRPL14,0,0.905572256817694,0.508374490015031,0,0.72283659007945,0.928333691217522,0,0.821505260897574,0.827141936869229,0,0.271473051320593,0.766695297401761,0,0,0.802984754133562,0.783068499033713,0,0.883830792355594,0.856721065063346,0,0,0,0.799334335409062,0.865739746617994,0,0.807923555937299,0,0,0
PTGFRN,0,0.871161692076444,0.395104144298905,0,0.947391024264548,0.892205282370625,0,0.711133777109727,0.903585999570539,0,0.612626154176508,0.38624651062916,0,0,0.723480781619068,0.405035430534679,0,0.494148593515139,0.907558514064849,0,0,0,0.190358599957054,0.920334979600601,0,0.157343783551643,0,0,0
SLC41A2,0,0.407880609834658,0.250107365256603,0,0.802125832080739,0.936171354949538,0,0.515192183809319,0.892205282370625,0,0.419905518574189,0.707805454155035,0,0,0.490820270560447,0.543321881039296,0,0.368799656431179,0.400311359244149,0,0,0,0.593354090616277,0.886085462744256,0,0.294878677260039,0,0,0
ZEB1,0,0.613109297831222,0.822471548207,0,0.29165771956195,0.124060554004724,0,0.617940734378355,0.291013528022332,0,0.554434185097702,0.528290745114881,0,0,0.613001932574619,0.608170496027486,0,0.746081168133992,0.357579987116169,0,0,0,0.666362465106292,0.144889413785699,0,0.918456087610049,0,0,0
PNP,0,0.413732016319519,0.00139574833583852,0,0.95796650203994,0.977560661369981,0,0.648754563023406,0.995812754992484,0,0.820270560446639,0.925864290315654,0,0,0.490551857418939,0.518896285162121,0,0.242323384152888,0.0234593085677475,0,0,0,0.285323169422375,0.98733089972085,0,0.0186278720206141,0,0,0
ACADS,0,0.374382649774533,0.0597487652995491,0,0.876637320163195,0.898969293536612,0,0.365095555078377,0.779686493450719,0,0.35940519647842,0.790959845394031,0,0,0.234109942022761,0.321397895640971,0,0.0545952329826068,0.119765943740606,0,0,0,0.375832080738673,0.835301696371054,0,0.142581060768735,0,0,0
PIK3CA,0,0.308621430105218,0.125080523942452,0,0.461616920764441,0.553360532531673,0,0.245436976594374,0.509984968864076,0,0.346682413570968,0.732928924200129,0,0,0.234539403049173,0.158793214515783,0,0.416201417221387,0.147144084174361,0,0,0,0.190358599957054,0.590240498174791,0,0.685205067640112,0,0,0
SPATS2L,0,0.776626583637535,0.930373631092978,0,0.532746403263904,0.515084818552716,0,0.656270130985613,0.525660296328108,0,0.571451578269272,0.234861498818982,0,0,0.669905518574189,0.774103500107365,0,0.616008159759502,0.836429031565385,0,0,0,0.883401331329182,0.537416791926133,0,0.413946746832725,0,0,0
ZNF148,0,0.785806313077088,0.651062916040369,0,0.669529740176079,0.00751556796220743,0,0.822847326605111,0.628462529525446,0,0.699484646768306,0.505153532316942,0,0,0.850225467038866,0.606667382435044,0,0.674898003006227,0.83186600815976,0,0,0,0.26991625509985,0.144084174361177,0,0.31377496242216,0,0,0
KCNK2,0,0.559963495812755,0.981103714837879,0,0.259394459952759,0.211294824994632,0,0.858438909168993,0.291013528022332,0,0.0519111015675327,0.440519647841958,0,0,0.833959630663517,0.901760790208289,0,0.92683057762508,0.932628301481641,0,0,0,0.887964354734808,0.0655464891561091,0,0.896929353661155,0,0,0
PFKFB2,0,0.454530813828645,0.150526089757355,0,0.502308353016964,0.810178226325961,0,0.491464462100064,0.690304917328752,0,0.780760146016749,0.873255314580202,0,0,0.505690358599957,0.678602104359029,0,0.494739102426455,0.0776787631522439,0,0,0,0.69057333047026,0.517232123684776,0,0.365363968219884,0,0,0
WWC3,0,0.589703671891776,0.961509555507838,0,0.241088683701954,0.175220098776036,0,0.54928065278076,0.291013528022332,0,0.144835731157397,0.432198840455229,0,0,0.576175649559802,0.699914107794718,0,0.687728151170281,0.795952329826068,0,0,0,0.828108224178656,0.0938909168992914,0,0.763581704960275,0,0,0
PEX19,0,0.423126476272278,0.0788597809748765,0,0.752845179299979,0.669046596521366,0,0.581060768735237,0.873738458234915,0,0.61665235129912,0.709630663517286,0,0,0.447713120034357,0.446156323813614,0,0.634367618638609,0.142097917114022,0,0,0,0.279579128194116,0.799978526948679,0,0.486847756066137,0,0,0
TRIB2,0,0.937245007515568,0.961563238136139,0,0.489531887481211,0.231640541120893,0,0.97208503328323,0.291013528022332,0,0.194706892849474,0.390541120893279,0,0,0.958825424092764,0.889467468327249,0,0.979224822847327,0.980405840669959,0,0,0,0.545630234056259,0.0149237706678119,0,0.966985183594589,0,0,0
PACS1,0,0.887749624221602,0.871591153102856,0,0.79600601245437,0.516426884260253,0,0.862733519433111,0.452276143439983,0,0.548153317586429,0.86520292033498,0,0,0.885763366974447,0.902029203349796,0,0.919476057547778,0.744631737169852,0,0,0,0.917167704530814,0.361928280008589,0,0.915771956194975,0,0,0
PSMC5,0,0.492269701524587,0.0448249946317372,0,0.523351943311145,0.725305990981318,0,0.624704745544342,0.692774318230621,0,0.868262830148164,0.705711831651278,0,0,0.591958342280438,0.715428387373846,0,0.108814687567103,0.0252845179299979,0,0,0,0.687567103285377,0.609083100708611,0,0.0368799656431179,0,0,0
PIP4K2C,0,0.573491518144728,0.136300193257462,0,0.788436761863861,0.691593300407988,0,0.596199269916255,0.640809534034786,0,0.799656431178871,0.720045093407773,0,0,0.532263259609191,0.434077732445781,0,0.573276787631522,0.107096843461456,0,0,0,0.354144298904874,0.568445351084389,0,0.803199484646768,0,0,0
RAPGEF1,0,0.819304273137213,0.993611767232124,0,0.33911316298046,0.00236203564526519,0,0.937620785913678,0.291013528022332,0,0.778934936654499,0.611767232123685,0,0,0.952007730298475,0.983573115739747,0,0.957000214730513,0.912443633240283,0,0,0,0.986847756066137,0.0234593085677475,0,0.858063130770883,0,0,0
CTSW,0,0.988189821773674,0.322364182950397,0,0.978795361820915,0.613807171999141,0,0.994309641400043,0.896607257891346,0,0.990498174790638,0.488619282800086,0,0,0.992484432037793,0.983787846252953,0,0.960328537685205,0.822471548207,0,0,0,0.89311788705175,0.685044019755207,0,0.171784410564741,0,0,0
CFD,0,0.480835301696371,0.411531028559158,0,0.711455872879536,0.46918617135495,0,0.648647197766803,0.569143225252308,0,0.645587287953618,0.871698518359459,0,0,0.607633669744471,0.488082456517071,0,0.789080953403479,0.686278720206141,0,0,0,0.344535108438909,0.570270560446639,0,0.700665664590938,0,0,0
SUFU,0,0.282853768520507,0.0196478419583423,0,0.596897144084174,0.755314580201847,0,0.605378999355808,0.770560446639467,0,0.897358814687567,0.941539617779687,0,0,0.357472621859566,0.582671247584282,0,0.695458449645695,0.00821344213012669,0,0,0,0.396929353661155,0.505851406484861,0,0.878355164268843,0,0,0
CALB2,0,0.793643976809105,0.78006227184883,0,0.313613914537256,0.460704316083315,0,0.704477131200344,0.434990337126906,0,0.606989478204853,0.233841528881254,0,0,0.739263474339704,0.850386514923771,0,0.734324672535967,0.823330470259824,0,0,0,0.930856774747692,0.600601245436977,0,0.212261112304058,0,0,0
PTGER2,0,0.687781833798583,0.968649345071935,0,0.528183379858278,0.367350225467039,0,0.843246725359674,0.364290315653854,0,0.535537899935581,0.636031780115955,0,0,0.797562808675113,0.847756066136998,0,0.932306205711832,0.917704530813829,0,0,0,0.835086965857848,0.0931930427313721,0,0.972675542194546,0,0,0
MLEC,0,0.331812325531458,0.00252308353016964,0,0.799495383293966,0.942505905089113,0,0.643386300193257,0.575853553789994,0,0.92248228473266,0.985559372986901,0,0,0.458127549924844,0.732660511058621,0,0.51052179514709,0.0101996993772815,0,0,0,0.566405411208933,0.624543697659437,0,0.0595877174146446,0,0,0
TTC31,0,0.61810178226326,0.00509984968864076,0,0.241088683701954,0.468756710328538,0,0.608599957053897,0.291013528022332,0,0.992913893064204,0.978849044449216,0,0,0.743987545630234,0.86520292033498,0,0.828752415718274,0.00273781404337556,0,0,0,0.940090186815546,0.0521258320807387,0,0.816995920120249,0,0,0
PARP4,0,0.622235344642474,0.361445136353876,0,0.53478634313936,0.690680695726863,0,0.434453510843891,0.669690788060983,0,0.447391024264548,0.209845394030492,0,0,0.405357526304488,0.493933863001933,0,0.241518144728366,0.22208503328323,0,0,0,0.622289027270775,0.817049602748551,0,0.12969722997638,0,0,0
FOXF1,0,0.53081382864505,0.891077947176294,0,0.337126905733305,0.387642258964999,0,0.732660511058621,0.411101567532746,0,0.782746403263904,0.201739317156968,0,0,0.575209362250376,0.707483358385227,0,0.670710757998712,0.845769808889843,0,0,0,0.671891775821344,0.343246725359674,0,0.657451148808246,0,0,0
RIC8A,0,0.64166845608761,0.252308353016964,0,0.891024264547992,0.761273351943311,0,0.605110586214301,0.491142366330256,0,0.658149022976165,0.741518144728366,0,0,0.606560017178441,0.5797187030277,0,0.610747262185957,0.215965213656861,0,0,0,0.613699806742538,0.726003865149238,0,0.583476487008804,0,0,0
GNG2,0,0.381683487223534,0.879267768949968,0,0.262937513420657,0.343139360103071,0,0.276626583637535,0.337932145157827,0,0.27571397895641,0.832939660725789,0,0,0.354627442559588,0.435258750268413,0,0.591528881254026,0.684024049817479,0,0,0,0.559587717414645,0.0230298475413356,0,0.85795576551428,0,0,0
RPL18,0,0.946048958557011,0.269969937728151,0,0.840079450289886,0.822847326605111,0,0.970367189177582,0.821236847756066,0,0.959845394030492,0.987223534464247,0,0,0.977292248228473,0.962368477560661,0,0.969615632381361,0.73368048099635,0,0,0,0.947713120034357,0.900794502898862,0,0.945887910672107,0,0,0
HEXIM2,0,0.95941593300408,0.182574618853339,0,0.887159115310286,0.962797938587073,0,0.993450719347219,0.939982821558944,0,0.987384582349152,0.984861498818982,0,0,0.985720420871806,0.994417006656646,0,0.993289671462315,0.669851835945888,0,0,0,0.988995061198196,0.96193901653425,0,0.842924629589865,0,0,0
TUFT1,0,0.820002147305132,0.334389091689929,0,0.528827571397896,0.703832939660726,0,0.675434829289242,0.640057977238566,0,0.882488726648057,0.561842387803307,0,0,0.683970367189178,0.80035430534679,0,0.50252308353017,0.281994846467683,0,0,0,0.895479922697015,0.846467683057763,0,0.0671569680051535,0,0,0
TMEM173,0,0.701900365041872,0.835892205282371,0,0.462207429675757,0.551159544771312,0,0.667972943955336,0.531941163839382,0,0.359244148593515,0.826390380073008,0,0,0.775391883186601,0.76776894996779,0,0.861981962636891,0.40433755636676,0,0,0,0.870088039510414,0.492806527807601,0,0.957375993128624,0,0,0
PTGFR,0,0.995544341850977,0.995222246081168,0,0.834013313291819,0.00483143654713335,0,0.99672535967361,0.291013528022332,0,0.442666952974018,0.204745544341851,0,0,0.997745329611338,0.877442559587717,0,0.996456946532102,0.999731586858493,0,0,0,0.309480352158042,0.108277861284088,0,0.988511917543483,0,0,0
GEM,0,0.985988834013313,0.574940949108868,0,0.983895211509556,0.815546489156109,0,0.971709254885119,0.715374704745544,0,0.620893278934937,0.386407558514065,0,0,0.949860425166416,0.886998067425381,0,0.896768305776251,0.98588146875671,0,0,0,0.850171784410565,0.919905518574189,0,0.21666308782478,0,0,0
AP1G1,0,0.943579557655143,0.50869658578484,0,0.864182950397251,0.427098990766588,0,0.995812754992484,0.612411423663303,0,0.558675112733519,0.97246081168134,0,0,0.990712905303844,0.962583208073867,0,0.99892634743397,0.912980459523298,0,0,0,0.568821129482499,0.468703027700236,0,0.993665449860425,0,0,0
BLZF1,0,0.694062701309856,0.32064633884475,0,0.887749624221602,0.688157612196693,0,0.749731586858493,0.493880180373631,0,0.0519111015675327,0.527700236203565,0,0,0.583476487008804,0.469722997637964,0,0.62137642258965,0.914322525230835,0,0,0,0.190358599957054,0.829611337771097,0,0.309265621644836,0,0,0
ATP11A,0,0.701792999785269,0.917167704530814,0,0.512400687137642,0.356935795576551,0,0.659705819196908,0.359351513850118,0,0.460221172428602,0.173878033068499,0,0,0.650901868155465,0.539403049173288,0,0.646983036289457,0.891453725574404,0,0,0,0.529740176079021,0.395426240068714,0,0.615310285591583,0,0,0
SRBD1,0,0.80180373631093,0.479385870732231,0,0.581651277646554,0.57644406270131,0,0.609458879106721,0.698410994202276,0,0.472997637964355,0.390111659866867,0,0,0.713495812754993,0.630931930427314,0,0.526948679407344,0.265460596950827,0,0,0,0.689445995275929,0.442344857204209,0,0.619604895855701,0,0,0
CBL,0,0.553736310929783,0.351782263259609,0,0.663893064204423,0.767661584711188,0,0.424844320377926,0.616867081812326,0,0.890433755636676,0.65761219669315,0,0,0.66378569894782,0.591099420227614,0,0.242108653639682,0.294180803092119,0,0,0,0.699592012024909,0.570914751986257,0,0.186063989692935,0,0,0
SURF1,0,0.792999785269487,0.0107365256602963,0,0.970904015460597,0.998228473266051,0,0.725037577839811,0.989048743826498,0,0.859673609619927,0.847917114021903,0,0,0.658363753489371,0.779740176079021,0,0.389628516212154,0.155464891561091,0,0,0,0.656270130985613,0.994739102426455,0,0.00488511917543483,0,0,0
DMBT1,0,0.663356237921409,0.40433755636676,0,0.774049817479064,0.822471548207,0,0.546167060339274,0.60070861069358,0,0.103929568391668,0.265460596950827,0,0,0.476218595662444,0.408524801374275,0,0.468703027700236,0.819787416791926,0,0,0,0.437942881683487,0.832563882327679,0,0.326658793214516,0,0,0
RETSAT,0,0.656055400472407,0.0323706248657934,0,0.941163839381576,0.936063989692935,0,0.826497745329611,0.832456517071076,0,0.788436761863861,0.778666523512991,0,0,0.832671247584282,0.687567103285377,0,0.558353016963711,0.282102211724286,0,0,0,0.411853124328967,0.928065278076015,0,0.054165771956195,0,0,0
NDUFAF4,0,0.607741035001074,0.434560876100494,0,0.522224608116813,0.313667597165557,0,0.733197337341636,0.528183379858278,0,0.652351299119605,0.557225681769379,0,0,0.756925059050891,0.514225896499893,0,0.720420871805884,0.694706892849474,0,0,0,0.190358599957054,0.461133777109727,0,0.404498604251664,0,0,0
C3orf36,0,0.480352158041658,0.933433540906163,0,0.241088683701954,0.115900794502899,0,0.478902727077518,0.291013528022332,0,0.284088468971441,0.369175434829289,0,0,0.46918617135495,0.572686278720206,0,0.699377281511703,0.751342065707537,0,0,0,0.719776680266266,0.300193257461885,0,0.770775177152673,0,0,0
MRPL53,0,0.948035215804166,0.000268413141507408,0,0.974608116813399,0.998335838522654,0,0.957429675756925,0.98985398325102,0,0.988189821773674,0.994417006656646,0,0,0.979278505475628,0.973373416362465,0,0.932950397251449,0.037899935580846,0,0,0,0.942130126691003,0.964462100064419,0,0.119121752200988,0,0,0
ZNF609,0,0.977506978741679,0.952598239209792,0,0.791926132703457,0.584228043805025,0,0.969347219239854,0.610049388018037,0,0.479976379643547,0.318606398969294,0,0,0.971816620141722,0.882005582993343,0,0.949162550998497,0.987760360747262,0,0,0,0.678655786987331,0.686654498604252,0,0.709899076658793,0,0,0
CHST7,0,0.958718058836161,0.999463173716985,0,0.241088683701954,0.276626583637535,0,0.923341206785484,0.291013528022332,0,0.849527592870947,0.71956194975306,0,0,0.943418509770238,0.989263474339704,0,0.974769164698304,0.945028988619283,0,0,0,0.997745329611338,0.0769808889843247,0,0.955658149022976,0,0,0
SGPL1,0,0.551750053682628,0.351943311144514,0,0.82644406270131,0.798368048099635,0,0.572310500322096,0.782370624865793,0,0.688264977453296,0.430534678977883,0,0,0.619712261112304,0.434131415074082,0,0.350332832295469,0.874973158685849,0,0,0,0.38587073223105,0.789188318660082,0,0.0969508267124758,0,0,0
TMEM150B,0,0.930212583208074,0.226164913034142,0,0.890863216663088,0.938962851621215,0,0.840025767661585,0.94819626368907,0,0.77066781189607,0.791281941163839,0,0,0.821290530384368,0.806796220742968,0,0.810554004724071,0.802823706248658,0,0,0,0.799334335409062,0.964193686922912,0,0.272170925488512,0,0,0
EDEM1,0,0.92065707537041,0.950289886192828,0,0.772009877603608,0.660940519647842,0,0.920871805883616,0.742645479922697,0,0.471065063345501,0.652995490659223,0,0,0.8985398325102,0.885226540691432,0,0.918563452866652,0.967360961992699,0,0,0,0.844320377925703,0.788919905518574,0,0.553092119390165,0,0,0
MRPL48,0,0.844588791067211,0.204208718058836,0,0.91340992054971,0.906484861498819,0,0.923931715696801,0.903585999570539,0,0.984593085677475,0.94094910886837,0,0,0.895372557440412,0.917114021902512,0,0.876852050676401,0.416523512991196,0,0,0,0.846897144084174,0.895050461670603,0,0.217253596736096,0,0,0
ACOT11,0,0.811466609405196,0.154928065278076,0,0.95614129267769,0.987169851835946,0,0.683379858277861,0.975467038866223,0,0.773244578054541,0.378945673180159,0,0,0.692989048743826,0.634958127549925,0,0.393225252308353,0.780277002362036,0,0,0,0.700934077732446,0.976540691432253,0,0.0825101996993773,0,0,0
ATXN1L,0,0.695190036504187,0.231962636890702,0,0.831597595018252,0.435527163409921,0,0.91775821344213,0.418456087610049,0,0.800139574833584,0.973641829503972,0,0,0.827034571612626,0.832134421301267,0,0.959040154605969,0.214998926347434,0,0,0,0.463549495383294,0.0209899076658793,0,0.976057547777539,0,0,0
C10orf10,0,0.8405625939446,0.96269057333047,0,0.431178870517501,0.435956624436332,0,0.762830148164054,0.495114880824565,0,0.929085248013743,0.497584281726433,0,0,0.827786128408847,0.851138071719991,0,0.752791496671677,0.860961992699163,0,0,0,0.88839381576122,0.318499033712691,0,0.367564955980245,0,0,0
PDE4B,0,0.813291818767447,0.833422804380502,0,0.533981103714838,0.408417436117672,0,0.908954262400687,0.417919261327035,0,0.691163839381576,0.702705604466395,0,0,0.857633669744471,0.830309211939017,0,0.959254885119175,0.80035430534679,0,0,0,0.658954262400687,0.188103929568392,0,0.955926562164484,0,0,0
NUDT8,0,0.598292892420013,0.00542194545844965,0,0.987921408632167,0.992108653639682,0,0.83079235559373,0.96193901653425,0,0.996349581275499,0.936171354949538,0,0,0.719669315009663,0.839542624006871,0,0.459952759287095,0.0498711616920764,0,0,0,0.72680910457376,0.990766587932145,0,0.00214730513205927,0,0,0
ZNF18,0,0.960704316083315,0.822256817693794,0,0.77646553575263,0.685527163409921,0,0.865739746617994,0.853446424736955,0,0.705819196907881,0.264333261756496,0,0,0.869390165342495,0.790100923341207,0,0.736794073437836,0.81050032209577,0,0,0,0.779901223963925,0.703188748121108,0,0.297562808675113,0,0,0
ADAMTSL5,0,0.76197122611123,0.137427528451793,0,0.915503543053468,0.914537255744041,0,0.808836160618424,0.888608546274426,0,0.324189392312648,0.493987545630234,0,0,0.799065922267554,0.674736955121323,0,0.583798582778613,0.909383723427099,0,0,0,0.45361820914752,0.937245007515568,0,0.0754777753918832,0,0,0
STAG1,0,0.235666738243504,0.273835086965858,0,0.480727936439768,0.542785054756281,0,0.449806742538115,0.55615202920335,0,0.394782048529096,0.558299334335409,0,0,0.340723641829504,0.415074082027056,0,0.319733734163625,0.263528022331973,0,0,0,0.284249516856345,0.54203349796006,0,0.107579987116169,0,0,0
LETM1,0,0.464891561090831,0.414590938372343,0,0.597541335623792,0.774049817479064,0,0.556205711831651,0.6087073223105,0,0.592978312218166,0.801857418939231,0,0,0.681339918402405,0.715482070002147,0,0.589918402404982,0.227829074511488,0,0,0,0.838254240927636,0.723427098990767,0,0.416094051964784,0,0,0
PCF11,0,0.800085892205282,0.240390809534035,0,0.828859780974877,0.921999141077947,0,0.647949323598883,0.837556366759717,0,0.488565600171784,0.346897144084174,0,0,0.601245436976594,0.623577410350011,0,0.502684131415074,0.770130985613056,0,0,0,0.656270130985613,0.87862357741035,0,0.212958986471978,0,0,0
QPCT,0,0.83948894137857,0.986740390809534,0,0.345447713120034,0.22246081168134,0,0.911692076444063,0.291013528022332,0,0.160350010736526,0.490015031135924,0,0,0.875617350225467,0.892312647627228,0,0.955013957483358,0.967683057762508,0,0,0,0.842119390165343,0.0592119390165343,0,0.948572042087181,0,0,0
SLC46A3,0,0.594374060554005,0.114182950397251,0,0.946585784840026,0.980566888554864,0,0.285591582563882,0.951309856130556,0,0.208234915181447,0.605754777753919,0,0,0.210328537685205,0.230888984324673,0,0.00628086751127335,0.447659437406055,0,0,0,0.275069787416792,0.981211080094481,0,0.0185741893923126,0,0,0
KRT16,0,0.700773029847541,0.92210650633455,0,0.442989048743826,0.423502254670389,0,0.752200987760361,0.399828215589435,0,0.585355378999356,0.487599312862358,0,0,0.731103714837879,0.83514064848615,0,0.782800085892205,0.828376637320163,0,0,0,0.865363968219884,0.380556152029203,0,0.48078161906807,0,0,0
SLC2A5,0,0.545093407773245,0.0141722138715912,0,0.847219239853983,0.99602748550569,0,0.292731372127979,0.947552072149452,0,0.479439553360533,0.99237706678119,0,0,0.2572471548207,0.275875026841314,0,0.603124328967146,0.032316942237492,0,0,0,0.407558514064849,0.97246081168134,0,0.952866652351299,0,0,0
PRKCE,0,0.833798582778613,0.455550783766373,0,0.784088468971441,0.700289886192828,0,0.732016319519004,0.812057118316513,0,0.579879750912605,0.476003865149238,0,0,0.841528881254026,0.59383723427099,0,0.626529954906592,0.553682628301482,0,0,0,0.516587932145158,0.584281726433326,0,0.788114666094052,0,0,0
MED11,0,0.689445995275929,0.104412712046382,0,0.947068928494739,0.953403478634314,0,0.641024264547992,0.712100064419154,0,0.828484002576766,0.908471118745974,0,0,0.747208503328323,0.631361391453726,0,0.577302984754134,0.210060124543698,0,0,0,0.662497315868585,0.856130556152029,0,0.318015890057977,0,0,0
SEC24C,0,0.415825638823277,0.0280760146016749,0,0.951470904015461,0.96048958557011,0,0.581651277646554,0.909222675542194,0,0.933594588791067,0.894030491732875,0,0,0.584442774318231,0.657719561949753,0,0.105486364612411,0.230727936439768,0,0,0,0.561627657290101,0.962261112304058,0,0.00821344213012669,0,0,0
ATP6V1B2,0,0.938264977453296,0.942183809319304,0,0.764011165986687,0.719722997637964,0,0.876637320163195,0.668563452866652,0,0.495759072364183,0.357687352372772,0,0,0.88007300837449,0.861820914751986,0,0.859136783336912,0.957053897358815,0,0,0,0.867296542838737,0.746671677045308,0,0.46521365686064,0,0,0
COX6A1,0,0.486740390809534,0.0108975735452008,0,0.755636675971656,0.532263259609191,0,0.298153317586429,0.655572256817694,0,0.979600601245437,0.864988189821774,0,0,0.678816834872235,0.383401331329182,0,0.0362357741035001,0.00660296328108224,0,0,0,0.395318874812111,0.563506549280653,0,0.0957698088898433,0,0,0
ARID4A,0,0.0334442774318231,0.0106828430319948,0,0.416416147734593,0.420979171140219,0,0.118745973802877,0.969025123470045,0,0.332080738672965,0.590347863431394,0,0,0.520184668241357,0.167704530813829,0,0.0414966716770453,0.0932467253596736,0,0,0,0.195834228043805,0.623953188748121,0,0.277968649345072,0,0,0
ARID2,0,0.757783981103715,0.379536182091475,0,0.756441915396178,0.480459523298261,0,0.61450504616706,0.567908524801374,0,0.624436332402834,0.629589864719777,0,0,0.62824779901224,0.589220528237063,0,0.549065922267554,0.105056903586,0,0,0,0.615041872450075,0.440680695726863,0,0.76014601674898,0,0,0
ADIPOR2,0,0.992538114666094,0.385172858063131,0,0.96193901653425,0.958932789349367,0,0.953135065492807,0.98405625939446,0,0.384636031780116,0.732392097917114,0,0,0.9565170710758,0.729063774962422,0,0.923448572042087,0.954369765943741,0,0,0,0.33911316298046,0.970045093407773,0,0.759984968864076,0,0,0
WDR1,0,0.870195404767017,0.882005582993343,0,0.732016319519004,0.665986686708181,0,0.983089972085033,0.559211939016534,0,0.422750697874168,0.603822203135066,0,0,0.948625724715482,0.992967575692506,0,0.977131200343569,0.901170281296972,0,0,0,0.96993772815117,0.399935580846038,0,0.257676615847112,0,0,0
KATNAL1,0,0.613485076229332,0.809909813184454,0,0.588952115095555,0.701631951900365,0,0.80942666952974,0.653908095340348,0,0.146285162121537,0.547133347648701,0,0,0.858922052823706,0.821344213012669,0,0.737223534464247,0.901921838093193,0,0,0,0.766748980030062,0.699323598883401,0,0.195565814902298,0,0,0
DUSP10,0,0.976862787202061,0.459362250375778,0,0.93515138501181,0.83659007945029,0,0.963871591153103,0.701202490873953,0,0.822847326605111,0.981050032209577,0,0,0.955228687996564,0.845984539403049,0,0.990337126905733,0.795361820914752,0,0,0,0.694438479707966,0.753811466609405,0,0.994953832939661,0,0,0
GLS,0,0.827625080523942,0.207859136783337,0,0.62465106291604,0.830684990337127,0,0.796596521365686,0.784678977882757,0,0.491893923126476,0.6267983680481,0,0,0.783766373201632,0.825477775391883,0,0.676186386085463,0.381951900365042,0,0,0,0.890755851406485,0.934560876100494,0,0.0775177152673395,0,0,0
DHRS4,0,0.466018896285162,0.873308997208503,0,0.241088683701954,0.236364612411424,0,0.676991625509985,0.291013528022332,0,0.761649130341422,0.605325316727507,0,0,0.695619497530599,0.821988404552287,0,0.809856130556152,0.182735666738244,0,0,0,0.912819411638394,0.155572256817694,0,0.907880609834657,0,0,0
MAFF,0,0.912067854842173,0.931608331543912,0,0.695780545415503,0.738243504401976,0,0.862840884689714,0.740283444277432,0,0.878891990551857,0.692344857204209,0,0,0.818445351084389,0.939392312647627,0,0.856130556152029,0.911638393815761,0,0,0,0.967736740390809,0.789993558084604,0,0.140541120893279,0,0,0
FAM63B,0,0.509716555722568,0.287470474554434,0,0.568606398969294,0.485022546703887,0,0.598024479278505,0.687835516426884,0,0.8405625939446,0.821934721923985,0,0,0.614021902512347,0.688479707966502,0,0.643654713334765,0.196854197981533,0,0,0,0.6340455228688,0.524425595877174,0,0.330846038222031,0,0,0
NDUFS3,0,0.684990337126906,0.210060124543698,0,0.831490229761649,0.916523512991196,0,0.826712475842817,0.902458664376208,0,0.512937513420657,0.737384582349152,0,0,0.801374275284518,0.814741249731587,0,0.744309641400043,0.394728365900795,0,0,0,0.692720635602319,0.811466609405196,0,0.248067425381147,0,0,0
NTN4,0,0.786557869873309,0.525069787416792,0,0.576390380073008,0.75397251449431,0,0.660403693364827,0.816942237491948,0,0.3260682843032,0.238243504401976,0,0,0.654767017393172,0.36665235129912,0,0.55325316727507,0.895694653210221,0,0,0,0.190358599957054,0.8732016319519,0,0.312540261971226,0,0,0
NCKAP5L,0,0.636568606398969,0.905625939445995,0,0.55325316727507,0.364397680910457,0,0.824833583852265,0.401277646553575,0,0.602855915825639,0.357204208718059,0,0,0.68767446854198,0.843622503757784,0,0.794395533605325,0.875080523942452,0,0,0,0.744631737169852,0.0735452007730299,0,0.650150311359244,0,0,0
PPP1R12A,0,0.902941808030921,0.321236847756066,0,0.950075155679622,0.919529740176079,0,0.864451363538759,0.934185097702384,0,0.557333047025982,0.616491303414215,0,0,0.867564955980245,0.737491947605755,0,0.846950826712476,0.814741249731587,0,0,0,0.536504187245007,0.840133132918188,0,0.808675112733519,0,0,0
MYO5B,0,0.513259609190466,0.178494739102426,0,0.905035430534679,0.786933648271419,0,0.245812754992484,0.834711187459738,0,0.205926562164484,0.448088898432467,0,0,0.131254026197123,0.147573545200773,0,0.0187352372772171,0.292999785269487,0,0,0,0.245598024479279,0.823491518144728,0,0.0972192398539832,0,0,0
NCOA4,0,0.978849044449216,0.387856989478205,0,0.917704530813829,0.953027700236204,0,0.921462314794932,0.793751342065708,0,0.734915181447284,0.710757998711617,0,0,0.943901653424952,0.916469830362895,0,0.873308997208503,0.410403693364827,0,0,0,0.935044019755207,0.958234915181447,0,0.759555507837664,0,0,0
RGS4,0,0.70941593300408,0.928816834872235,0,0.358492591797294,0.22428602104359,0,0.759877603607473,0.291013528022332,0,0.0519111015675327,0.11450504616706,0,0,0.834550139574834,0.547509126046811,0,0.772224608116813,0.934399828215589,0,0,0,0.405464891561091,0.125241571827357,0,0.828752415718274,0,0,0
CBX8,0,0.359297831221817,0.0106291604036934,0,0.817908524801374,0.983948894137857,0,0.659222675542194,0.605862143010522,0,0.966233626798368,0.690841743611767,0,0,0.476862787202061,0.539886192828001,0,0.721226111230406,0.803360532531673,0,0,0,0.293590294180803,0.929836804809963,0,0.0992054971011381,0,0,0
DUSP4,0,0.76776894996779,0.724124973158686,0,0.456785484217307,0.604788490444492,0,0.661316298045952,0.615310285591583,0,0.457000214730513,0.808353016963711,0,0,0.625134206570754,0.689231264762723,0,0.821129482499463,0.387588576336697,0,0,0,0.794771312003436,0.753328322954692,0,0.926615847111875,0,0,0
NFATC2,0,0.864075585140649,0.892634743397037,0,0.550085892205282,0.313130770882542,0,0.862572471548207,0.313077088254241,0,0.525821344213013,0.66378569894782,0,0,0.849957053897359,0.856828430319948,0,0.890755851406485,0.621913248872665,0,0,0,0.876154176508482,0.320485290959845,0,0.882059265621645,0,0,0
CRYL1,0,0.780330684990337,0.359727292248228,0,0.883293966072579,0.963388447498389,0,0.54638179085248,0.899452437191325,0,0.422428602104359,0.598239209791711,0,0,0.474715482070002,0.583369121752201,0,0.261112304058407,0.757837663732016,0,0,0,0.724769164698304,0.975305990981318,0,0.0255529310715053,0,0,0
PLCG1,0,0.76739317156968,0.641990551857419,0,0.738350869658578,0.5905625939446,0,0.697552072149452,0.454906592226755,0,0.231640541120893,0.927098990766588,0,0,0.648593515138501,0.705013957483358,0,0.833905948035216,0.563506549280653,0,0,0,0.805829933433541,0.636837019540477,0,0.90653854412712,0,0,0
ATP10B,0,0.380717199914108,0.159920549710114,0,0.702329826068284,0.583744900150311,0,0.314419153961778,0.434990337126906,0,0.302072149452437,0.505207214945244,0,0,0.290423019111016,0.179997852694868,0,0.0529310715052609,0.266212153747047,0,0,0,0.190358599957054,0.698464676830578,0,0.113592441485935,0,0,0
IDH1,0,0.980674253811467,0.0463281082241787,0,0.956731801589006,0.974178655786987,0,0.917919261327035,0.808084603822203,0,0.589435258750268,0.737867726003865,0,0,0.956785484217307,0.853285376852051,0,0.872342709899077,0.926347433970367,0,0,0,0.832510199699377,0.987652995490659,0,0.0908310070861069,0,0,0
FGD4,0,0.667114021902512,0.317264333261757,0,0.771097272922482,0.934077732445781,0,0.452598239209792,0.793751342065708,0,0.22535967360962,0.322149452437191,0,0,0.3876959415933,0.471762937513421,0,0.211563238136139,0.719132488726648,0,0,0,0.595984539403049,0.92607902082886,0,0.126583637534894,0,0,0
CCR7,0,0.547938587073223,0.475628086751127,0,0.427743182306206,0.26266910027915,0,0.905196478419583,0.382220313506549,0,0.770936225037578,0.886139145372557,0,0,0.923931715696801,0.894137856989478,0,0.956356023190895,0.376959415933004,0,0,0,0.756388232767876,0.0156216448357312,0,0.982070002147305,0,0,0
ASCC3,0,0.553951041442989,0.81339918402405,0,0.378838307923556,0.538705175005368,0,0.642205282370625,0.515406914322525,0,0.136514923770668,0.417972943955336,0,0,0.599366544986042,0.657451148808246,0,0.700021473051321,0.829772385656002,0,0,0,0.639360103070646,0.492645479922697,0,0.549763796435473,0,0,0
CD74,0,0.594105647412497,0.508106076873524,0,0.443686922911746,0.499248443203779,0,0.695941593300408,0.67897788275714,0,0.603070646338845,0.464462100064419,0,0,0.71086536396822,0.674414859351514,0,0.674092763581705,0.611552501610479,0,0,0,0.651385011810178,0.568176937942882,0,0.341153102855916,0,0,0
IL18RAP,0,0.139038007300837,0.780330684990337,0,0.27571397895641,0.351030706463388,0,0.402834442774318,0.291013528022332,0,0.0938372342709899,0.676991625509985,0,0,0.281458020184668,0.351728580631308,0,0.749248443203779,0.663356237921409,0,0,0,0.384313936010307,0.154981747906378,0,0.978419583422804,0,0,0
RNF152,0,0.736096199269916,0.417275069787417,0,0.655840669959201,0.784947391024265,0,0.489156109083101,0.875885763366974,0,0.334872235344642,0.471655572256818,0,0,0.433594588791067,0.531672750697874,0,0.323759931286236,0.312808675112734,0,0,0,0.678655786987331,0.879214086321666,0,0.130341421515997,0,0,0
CD47,0,0.950075155679622,0.345716126261542,0,0.987491947605755,0.921623362679837,0,0.950182520936225,0.839435258750268,0,0.262883830792356,0.704906592226755,0,0,0.940143869443848,0.712261112304058,0,0.915986686708181,0.964945243719132,0,0,0,0.222407129053038,0.914054112089328,0,0.667006656645909,0,0,0
GDPD3,0,0.744094910886837,0.0178763152243934,0,0.892097917114022,0.896821988404552,0,0.46773674039081,0.897680910457376,0,0.825960919046597,0.603016963710543,0,0,0.543268198410994,0.551266910027915,0,0.00370410135280223,0.059856130556152,0,0,0,0.557923555937299,0.845447713120034,0,0.00187889199055186,0,0,0
CCL5,0,0.72063560231909,0.762132273996135,0,0.553306849903371,0.375241571827357,0,0.893332617564956,0.43515138501181,0,0.404283873738458,0.843246725359674,0,0,0.883079235559373,0.752308353016964,0,0.965052608975735,0.705819196907881,0,0,0,0.546274425595877,0.384958127549925,0,0.985183594588791,0,0,0
TMC7,0,0.866491303414215,0.135387588576337,0,0.945512132273996,0.993719132488727,0,0.620946961563238,0.948249946317372,0,0.631307708825424,0.651975520721495,0,0,0.563936010307065,0.685473480781619,0,0.375563667597166,0.312432896714623,0,0,0,0.817532746403264,0.996510629160404,0,0.0562593944599528,0,0,0
TMEM109,0,0.850225467038866,0.287363109297831,0,0.831543912389951,0.858277861284088,0,0.865632381361391,0.899828215589435,0,0.938157612196693,0.971762937513421,0,0,0.846467683057763,0.842495168563453,0,0.923126476272278,0.34276358170496,0,0,0,0.755636675971656,0.682896714623148,0,0.910779471762937,0,0,0
BTBD7,0,0.234700450934078,0.347004509340777,0,0.528559158256388,0.484700450934078,0,0.0134743397036719,0.361713549495383,0,0.441700665664591,0.281672750697874,0,0,0.101406484861499,0.109619926991626,0,0.0280760146016749,0.297670173931716,0,0,0,0.190358599957054,0.350279149667168,0,0.309748765299549,0,0,0
COPS4,0,0.667919261327035,0.556957268627872,0,0.637266480566889,0.403800730083745,0,0.891077947176294,0.572847326605111,0,0.754401975520722,0.751986257247155,0,0,0.94019755207215,0.820324243074941,0,0.831275499248443,0.658149022976165,0,0,0,0.699216233626798,0.429622074296758,0,0.668670818123255,0,0,0
MAML2,0,0.561412926776895,0.464784195834228,0,0.366920764440627,0.462529525445566,0,0.779257032424307,0.454584496456947,0,0.408632166630878,0.309265621644836,0,0,0.682896714623148,0.803951041442989,0,0.612572471548207,0.592012024908739,0,0,0,0.676401116598669,0.33186600815976,0,0.223588146875671,0,0,0
FLYWCH1,0,0.804004724071291,0.403532316942238,0,0.241088683701954,0.334925917972944,0,0.75107365256603,0.291013528022332,0,0.997208503328323,0.834550139574834,0,0,0.910779471762937,0.894782048529096,0,0.779793858707322,0.121913248872665,0,0,0,0.958395963066352,0.0120785913678334,0,0.892420012883831,0,0,0
SCAND1,0,0.668670818123255,0.446424736955121,0,0.735452007730299,0.708395963066352,0,0.710435902941808,0.838307923555937,0,0.936171354949538,0.731908954262401,0,0,0.837341636246511,0.713388447498389,0,0.714784195834228,0.337824779901224,0,0,0,0.733251019969938,0.640970581919691,0,0.807869873308997,0,0,0
SLC6A7,0,0.919583422804381,0.473212368477561,0,0.871966931500966,0.943686922911746,0,0.836536396821988,0.965857848400258,0,0.429890487438265,0.473641829503972,0,0,0.764440627013099,0.892151599742323,0,0.704960274855057,0.925327464032639,0,0,0,0.887534893708396,0.940251234700451,0,0.0470796650203994,0,0,0
RAP2A,0,0.0436439768091046,0.288383079235559,0,0.416899291389306,0.352641185312433,0,0.510951256173502,0.539027270775177,0,0.259287094696156,0.662443633240283,0,0,0.579826068284303,0.390326390380073,0,0.565331758642903,0.302555293107151,0,0,0,0.190358599957054,0.48657934292463,0,0.752630448786773,0,0,0
KCNE3,0,0.801642688426025,0.80470259823921,0,0.594803521580417,0.526572901009233,0,0.74312862357741,0.730459523298261,0,0.617726003865149,0.465965213656861,0,0,0.752254670388662,0.664966716770453,0,0.727345930856775,0.820753704101353,0,0,0,0.687567103285377,0.602855915825639,0,0.59963495812755,0,0,0
GABRE,0,0.72863431393601,0.984539403049173,0,0.241088683701954,0.103500107365257,0,0.6920227614344,0.291013528022332,0,0.0519111015675327,0.0668348722353446,0,0,0.708073867296543,0.834120678548422,0,0.70979171140219,0.861284088468971,0,0,0,0.921247584281726,0.300193257461885,0,0.537363109297831,0,0,0
TNFRSF11A,0,0.874436332402834,0.526143439982822,0,0.750912604681125,0.802072149452437,0,0.78875885763367,0.681608331543912,0,0.351245436976594,0.280491732875242,0,0,0.734646768305776,0.697605754777754,0,0.679192613270346,0.908954262400687,0,0,0,0.743235988834013,0.860961992699163,0,0.32102211724286,0,0,0
GPR4,0,0.68080309211939,0.451685634528667,0,0.570216877818338,0.66775821344213,0,0.794986042516642,0.605003220957698,0,0.625134206570754,0.935258750268413,0,0,0.759233412067855,0.842978312218166,0,0.8804487867726,0.199967790423019,0,0,0,0.888608546274426,0.627388876959416,0,0.875617350225467,0,0,0
STAT1,0,0.737277217092549,0.855701095125617,0,0.759394459952759,0.566995920120249,0,0.923448572042087,0.755905089113163,0,0.6594374060554,0.849581275499248,0,0,0.926884260253382,0.933594588791067,0,0.944384797079665,0.882166630878248,0,0,0,0.892205282370625,0.679729439553361,0,0.490605540047241,0,0,0
ACTBL2,0,0.812110800944814,0.962958986471978,0,0.427474769164698,0.44529740176079,0,0.787255744041228,0.299602748550569,0,0.263528022331973,0.23008374490015,0,0,0.832295469186171,0.896607257891346,0,0.782370624865793,0.897627227829075,0,0,0,0.949377281511703,0.454423448572042,0,0.462851621215375,0,0,0
FPR1,0,0.957268627872021,0.990873953188748,0,0.447981533175864,0.19094910886837,0,0.93767446854198,0.350547562808675,0,0.172643332617565,0.195673180158901,0,0,0.939607043160833,0.898325101996994,0,0.937352372772171,0.981747906377496,0,0,0,0.872557440412283,0.354036933648271,0,0.848883401331329,0,0,0
NDUFS8,0,0.674414859351514,0.555024694009019,0,0.977560661369981,0.783444277431823,0,0.848722353446425,0.886353875885763,0,0.709040154605969,0.803360532531673,0,0,0.673663302555293,0.879106721065063,0,0.83986471977668,0.852372772170925,0,0,0,0.859512561735023,0.880770882542409,0,0.159652136568606,0,0,0
ALKBH7,0,0.822417865578699,0.29095984539403,0,0.938587073223105,0.965643117887052,0,0.899184024049817,0.81377496242216,0,0.814472836590079,0.856452651921838,0,0,0.888286450504617,0.89419153961778,0,0.843998282155894,0.836858492591797,0,0,0,0.804917328752416,0.923287524157183,0,0.0922804380502469,0,0,0
CIC,0,0.841582563882328,0.825853553789994,0,0.774694009018682,0.704960274855057,0,0.838307923555937,0.882059265621645,0,0.926884260253382,0.881092978312218,0,0,0.839542624006871,0.895855701095126,0,0.841475198625725,0.667328752415718,0,0,0,0.908632166630878,0.665288812540262,0,0.544234485720421,0,0,0
MAP3K2,0,0.882918187674469,0.200611981962637,0,0.988350869658578,0.984646768305776,0,0.610747262185957,0.985935151385012,0,0.258374490015031,0.487169851835946,0,0,0.51991625509985,0.427582134421301,0,0.0304380502469401,0.796972299763796,0,0,0,0.438372342709899,0.990068713764226,0,0.00832080738672965,0,0,0
TMEM71,0,0.664537255744041,0.967414644621001,0,0.272170925488512,0.111874597380288,0,0.63297187030277,0.291013528022332,0,0.27501610478849,0.163141507408203,0,0,0.647144084174361,0.716502039939875,0,0.649237706678119,0.854842173072794,0,0,0,0.818713764225896,0.300193257461885,0,0.500268413141507,0,0,0
GPATCH3,0,0.645748335838523,0.0388125402619712,0,0.986471977668027,0.947068928494739,0,0.760682843031995,0.925273781404338,0,0.896231479493236,0.975950182520936,0,0,0.765675327464033,0.84963495812755,0,0.714730513205927,0.109136783336912,0,0,0,0.868907021687782,0.954208718058836,0,0.273727721709255,0,0,0
COL17A1,0,0.832563882327679,0.90074082027056,0,0.554756280867511,0.417167704530814,0,0.834872235344642,0.438587073223105,0,0.0906699592012025,0.312647627227829,0,0,0.86557869873309,0.58551642688426,0,0.835677474769165,0.959845394030492,0,0,0,0.368316512776466,0.397305132059266,0,0.809158256388233,0,0,0
LPGAT1,0,0.858975735452008,0.426240068713764,0,0.761058621430105,0.866813399184024,0,0.712583208073867,0.798743826497745,0,0.268574189392313,0.284249516856345,0,0,0.683863001932575,0.390863216663088,0,0.674253811466609,0.921999141077947,0,0,0,0.202490873953189,0.893547348078162,0,0.589381576121967,0,0,0
HNF4A,0,0.665449860425166,0.10795576551428,0,0.531941163839382,0.810768735237277,0,0.440251234700451,0.924736955121323,0,0.614827141936869,0.657343783551643,0,0,0.396607257891346,0.443257461885334,0,0.3659544771312,0.319733734163625,0,0,0,0.52716340992055,0.937513420657075,0,0.0607150526089757,0,0,0
TACC2,0,0.952007730298475,0.82354520077303,0,0.919529740176079,0.860586214301052,0,0.97970796650204,0.951954047670174,0,0.79600601245437,0.399130341421516,0,0,0.9855056903586,0.967199914107795,0,0.941485935151385,0.97970796650204,0,0,0,0.873255314580202,0.874812110800945,0,0.0886300193257462,0,0,0
SMTN,0,0.643386300193257,0.784571612626154,0,0.638125402619712,0.438855486364612,0,0.785698947820485,0.761112304058407,0,0.624543697659437,0.292677689499678,0,0,0.64274210865364,0.822847326605111,0,0.680964140004295,0.812003435688211,0,0,0,0.791120893278935,0.775391883186601,0,0.103339059480352,0,0,0
HADHA,0,0.333047025982392,0.223373416362465,0,0.726218595662444,0.914644621000644,0,0.551320592656216,0.558460382220313,0,0.563882327678763,0.725520721494524,0,0,0.337985827786128,0.469347219239854,0,0.538436761863861,0.781565385441271,0,0,0,0.426401116598669,0.849044449216234,0,0.301696371054327,0,0,0
RCOR1,0,0.0403693364827142,0.360532531672751,0,0.529042301911102,0.391614773459309,0,0.216824135709684,0.420818123255315,0,0.312969722997638,0.937191324887267,0,0,0.172321236847756,0.152351299119605,0,0.617779686493451,0.137856989478205,0,0,0,0.252308353016964,0.549388018037363,0,0.917704530813829,0,0,0
ECM2,0,0.532048529095985,0.911853124328967,0,0.304648915610908,0.0143332617564956,0,0.613001932574619,0.406055400472407,0,0.16523512991196,0.122127979385871,0,0,0.598024479278505,0.544073437835516,0,0.638501181017823,0.866115525016105,0,0,0,0.51846682413571,0.148003006227185,0,0.682843031994846,0,0,0
MKI67,0,0.676669529740176,0.524747691646983,0,0.63297187030277,0.542999785269487,0,0.643010521795147,0.5869658578484,0,0.167167704530814,0.332080738672965,0,0,0.541389306420442,0.43332617564956,0,0.422589649989263,0.788436761863861,0,0,0,0.290852480137428,0.629858277861284,0,0.18660081597595,0,0,0
C10orf128,0,0.756495598024479,0.897734593085677,0,0.463012669100279,0.4094374060554,0,0.692291174575907,0.43767446854198,0,0.0956087610049388,0.440143869443848,0,0,0.674092763581705,0.654659652136569,0,0.671838093193043,0.785323169422375,0,0,0,0.722890272707752,0.445082671247584,0,0.681017822632596,0,0,0
ACAP1,0,0.701148808245652,0.49130341421516,0,0.744417006656646,0.806366759716556,0,0.737867726003865,0.685258750268413,0,0.949055185741894,0.935366115525016,0,0,0.749302125832081,0.863914537255744,0,0.78188748121108,0.3912926776895,0,0,0,0.895479922697015,0.726755421945459,0,0.236418295039725,0,0,0
FMO3,0,0.837556366759717,0.944438479707966,0,0.481050032209577,0.194277431823062,0,0.86847756066137,0.311090831007086,0,0.14204423448572,0.16340992054971,0,0,0.845930856774748,0.549119604895856,0,0.884206570753704,0.972514494309641,0,0,0,0.190358599957054,0.160350010736526,0,0.918992913893064,0,0,0
TTC39C,0,0.903854412712046,0.838898432467254,0,0.595394030491733,0.663463603178012,0,0.890165342495169,0.483573115739747,0,0.568015890057977,0.912712046381791,0,0,0.932091475198626,0.805239424522225,0,0.95544341850977,0.877603607472622,0,0,0,0.771043590294181,0.608277861284088,0,0.957483358385227,0,0,0
NUDT1,0,0.742913893064204,0.774586643762079,0,0.632918187674469,0.835248013742753,0,0.813238136139145,0.863377710972729,0,0.264601674898003,0.535376852050676,0,0,0.645265192183809,0.861498818982177,0,0.757032424307494,0.918617135494954,0,0,0,0.804380502469401,0.7862357741035,0,0.249946317371699,0,0,0
CD69,0,0.940519647841958,0.955872879536182,0,0.620678548421731,0.536128408846897,0,0.919905518574189,0.493450719347219,0,0.711777968649345,0.985827786128409,0,0,0.925649559802448,0.887105432681984,0,0.985720420871806,0.90868584925918,0,0,0,0.882220313506549,0.518037363109298,0,0.985666738243504,0,0,0
CTCF,0,0.413356237921409,0.445565814902298,0,0.4021902512347,0.502737814043376,0,0.448142581060769,0.489370839596307,0,0.965643117887052,0.520184668241357,0,0,0.497262185956624,0.582832295469186,0,0.337985827786128,0.141561090831007,0,0,0,0.72573545200773,0.53913463603178,0,0.296972299763796,0,0,0
RPS29,0,0.566834872235345,0.136729654283874,0,0.757783981103715,0.897144084174361,0,0.217468327249302,0.897519862572472,0,0.231318445351084,0.423663302555293,0,0,0.230566888554864,0.222246081168134,0,0.0020399398754563,0.213442130126691,0,0,0,0.344535108438909,0.957912819411638,0,0.0220098776036075,0,0,0
DR1,0,0.570861069357956,0.361552501610479,0,0.608599957053897,0.403693364827142,0,0.467844105647413,0.378140433755637,0,0.726648056688855,0.698840455228688,0,0,0.650042946102641,0.303092119390165,0,0.553897358814688,0.326766158471119,0,0,0,0.207859136783337,0.478204852909598,0,0.635387588576337,0,0,0
FSCN1,0,0.711080094481426,0.925971655572257,0,0.480191110156753,0.352587502684131,0,0.851406484861499,0.45361820914752,0,0.54310715052609,0.499194760575478,0,0,0.828484002576766,0.881576121966931,0,0.891185312432897,0.886461241142366,0,0,0,0.832939660725789,0.15074082027056,0,0.692666952974018,0,0,0
CHPT1,0,0.969615632381361,0.842978312218166,0,0.741840240498175,0.696907880609835,0,0.940090186815546,0.416469830362895,0,0.455389735881469,0.347272922482285,0,0,0.945082671247584,0.803682628301482,0,0.921945458449646,0.986525660296328,0,0,0,0.6340455228688,0.838468971440842,0,0.565009662873094,0,0,0
SDCBP2,0,0.973051320592656,0.785215804165772,0,0.97391024264548,0.93332617564956,0,0.914161477345931,0.922213871591153,0,0.755744041228259,0.630931930427314,0,0,0.891614773459309,0.821666308782478,0,0.813560231908954,0.973695512132274,0,0,0,0.678011595447713,0.929299978526949,0,0.103231694223749,0,0,0
GBP2,0,0.668187674468542,0.883455013957483,0,0.495168563452867,0.36160618423878,0,0.594266695297402,0.493880180373631,0,0.122020614129268,0.248443203779257,0,0,0.597433970367189,0.368584925917973,0,0.608385226540691,0.872664805668886,0,0,0,0.323223105003221,0.416845608761005,0,0.896875671032854,0,0,0
BICD1,0,0.888179085248014,0.789188318660082,0,0.411531028559158,0.398271419368692,0,0.81050032209577,0.433111445136354,0,0.407719561949753,0.60398325101997,0,0,0.841475198625725,0.820700021473051,0,0.831329181876745,0.296220742967576,0,0,0,0.842709899076659,0.141077947176294,0,0.873416362465106,0,0,0
GAPDH,0,0.838683701954048,0.423394889413786,0,0.912067854842173,0.823384152888125,0,0.788168348722353,0.477668026626584,0,0.714462100064419,0.810715052608976,0,0,0.74527592870947,0.708127549924844,0,0.860264118531243,0.695726862787202,0,0,0,0.713173716985184,0.724876529954907,0,0.796864934507193,0,0,0
GAS1,0,0.219669315009663,0.816727506978742,0,0.320324243074941,0.120034356882113,0,0.646553575263045,0.291013528022332,0,0.335355378999356,0.107579987116169,0,0,0.522278290745115,0.479439553360533,0,0.665718273566674,0.884474983895212,0,0,0,0.190358599957054,0.0691432252523084,0,0.594320377925703,0,0,0
TMEM184A,0,0.922643332617565,0.068660081597595,0,0.972514494309641,0.873255314580202,0,0.870249087395319,0.976164913034142,0,0.949538329396607,0.609083100708611,0,0,0.895802018466824,0.854788490444492,0,0.688694438479708,0.85360747262186,0,0,0,0.821451578269272,0.994524371913249,0,0.00681769379428817,0,0,0
IRAK2,0,0.991840240498175,0.923072793643977,0,0.900096628730943,0.975896499892635,0,0.980352158041658,0.992162336267984,0,0.802447927850548,0.705121322739961,0,0,0.962475842817264,0.994846467683058,0,0.962529525445566,0.978097487652996,0,0,0,0.993289671462315,0.956033927421087,0,0.24092763581705,0,0,0
RAD50,0,0.407773244578055,0.431393601030706,0,0.472568176937943,0.560231908954262,0,0.663893064204423,0.576873523727722,0,0.642205282370625,0.796220742967576,0,0,0.714515782692721,0.74892634743397,0,0.751019969937728,0.229600601245437,0,0,0,0.745222246081168,0.528559158256388,0,0.655679622074297,0,0,0
ITGB4,0,0.915342495168563,0.872986901438694,0,0.669476057547778,0.644298904874383,0,0.865900794502899,0.657665879321452,0,0.708771741464462,0.507354520077303,0,0,0.902404981747906,0.868531243289671,0,0.777431823062057,0.827249302125832,0,0,0,0.899613485076229,0.735720420871806,0,0.224554434185098,0,0,0
ST18,0,0.415127764655358,0.361391453725574,0,0.292946102641185,0.321719991410779,0,0.416899291389306,0.291013528022332,0,0.46086536396822,0.475091260468113,0,0,0.39204423448572,0.479654283873738,0,0.575638823276788,0.235559372986901,0,0,0,0.599312862357741,0.421193901653425,0,0.763742752845179,0,0,0
TMPRSS4,0,0.417597165557226,0.139038007300837,0,0.833798582778613,0.851138071719991,0,0.13114666094052,0.692183809319304,0,0.783444277431823,0.495866437620786,0,0,0.139682198840455,0.15868584925918,0,0.0172858063130771,0.229815331758643,0,0,0,0.260790208288598,0.753220957698089,0,0.206194975305991,0,0,0
LNPEP,0,0.930373631092978,0.264709040154606,0,0.52791496671677,0.464086321666309,0,0.907773244578055,0.601191754348293,0,0.991410779471763,0.981264762722783,0,0,0.94782048529096,0.92248228473266,0,0.947068928494739,0.290100923341207,0,0,0,0.906109083100709,0.562754992484432,0,0.760843890916899,0,0,0
CLSTN1,0,0.595716126261542,0.461294824994632,0,0.806903585999571,0.732660511058621,0,0.531189607043161,0.672052823706249,0,0.766212153747047,0.500214730513206,0,0,0.521580416577196,0.604251664161477,0,0.377872020614129,0.352104359029418,0,0,0,0.731694223749195,0.745812754992484,0,0.200773029847541,0,0,0
EDF1,0,0.476111230405841,0.0710221172428602,0,0.721172428602104,0.56667382435044,0,0.724554434185098,0.56194975305991,0,0.746779042301911,0.446478419583423,0,0,0.517232123684776,0.719722997637964,0,0.338522654069143,0.203296113377711,0,0,0,0.540637749624222,0.762239639252738,0,0.0162121537470475,0,0,0
TNIP1,0,0.986901438694438,0.836482714193687,0,0.734539403049173,0.960704316083315,0,0.957107579987116,0.860371483787846,0,0.698786772600386,0.734002576766158,0,0,0.951578269272064,0.983143654713335,0,0.906001717844106,0.850279149667168,0,0,0,0.988834013313292,0.952329826068284,0,0.035215804165772,0,0,0
EEF1D,0,0.453296113377711,0.0120249087395319,0,0.943150096628731,0.943418509770238,0,0.349420227614344,0.954530813828645,0,0.919100279149667,0.710274855056904,0,0,0.547723856560017,0.387964354734808,0,0.00144943096414,0.179461026411853,0,0,0,0.454101352802233,0.99565170710758,0,0.000161047884904445,0,0,0
ZHX1,0,0.69239853983251,0.766695297401761,0,0.457859136783337,0.503918831866008,0,0.72933218810393,0.705389735881469,0,0.721762937513421,0.546113377710973,0,0,0.767500536826283,0.821719991410779,0,0.536450504616706,0.324618853339059,0,0,0,0.88984324672536,0.679192613270346,0,0.099420227614344,0,0,0
C4orf3,0,0.770077302984754,0.186922911745759,0,0.939392312647627,0.811735022546704,0,0.705980244792785,0.964462100064419,0,0.565492806527808,0.805829933433541,0,0,0.792462958986472,0.415825638823277,0,0.604144298904874,0.642151599742323,0,0,0,0.255207214945244,0.815600171784411,0,0.655411208932789,0,0,0
SPATA24,0,0.0486364612411424,0.164590938372343,0,0.507193472192399,0.752630448786773,0,0.268305776250805,0.766641614773459,0,0.682306205711832,0.777324457805454,0,0,0.271634099205497,0.245973802877389,0,0.431500966287309,0.162389950611982,0,0,0,0.255207214945244,0.707859136783337,0,0.743558084603822,0,0,0
EXOC1,0,0.18912389950612,0.663624651062916,0,0.473266051105862,0.365095555078377,0,0.0509448142581061,0.451792999785269,0,0.509233412067855,0.561251878891991,0,0,0.16813399184024,0.145748335838523,0,0.276197122611123,0.565385441271205,0,0,0,0.195834228043805,0.0844964569465321,0,0.584603822203135,0,0,0
IGF2BP3,0,0.523137212797939,0.578430319948465,0,0.487438264977453,0.588093193042731,0,0.582939660725789,0.684399828215589,0,0.509126046811252,0.363377710972729,0,0,0.605003220957698,0.612089327893494,0,0.621322739961348,0.775499248443204,0,0,0,0.58116813399184,0.737599312862358,0,0.265192183809319,0,0,0
NAA16,0,0.71521365686064,0.888232767876315,0,0.646231479493236,0.460006441915396,0,0.497369551213227,0.709040154605969,0,0.205282370624866,0.35070861069358,0,0,0.526841314150741,0.630824565170711,0,0.314258106076874,0.730888984324673,0,0,0,0.768091045737599,0.465535752630449,0,0.170925488511918,0,0,0
CYC1,0,0.884313936010307,0.010360747262186,0,0.90326390380073,0.920549710113807,0,0.857365256602963,0.859029418080309,0,0.947713120034357,0.766265836375349,0,0,0.863270345716126,0.866706033927421,0,0.630395104144299,0.048368048099635,0,0,0,0.773781404337556,0.767285806313077,0,0.132810822417866,0,0,0
CDK13,0,0.868262830148164,0.605003220957698,0,0.548045952329826,0.624490015031136,0,0.744739102426455,0.599151814472837,0,0.307064633884475,0.486418295039725,0,0,0.768949967790423,0.664590938372343,0,0.757086106935796,0.672213871591153,0,0,0,0.642956839166846,0.47970796650204,0,0.920120249087395,0,0,0
LMAN2L,0,0.535108438909169,0.365310285591583,0,0.579557655142796,0.624167919261327,0,0.801374275284518,0.429461026411853,0,0.780974876529955,0.579396607257891,0,0,0.817264333261757,0.719293536611552,0,0.753543053467898,0.738350869658578,0,0,0,0.486096199269916,0.368960704316083,0,0.405035430534679,0,0,0
NOC4L,0,0.840831007086107,0.59383723427099,0,0.642688426025338,0.387051750053683,0,0.778505475628087,0.530867511273352,0,0.799549065922268,0.581007086106936,0,0,0.825746188533391,0.507569250590509,0,0.742054971011381,0.820592656216448,0,0,0,0.289725144943096,0.128945673180159,0,0.853392742108654,0,0,0
MIER1,0,0.833852265406914,0.968327249302126,0,0.406914322525231,0.499033712690573,0,0.668885548636461,0.520184668241357,0,0.863431393601031,0.208825424092764,0,0,0.732875241571827,0.856452651921838,0,0.516534249516856,0.856935795576551,0,0,0,0.934292462958986,0.395748335838523,0,0.106452651921838,0,0,0
RASSF2,0,0.98078161906807,0.985988834013313,0,0.867618638608546,0.367189177582134,0,0.993289671462315,0.664966716770453,0,0.285001073652566,0.299602748550569,0,0,0.98878033068499,0.964086321666309,0,0.989746617994417,0.997799012239639,0,0,0,0.752308353016964,0.369980674253811,0,0.838307923555937,0,0,0
IRF6,0,0.604144298904874,0.0587287953618209,0,0.721762937513421,0.824565170710758,0,0.61267983680481,0.822364182950397,0,0.60725789134636,0.686869229117458,0,0,0.674307494094911,0.461026411853124,0,0.431608331543912,0.33948894137857,0,0,0,0.353124328967146,0.815868584925918,0,0.120571183165128,0,0,0
HIPK3,0,0.795361820914752,0.54745544341851,0,0.870141722138716,0.843783551642688,0,0.676025338200558,0.814741249731587,0,0.457375993128624,0.337824779901224,0,0,0.577034571612626,0.700397251449431,0,0.402351299119605,0.878891990551857,0,0,0,0.667436117672321,0.801589005797724,0,0.0429461026411853,0,0,0
RTN4,0,0.848078161906807,0.827034571612626,0,0.525230835301696,0.494739102426455,0,0.824618853339059,0.528183379858278,0,0.587878462529525,0.771150955550784,0,0,0.895694653210221,0.784303199484647,0,0.844588791067211,0.769164698303629,0,0,0,0.765192183809319,0.521956194975306,0,0.608814687567103,0,0,0
PSMD13,0,0.565117028129697,0.0815975950182521,0,0.869282800085892,0.886031780115955,0,0.409330040798798,0.843944599527593,0,0.608224178655787,0.911531028559158,0,0,0.338146875671033,0.327034571612626,0,0.493719132488727,0.0775177152673395,0,0,0,0.401223963925274,0.912604681125188,0,0.653908095340348,0,0,0
HLX,0,0.292624006871376,0.756441915396178,0,0.289671462314795,0.000268413141507408,0,0.502362035645265,0.356828430319948,0,0.25617350225467,0.330148164054112,0,0,0.336160618423878,0.404230191110157,0,0.67683057762508,0.796328108224179,0,0,0,0.298743826497745,0.302931071505261,0,0.729171140219025,0,0,0
DCUN1D1,0,0.279203349796006,0.276572901009233,0,0.432467253596736,0.706785484217307,0,0.146499892634743,0.58551642688426,0,0.127335194331114,0.281082241786558,0,0,0.118745973802877,0.109619926991626,0,0.0434292462958987,0.375187889199055,0,0,0,0.190358599957054,0.74382649774533,0,0.220474554434185,0,0,0
FOXN1,0,0.588361606184239,0.246295898647198,0,0.71703886622289,0.854734807816191,0,0.394621000644192,0.853231694223749,0,0.781833798582779,0.644674683272493,0,0,0.380126691002792,0.39746617994417,0,0.187835516426884,0.373845823491518,0,0,0,0.437942881683487,0.855217951470904,0,0.0587287953618209,0,0,0
SLC39A13,0,0.857204208718059,0.881468756710329,0,0.72535967360962,0.689445995275929,0,0.964247369551213,0.76342065707537,0,0.762185956624436,0.790154605969508,0,0,0.968917758213442,0.980942666952974,0,0.950504616706034,0.800998496886408,0,0,0,0.966931500966287,0.600332832295469,0,0.445726862787202,0,0,0
KIAA1211,0,0.481211080094481,0.132542409276358,0,0.813452866652351,0.808889843246725,0,0.223212368477561,0.827464032639038,0,0.279847541335624,0.297884904444922,0,0,0.128945673180159,0.130609834657505,0,0.0282907451148808,0.562271848829719,0,0,0,0.190358599957054,0.913087824779901,0,0.0752093622503758,0,0,0
SERPINB6,0,0.958234915181447,0.877442559587717,0,0.786128408846897,0.781458020184668,0,0.945673180158901,0.709523298260683,0,0.912228902727078,0.844320377925703,0,0,0.924575907236418,0.964354734807816,0,0.935795576551428,0.559319304273137,0,0,0,0.983358385226541,0.864182950397251,0,0.788329396607258,0,0,0
GJB3,0,0.788383079235559,0.813989692935366,0,0.726487008803951,0.465857848400258,0,0.786987330899721,0.73405625939446,0,0.141561090831007,0.603768520506764,0,0,0.76411853124329,0.475198625724715,0,0.834335409061628,0.927796864934507,0,0,0,0.231694223749195,0.637373845823492,0,0.887534893708396,0,0,0
ANO9,0,0.511112304058407,0.0432681984109942,0,0.75107365256603,0.932091475198626,0,0.533068499033713,0.801535323169422,0,0.92210650633455,0.804756280867511,0,0,0.530277002362036,0.61015675327464,0,0.292194545844965,0.0992591797294396,0,0,0,0.718166201417221,0.941324887266481,0,0.0548636461241142,0,0,0
NEDD4L,0,0.990498174790638,0.566190680695727,0,0.877872020614129,0.984807816190681,0,0.960919046596521,0.979278505475628,0,0.918026626583638,0.966340992054971,0,0,0.96628730942667,0.991035001073653,0,0.967522009877604,0.865149237706678,0,0,0,0.996456946532102,0.965857848400258,0,0.571881039295684,0,0,0
LSM5,0,0.38334764870088,0.438801803736311,0,0.705013957483358,0.572364182950397,0,0.777324457805454,0.548475413356238,0,0.581275499248443,0.778398110371484,0,0,0.78151170281297,0.581436547133348,0,0.766856345286665,0.708610693579558,0,0,0,0.33911316298046,0.502147305132059,0,0.67210650633455,0,0,0
PFKL,0,0.91088683701954,0.558782477990122,0,0.888501181017823,0.685795576551428,0,0.780223319733734,0.811305561520292,0,0.425434829289242,0.691163839381576,0,0,0.828537685205068,0.687513420657075,0,0.801213227399614,0.886407558514065,0,0,0,0.711563238136139,0.798045952329826,0,0.477506978741679,0,0,0
TGOLN2,0,0.842602533820056,0.014709040154606,0,0.844266695297402,0.780223319733734,0,0.849044449216234,0.644352587502684,0,0.804219454584497,0.684829289242001,0,0,0.878462529525446,0.797884904444922,0,0.577947176293751,0.0756925059050891,0,0,0,0.671086536396822,0.799441700665665,0,0.0622181662014172,0,0,0
FLNB,0,0.992591797294396,0.776036074726219,0,0.931447283659008,0.992162336267984,0,0.987975091260468,0.857794717629375,0,0.801589005797724,0.844374060554005,0,0,0.983626798368048,0.993450719347219,0,0.988672965428387,0.976916469830363,0,0,0,0.988350869658578,0.954960274855057,0,0.471601889628516,0,0,0
PTPN1,0,0.981050032209577,0.970313506549281,0,0.849957053897359,0.692452222460812,0,0.995544341850977,0.683165127764655,0,0.995007515567962,0.95796650203994,0,0,0.979922697015246,0.995544341850977,0,0.995812754992484,0.933218810392957,0,0,0,0.991840240498175,0.455765514279579,0,0.957000214730513,0,0,0
RAC3,0,0.942344857204209,0.0560983465750483,0,0.982714193686923,0.920710757998712,0,0.860210435902942,0.977345930856775,0,0.522868799656431,0.824082027056045,0,0,0.850279149667168,0.821129482499463,0,0.741464462100064,0.372074296757569,0,0,0,0.807333047025982,0.885602319089543,0,0.258535537899936,0,0,0
KIDINS220,0,0.341475198625725,0.372503757783981,0,0.514386944384797,0.58261756495598,0,0.150311359244149,0.626476272278291,0,0.159652136568606,0.308406699592012,0,0,0.101406484861499,0.109619926991626,0,0.00880395104144299,0.349151814472837,0,0,0,0.190358599957054,0.785484217307279,0,0.0520721494524372,0,0,0
HECTD3,0,0.294771312003436,0.0132059265621645,0,0.91013528022332,0.886407558514065,0,0.281780115954477,0.797723856560017,0,0.843031994846468,0.835731157397466,0,0,0.235827786128409,0.248496886407559,0,0.0822417865578699,0.107043160833154,0,0,0,0.190358599957054,0.880878247799012,0,0.259340777324458,0,0,0
JMJD1C,0,0.838093193042731,0.359083100708611,0,0.977131200343569,0.908149022976165,0,0.671515997423234,0.982553145802018,0,0.597058191969079,0.916845608761005,0,0,0.658793214515783,0.707805454155035,0,0.726003865149238,0.329396607257891,0,0,0,0.788597809748765,0.899184024049817,0,0.827839811037148,0,0,0
DGUOK,0,0.033551642688426,0.243719132488727,0,0.547187030277002,0.593515138501181,0,0.585731157397466,0.564580201846682,0,0.397895640970582,0.823276787631522,0,0,0.501664161477346,0.579826068284303,0,0.64891561090831,0.254187245007516,0,0,0,0.439231264762723,0.577625080523942,0,0.236364612411424,0,0,0
RPL30,0,0.803092119390165,0.76197122611123,0,0.563077088254241,0.609619926991625,0,0.798099634958128,0.787738887695942,0,0.465643117887052,0.623416362465106,0,0,0.685527163409921,0.582456517071076,0,0.832188103929568,0.9347756066137,0,0,0,0.306098346575048,0.555883616061842,0,0.882918187674469,0,0,0
PHPT1,0,0.605056903586,0.106291604036934,0,0.840723641829504,0.508911316298046,0,0.77066781189607,0.503865149237707,0,0.851943311144514,0.465535752630449,0,0,0.659544771312003,0.795039725144943,0,0.466716770453081,0.243182306205712,0,0,0,0.688479707966502,0.781296972299764,0,0.0390272707751772,0,0,0
LSM3,0,0.948786772600386,0.462744255958772,0,0.959093837234271,0.95071934721924,0,0.987008803951041,0.947981533175864,0,0.757730298475413,0.801213227399614,0,0,0.96918617135495,0.957107579987116,0,0.941324887266481,0.949967790423019,0,0,0,0.793268198410994,0.857848400257677,0,0.243021258320807,0,0,0
WIPF2,0,0.305990981318445,0.051266910027915,0,0.729171140219025,0.785698947820485,0,0.188318660081598,0.908149022976165,0,0.654659652136569,0.854573759931286,0,0,0.350815975950183,0.225198625724715,0,0.0412819411638394,0.0607150526089757,0,0,0,0.278559158256388,0.87824779901224,0,0.178011595447713,0,0,0
IFT88,0,0.688962851621215,0.823759931286236,0,0.643976809104574,0.637481211080094,0,0.545200773029848,0.6014601674898,0,0.137803306849903,0.294824994631737,0,0,0.50832080738673,0.618745973802877,0,0.24420227614344,0.776197122611123,0,0,0,0.762293321881039,0.7210113807172,0,0.0693579557655143,0,0,0
FGFBP1,0,0.602211724286021,0.371054326819841,0,0.589327893493665,0.853875885763367,0,0.570163195190037,0.828752415718274,0,0.321236847756066,0.483519433111445,0,0,0.742054971011381,0.625080523942452,0,0.493558084603822,0.598131844535108,0,0,0,0.639360103070646,0.828859780974877,0,0.228043805024694,0,0,0
RBM26,0,0.534464247369551,0.157826927206356,0,0.633884474983895,0.726218595662444,0,0.240712905303844,0.844535108438909,0,0.296489156109083,0.832349151814473,0,0,0.218327249302126,0.254509340777324,0,0.236847756066137,0.0659759501825209,0,0,0,0.38334764870088,0.707429675756925,0,0.708503328322955,0,0,0
ETNK2,0,0.659168992913893,0.393064204423449,0,0.869390165342495,0.837556366759717,0,0.421408632166631,0.715374704745544,0,0.689821773674039,0.572954691861714,0,0,0.540047240712905,0.486257247154821,0,0.245168563452867,0.728365900794503,0,0,0,0.595984539403049,0.867779686493451,0,0.0512132273996135,0,0,0
SHOC2,0,0.839166845608761,0.511810178226326,0,0.7427528451793,0.421891775821344,0,0.946048958557011,0.659276358170496,0,0.273620356452652,0.734646768305776,0,0,0.942881683487224,0.725896499892635,0,0.933648271419369,0.910188962851621,0,0,0,0.315492806527808,0.718541979815332,0,0.824243074940949,0,0,0
PLCB2,0,0.935580846038222,0.542355593729869,0,0.609619926991625,0.686278720206141,0,0.902404981747906,0.588630019325746,0,0.960382220313507,0.526948679407344,0,0,0.920388662228903,0.949914107794718,0,0.703027700236204,0.175971655572257,0,0,0,0.964086321666309,0.564794932359888,0,0.107150526089757,0,0,0
MORC3,0,0.533927421086536,0.408793214515783,0,0.921838093193043,0.752576766158471,0,0.77281511702813,0.658363753489371,0,0.4094374060554,0.931393601030706,0,0,0.858761004938802,0.69637105432682,0,0.858975735452008,0.6014601674898,0,0,0,0.639360103070646,0.529471762937513,0,0.947927850547563,0,0,0
RUFY2,0,0.205765514279579,0.431017822632596,0,0.565546489156109,0.596467683057763,0,0.438855486364612,0.494739102426455,0,0.319733734163625,0.23947820485291,0,0,0.308299334335409,0.40616276572901,0,0.294771312003436,0.784195834228044,0,0,0,0.262185956624436,0.521473051320593,0,0.149613485076229,0,0,0
C2orf43,0,0.482070002147305,0.865417650848186,0,0.241088683701954,0.351567532746403,0,0.587234270989908,0.291013528022332,0,0.573223105003221,0.598346575048314,0,0,0.664107794717629,0.790691432252523,0,0.781458020184668,0.836267983680481,0,0,0,0.89601674898003,0.126529954906592,0,0.695082671247584,0,0,0
ARHGAP25,0,0.683272493021258,0.642312647627228,0,0.525069787416792,0.380180373631093,0,0.853500107365257,0.371591153102856,0,0.373953188748121,0.922697015245866,0,0,0.805668885548636,0.594857204208718,0,0.954262400687138,0.825799871161692,0,0,0,0.190358599957054,0.0777861284088469,0,0.994846467683058,0,0,0
ZNF608,0,0.984378355164269,0.561842387803307,0,0.925273781404338,0.846575048314365,0,0.968273566673824,0.808675112733519,0,0.694331114451364,0.455013957483358,0,0,0.966233626798368,0.887481211080094,0,0.945190036504187,0.992054971011381,0,0,0,0.716985183594589,0.88624651062916,0,0.297777539188319,0,0,0
ITGA6,0,0.88152243933863,0.586267983680481,0,0.50832080738673,0.595823491518145,0,0.777431823062057,0.724930212583208,0,0.526572901009233,0.434453510843891,0,0,0.787470474554434,0.570914751986257,0,0.834013313291819,0.906109083100709,0,0,0,0.487975091260468,0.681769379428817,0,0.872986901438694,0,0,0
SERF2,0,0.877925703242431,0.35253382005583,0,0.911208932789349,0.949753059909813,0,0.789617779686493,0.855754777753919,0,0.530921193901653,0.508857633669744,0,0,0.784195834228044,0.783820055829933,0,0.718219884045523,0.802286879965643,0,0,0,0.816512776465536,0.948464676830578,0,0.342548851191754,0,0,0
PUM1,0,0.795898647197767,0.123738458234915,0,0.417060339274211,0.807064633884475,0,0.758803951041443,0.567908524801374,0,0.900955550783766,0.293966072578913,0,0,0.684292462958986,0.72353446424737,0,0.381468756710329,0.374704745544342,0,0,0,0.813130770882542,0.88297187030277,0,0.032209576980889,0,0,0
CARD10,0,0.972782907451149,0.935258750268413,0,0.755529310715053,0.855969508267125,0,0.932145157826927,0.82537041013528,0,0.757354520077303,0.735559372986901,0,0,0.940734378355164,0.985666738243504,0,0.866276572901009,0.865793429246296,0,0,0,0.994470689284947,0.85290959845394,0,0.0698410994202276,0,0,0
SMARCA2,0,0.869765943740606,0.77716340992055,0,0.911638393815761,0.458557010951256,0,0.906431178870517,0.291013528022332,0,0.455658149022976,0.689445995275929,0,0,0.909705819196908,0.647734593085677,0,0.935527163409921,0.965750483143655,0,0,0,0.190358599957054,0.097863431393601,0,0.969454584496457,0,0,0
MAN1A2,0,0.398056688855486,0.471709254885119,0,0.714730513205927,0.543966072578913,0,0.226862787202061,0.700665664590938,0,0.118370195404767,0.51776894996779,0,0,0.101406484861499,0.109619926991626,0,0.406377496242216,0.458503328322955,0,0,0,0.190358599957054,0.753757783981104,0,0.598346575048314,0,0,0
CPN2,0,0.649237706678119,0.824404122825854,0,0.601835945887911,0.675381146660941,0,0.727131200343569,0.794771312003436,0,0.615900794502899,0.565492806527808,0,0,0.741249731586858,0.771473051320593,0,0.754885119175435,0.852587502684131,0,0,0,0.760307064633884,0.5217414644621,0,0.602319089542624,0,0,0
VAV3,0,0.913302555293107,0.489692935366116,0,0.838361606184239,0.877603607472622,0,0.933916684560876,0.804971011380717,0,0.638179085248014,0.791926132703457,0,0,0.896607257891346,0.759126046811252,0,0.952490873953189,0.956356023190895,0,0,0,0.41813399184024,0.795522868799656,0,0.91775821344213,0,0,0
ASB13,0,0.517929997852695,0.136139145372557,0,0.817210650633455,0.907182735666738,0,0.363431393601031,0.78730942666953,0,0.368423878033068,0.424200128838308,0,0,0.27936439768091,0.306420442344857,0,0.0147627227829075,0.385978097487653,0,0,0,0.320538973588147,0.896821988404552,0,0.0372557440412283,0,0,0
TNFSF9,0,0.794234485720421,0.175917972943955,0,0.610425166416148,0.591099420227614,0,0.882703457161263,0.579503972514494,0,0.521580416577196,0.988672965428387,0,0,0.893010521795147,0.784517929997853,0,0.966502039939875,0.0830470259823921,0,0,0,0.609190465965214,0.458181232553146,0,0.995544341850977,0,0,0
CXCL12,0,0.884743397036719,0.974178655786987,0,0.43370195404767,0.478849044449216,0,0.947176293751342,0.50289886192828,0,0.0519111015675327,0.162604681125188,0,0,0.889467468327249,0.94674683272493,0,0.944277431823062,0.976862787202061,0,0,0,0.882220313506549,0.479171140219025,0,0.790423019111016,0,0,0
SMURF1,0,0.524855056903586,0.720152458664376,0,0.719508267124758,0.69057333047026,0,0.900257676615847,0.440465965213657,0,0.229600601245437,0.575048314365471,0,0,0.816244363324028,0.853875885763367,0,0.947552072149452,0.952490873953189,0,0,0,0.620356452651922,0.523029847541336,0,0.863699806742538,0,0,0
GFI1,0,0.388715911531029,0.484754133562379,0,0.333315439123899,0.198947820485291,0,0.578108224178656,0.294288168348722,0,0.292194545844965,0.507837663732016,0,0,0.534517929997853,0.378462529525446,0,0.723963925273781,0.343622503757784,0,0,0,0.190358599957054,0.106828430319948,0,0.920764440627013,0,0,0
SLC12A6,0,0.575692505905089,0.38007300837449,0,0.826766158471119,0.767554219454584,0,0.561305561520292,0.718166201417221,0,0.61305561520292,0.83186600815976,0,0,0.571988404552287,0.644352587502684,0,0.480942666952974,0.25617350225467,0,0,0,0.757139789564097,0.706248657934292,0,0.606828430319948,0,0,0
N4BP1,0,0.702651921838093,0.11305561520292,0,0.922643332617565,0.952276143439983,0,0.747047455443419,0.910457375993129,0,0.562432896714623,0.781672750697874,0,0,0.600279149667168,0.489961348507623,0,0.793805024694009,0.593944599527593,0,0,0,0.190358599957054,0.819894782048529,0,0.90723641829504,0,0,0
FBXW11,0,0.737599312862358,0.581221816620142,0,0.899828215589435,0.471870302770024,0,0.499516856345287,0.818552716340992,0,0.510360747262186,0.787631522439339,0,0,0.464784195834228,0.47718488297187,0,0.457698088898432,0.450343568821129,0,0,0,0.536987330899721,0.583905948035216,0,0.256602963281082,0,0,0
GFRA1,0,0.16158471118746,0.765514279579128,0,0.246671677045308,0.0124006871376423,0,0.793053467897788,0.291013528022332,0,0.0519111015675327,0.0682306205711832,0,0,0.517178441056474,0.715159974232338,0,0.819894782048529,0.921247584281726,0,0,0,0.190358599957054,0.0119712261112304,0,0.557655142795791,0,0,0
AFF4,0,0.665664590938372,0.58911316298046,0,0.835784840025768,0.78913463603178,0,0.607043160833154,0.932091475198626,0,0.117994417006657,0.343354090616277,0,0,0.587502684131415,0.592870946961563,0,0.354090616276573,0.80615202920335,0,0,0,0.636139145372557,0.868155464891561,0,0.120839596306635,0,0,0
SLC7A1,0,0.977936439768091,0.955980244792785,0,0.782477990122396,0.951309856130556,0,0.95544341850977,0.918939231264763,0,0.0727936439768091,0.295737599312862,0,0,0.933863001932575,0.985237277217093,0,0.910618423878033,0.969239853983251,0,0,0,0.98878033068499,0.887373845823492,0,0.178494739102426,0,0,0
NACC1,0,0.687245007515568,0.0379536182091475,0,0.833154391238995,0.860747262185957,0,0.645855701095126,0.660242645479923,0,0.968703027700236,0.909705819196908,0,0,0.779632810822418,0.794073437835516,0,0.619390165342495,0.0557762508052394,0,0,0,0.780760146016749,0.456731801589006,0,0.714247369551213,0,0,0
RGS1,0,0.285537899935581,0.271150955550784,0,0.256280867511273,0.283927421086536,0,0.381200343568821,0.291013528022332,0,0.290423019111016,0.940680695726863,0,0,0.334872235344642,0.373094266695297,0,0.870034356882113,0.067318015890058,0,0,0,0.486096199269916,0.119390165342495,0,0.987652995490659,0,0,0
SPON1,0,0.346950826712476,0.753650418724501,0,0.308621430105218,0.405948035215804,0,0.254401975520721,0.43225252308353,0,0.701524586643762,0.211616920764441,0,0,0.268198410994202,0.320431608331544,0,0.230352158041658,0.64891561090831,0,0,0,0.452598239209792,0.453135065492807,0,0.226218595662444,0,0,0
TACC1,0,0.347917114021903,0.396768305776251,0,0.28661155250161,0.289510414429891,0,0.801911101567533,0.312057118316513,0,0.712100064419154,0.865847111874597,0,0,0.81339918402405,0.827088254240928,0,0.943525875026841,0.275552931071505,0,0,0,0.804917328752416,0.121859566244363,0,0.959523298260683,0,0,0
MPV17L2,0,0.879804595232983,0.054165771956195,0,0.829128194116384,0.804863646124114,0,0.855056903586,0.764923770667812,0,0.993074940949109,0.954155035430535,0,0,0.87427528451793,0.942452222460812,0,0.911101567532746,0.233948894137857,0,0,0,0.972997637964355,0.797992269701525,0,0.411208932789349,0,0,0
TBX21,0,0.517876315224393,0.743772815117028,0,0.494631737169852,0.429461026411853,0,0.477506978741679,0.431339918402405,0,0.528505475628087,0.593354090616277,0,0,0.476164913034142,0.518413141507408,0,0.571719991410779,0.660457375993129,0,0,0,0.543268198410994,0.30110586214301,0,0.740390809534035,0,0,0
DHRS11,0,0.484324672535967,0.0578161906806957,0,0.474393386300193,0.768359458879107,0,0.399345071934722,0.714569465321022,0,0.520184668241357,0.563828645050462,0,0,0.542140863216663,0.402351299119605,0,0.327088254240928,0.116813399184024,0,0,0,0.402297616491303,0.710757998711617,0,0.238243504401976,0,0,0
TSHZ1,0,0.603392742108654,0.130126691002792,0,0.841797294395534,0.86665235129912,0,0.598239209791711,0.767554219454584,0,0.325316727506979,0.654444921623363,0,0,0.519433111445136,0.315063345501396,0,0.612948249946317,0.268896285162122,0,0,0,0.220904015460597,0.857204208718059,0,0.883777109727292,0,0,0
SLC25A10,0,0.745114880824565,0.413893064204423,0,0.241088683701954,0.00917972943955336,0,0.798475413356238,0.653049173287524,0,0.916094051964784,0.410350010736526,0,0,0.803092119390165,0.912121537470475,0,0.75397251449431,0.206570753704101,0,0,0,0.967844105647413,0.376154176508482,0,0.28768520506764,0,0,0
MAD2L1BP,0,0.561466609405196,0.331651277646554,0,0.721226111230406,0.778666523512991,0,0.745061198196264,0.594481425810608,0,0.925112733519433,0.972299763796435,0,0,0.830631307708825,0.773996134850762,0,0.868907021687782,0.334174361176723,0,0,0,0.72680910457376,0.559587717414645,0,0.902458664376208,0,0,0
PRKCB,0,0.181125187889199,0.513742752845179,0,0.308460382220314,0.401170281296972,0,0.202007730298475,0.346575048314365,0,0.117726003865149,0.89746617994417,0,0,0.101406484861499,0.109619926991626,0,0.723319733734164,0.336643762078591,0,0,0,0.190358599957054,0.365525016104788,0,0.993880180373631,0,0,0
SEPT4,0,0.685312432896715,0.575799871161692,0,0.241088683701954,0.283551642688426,0,0.642581060768735,0.291013528022332,0,0.390057977238566,0.570324243074941,0,0,0.724661799441701,0.849044449216234,0,0.743611767232124,0.466985183594589,0,0,0,0.930158900579772,0.0571719991410779,0,0.700182520936225,0,0,0
CCL2,0,0.982284732660511,0.997530599098132,0,0.460489585570109,0.000161047884904445,0,0.98078161906807,0.291013528022332,0,0.111552501610479,0.215965213656861,0,0,0.982445780545416,0.963334764870088,0,0.982445780545416,0.993182306205712,0,0,0,0.931930427313721,0.0961992699162551,0,0.926723212368478,0,0,0
TMPRSS2,0,0.630985613055615,0.138823276787632,0,0.870893278934937,0.930534678977883,0,0.220259823920979,0.972782907451149,0,0.775767661584711,0.401599742323384,0,0,0.13442130126691,0.168348722353446,0,0.0171247584281726,0.393869443847971,0,0,0,0.236847756066137,0.980888984324673,0,0.0215804165771956,0,0,0
HBEGF,0,0.845125617350226,0.149452437191325,0,0.727238565600172,0.873416362465106,0,0.785967360961993,0.824296757569251,0,0.949162550998497,0.95361820914752,0,0,0.891400042946103,0.905894352587503,0,0.877818337985828,0.323169422374919,0,0,0,0.936332402834443,0.655250161047885,0,0.823652566029633,0,0,0
USP49,0,0.651868155464892,0.613538758857634,0,0.700665664590938,0.409866867081812,0,0.883991840240498,0.572847326605111,0,0.607096843461456,0.721709254885119,0,0,0.908524801374275,0.887373845823492,0,0.810392956839167,0.815117028129697,0,0,0,0.834120678548422,0.687620785913678,0,0.137910672106506,0,0,0
CLOCK,0,0.276411853124329,0.255260897573545,0,0.410296328108224,0.556849903371269,0,0.311144513635388,0.600225467038866,0,0.388876959415933,0.166523512991196,0,0,0.243182306205712,0.328430319948465,0,0.0296864934507193,0.223319733734164,0,0,0,0.276197122611123,0.534732660511059,0,0.242269701524587,0,0,0
MPDU1,0,0.815761219669315,0.527753918831866,0,0.889091689929139,0.918509770238351,0,0.892312647627228,0.834711187459738,0,0.889091689929139,0.964247369551213,0,0,0.925488511917543,0.975198625724715,0,0.802072149452437,0.207859136783337,0,0,0,0.989531887481211,0.795200773029848,0,0.159115310285592,0,0,0
FAM195A,0,0.778720206141293,0.0433218810392957,0,0.911692076444063,0.836482714193687,0,0.97680910457376,0.8985398325102,0,0.959684346145587,0.950397251449431,0,0,0.982499463173717,0.985988834013313,0,0.965374704745544,0.596199269916255,0,0,0,0.945136353875886,0.848668670818123,0,0.159974232338415,0,0,0
XRN1,0,0.764547992269701,0.766534249516856,0,0.48588146875671,0.303360532531673,0,0.845716126261542,0.528183379858278,0,0.866867081812326,0.855164268842603,0,0,0.853553789993558,0.793429246295899,0,0.935580846038222,0.756602963281082,0,0,0,0.699216233626798,0.463066351728581,0,0.840669959201202,0,0,0
C8orf59,0,0.55980244792785,0.0330684990337127,0,0.760038651492377,0.907021687781834,0,0.420496027485506,0.910457375993129,0,0.843998282155894,0.932843031994846,0,0,0.452222460811681,0.276143439982822,0,0.425273781404338,0.0302770023620356,0,0,0,0.190358599957054,0.955604466394675,0,0.23695512132274,0,0,0
ALDOB,0,0.406592226755422,0.248282155894353,0,0.635119175434829,0.78768520506764,0,0.13732016319519,0.829826068284303,0,0.522278290745115,0.342656216448357,0,0,0.101406484861499,0.109619926991626,0,0.00821344213012669,0.361069357955766,0,0,0,0.190358599957054,0.908632166630878,0,0.038007300837449,0,0,0
HNRNPA3,0,0.70796650203994,0.272493021258321,0,0.963281082241787,0.930695726862787,0,0.869658578484003,0.481425810607687,0,0.320968434614559,0.64709040154606,0,0,0.804809963495813,0.744094910886837,0,0.811144513635388,0.944331114451364,0,0,0,0.450450934077732,0.749302125832081,0,0.407451148808246,0,0,0
MTCH2,0,0.933970367189178,0.252415718273567,0,0.84093837234271,0.924790637749624,0,0.91013528022332,0.815009662873094,0,0.196585784840026,0.348937083959631,0,0,0.900848185527163,0.877818337985828,0,0.829987116169208,0.786772600386515,0,0,0,0.819733734163625,0.894728365900795,0,0.372664805668886,0,0,0
BCAR1,0,0.975681769379429,0.561037148378785,0,0.986042516641615,0.989585570109513,0,0.96703886622289,0.995490659222676,0,0.769969937728151,0.807655142795791,0,0,0.945512132273996,0.957214945243719,0,0.895211509555508,0.960382220313507,0,0,0,0.891507408202706,0.994094910886837,0,0.0396177796864935,0,0,0
SAA1,0,0.180534678977883,0.332671247584282,0,0.241088683701954,0.345179299978527,0,0.244309641400043,0.291013528022332,0,0.267178441056474,0.913302555293107,0,0,0.375509984968864,0.178494739102426,0,0.827249302125832,0.280115954477131,0,0,0,0.287470474554434,0.388018037363109,0,0.993074940949109,0,0,0
SAA2,0,0.159383723427099,0.2282585355379,0,0.241088683701954,0.37137642258965,0,0.249570538973588,0.291013528022332,0,0.384689714408417,0.977023835086966,0,0,0.440895426240069,0.145104144298905,0,0.895426240068714,0.229922697015246,0,0,0,0.242108653639682,0.423878033068499,0,0.995114880824565,0,0,0
KIAA0895,0,0.917704530813829,0.934560876100494,0,0.579396607257891,0.423126476272278,0,0.796972299763796,0.64639252737814,0,0.628569894782048,0.651492377066781,0,0,0.826121966931501,0.846521365686064,0,0.775445565814902,0.675327464032639,0,0,0,0.892205282370625,0.376422589649989,0,0.345769808889843,0,0,0
OSM,0,0.964623147949324,0.993558084603822,0,0.705282370624866,0.598829718703028,0,0.960757998711617,0.631039295683917,0,0.454530813828645,0.757998711616921,0,0,0.952705604466395,0.988511917543483,0,0.98153317586429,0.96231479493236,0,0,0,0.993450719347219,0.577464032639038,0,0.890326390380073,0,0,0
SLC35C1,0,0.951417221387159,0.448947820485291,0,0.956409705819197,0.95689284947391,0,0.838146875671033,0.939338630019326,0,0.447552072149452,0.522761434399828,0,0,0.820538973588147,0.706356023190895,0,0.603875885763367,0.889682198840455,0,0,0,0.667436117672321,0.986203564526519,0,0.112357741035001,0,0,0
TNFRSF21,0,0.515890057977239,0.177260038651492,0,0.662980459523298,0.835892205282371,0,0.505744041228259,0.879858277861284,0,0.476218595662444,0.970045093407773,0,0,0.445887910672106,0.277968649345072,0,0.825746188533391,0.227238565600172,0,0,0,0.253328322954692,0.868316512776465,0,0.983626798368048,0,0,0
CAMSAP1,0,0.469025123470045,0.603822203135066,0,0.454530813828645,0.479224822847327,0,0.422267554219455,0.428387373845823,0,0.146177796864935,0.259179729439553,0,0,0.394084174361177,0.482284732660511,0,0.400633455013957,0.627710972729225,0,0,0,0.601513850118102,0.550032209576981,0,0.380878247799012,0,0,0
ENSA,0,0.952866652351299,0.135709684346146,0,0.947981533175864,0.984754133562379,0,0.860586214301052,0.989102426454799,0,0.937996564311789,0.972246081168134,0,0,0.893278934936654,0.826927206356023,0,0.893654713334765,0.389306420442345,0,0,0,0.839059480352158,0.996295898647198,0,0.353339059480352,0,0,0
GALNT2,0,0.950343568821129,0.971226111230406,0,0.649184024049817,0.620034356882113,0,0.942989048743826,0.654230191110157,0,0.434990337126906,0.507300837449001,0,0,0.937996564311789,0.950558299334335,0,0.897627227829075,0.939284947391024,0,0,0,0.951470904015461,0.67065707537041,0,0.266802662658364,0,0,0
MET,0,0.976701739317157,0.933057762508052,0,0.866706033927421,0.503167275069787,0,0.990176079020829,0.645318874812111,0,0.430534678977883,0.529579128194116,0,0,0.971333476487009,0.926669529740176,0,0.989692935366116,0.990176079020829,0,0,0,0.610478849044449,0.494846467683058,0,0.960435902941808,0,0,0
HEATR5B,0,0.0324779901223964,0.21483787846253,0,0.544234485720421,0.802233197337342,0,0.166577195619498,0.380717199914108,0,0.166255099849689,0.764709040154606,0,0,0.103822203135065,0.132005582993343,0,0.461563238136139,0.436869229117458,0,0,0,0.190358599957054,0.589059480352158,0,0.929783122181662,0,0,0
CAMK1D,0,0.726272278290745,0.664054112089328,0,0.565975950182521,0.676025338200558,0,0.789403049173288,0.57789349366545,0,0.247745329611338,0.717307279364398,0,0,0.71666308782478,0.614236633025553,0,0.902995490659223,0.922428602104359,0,0,0,0.498711616920764,0.663141507408203,0,0.947068928494739,0,0,0
TTC37,0,0.595447713120034,0.394137856989478,0,0.472675542194546,0.490605540047241,0,0.512830148164054,0.306313077088254,0,0.754079879750913,0.627872020614129,0,0,0.562540261971226,0.398378784625295,0,0.600869658578484,0.343676186386085,0,0,0,0.392527378140434,0.461885333905948,0,0.840240498174791,0,0,0
RIPK2,0,0.932681984109942,0.983948894137857,0,0.647734593085677,0.50579772385656,0,0.888340133132918,0.504401975520722,0,0.514225896499893,0.597004509340777,0,0,0.889682198840455,0.880609834657505,0,0.916201417221387,0.958395963066352,0,0,0,0.903424951685635,0.622986901438694,0,0.904015460596951,0,0,0
LIMK2,0,0.877335194331114,0.577249302125832,0,0.791120893278935,0.764172213871591,0,0.898861928280009,0.790530384367619,0,0.810822417865579,0.612894567318016,0,0,0.867726003865149,0.898003006227185,0,0.789886192828001,0.792946102641185,0,0,0,0.857633669744471,0.803736310929783,0,0.112465106291604,0,0,0
DZIP1,0,0.77753918831866,0.874704745544342,0,0.810446639467468,0.42897788275714,0,0.771687781833799,0.434238780330685,0,0.414698303628946,0.259448142581061,0,0,0.695190036504187,0.536557869873309,0,0.712046381790852,0.933755636675972,0,0,0,0.375832080738673,0.42897788275714,0,0.696907880609835,0,0,0
GOLGA7B,0,0.582134421301267,0.789564097058192,0,0.456946532102212,0.573652566029633,0,0.662121537470475,0.470689284947391,0,0.468005153532317,0.389091689929139,0,0,0.588522654069143,0.755905089113163,0,0.61160618423878,0.708127549924844,0,0,0,0.801642688426025,0.508481855271634,0,0.338361606184239,0,0,0
DGKQ,0,0.732714193686923,0.156860639896929,0,0.944975305990981,0.988136139145373,0,0.657880609834657,0.921623362679837,0,0.254616706033927,0.544502898861928,0,0,0.560768735237277,0.606828430319948,0,0.336429031565385,0.765621644835731,0,0,0,0.55035430534679,0.986471977668027,0,0.0308138286450505,0,0,0
UBE3B,0,0.408202705604466,0.559641400042946,0,0.600547562808675,0.54928065278076,0,0.873416362465106,0.720581919690788,0,0.453725574404123,0.378408846897144,0,0,0.723373416362465,0.851621215374705,0,0.808675112733519,0.928655786987331,0,0,0,0.507676615847112,0.543966072578913,0,0.102265406914323,0,0,0
SPAG7,0,0.71086536396822,0.0962529525445566,0,0.71666308782478,0.934131415074082,0,0.760253382005583,0.858385226540691,0,0.759448142581061,0.778559158256388,0,0,0.789456731801589,0.839327893493665,0,0.534034786343139,0.20979171140219,0,0,0,0.808943525875027,0.849581275499248,0,0.131683487223534,0,0,0
MOCOS,0,0.549495383293966,0.4782585355379,0,0.50869658578484,0.683487223534464,0,0.422858063130771,0.701524586643762,0,0.136729654283874,0.250429461026412,0,0,0.360693579557655,0.380341421515997,0,0.240337126905733,0.693418509770238,0,0,0,0.462958986471978,0.783444277431823,0,0.241464462100064,0,0,0
ZNF281,0,0.969830362894567,0.991732875241572,0,0.717522009877604,0.502093622503758,0,0.968756710328538,0.484217307279364,0,0.467414644621001,0.700826712475843,0,0,0.965750483143655,0.966072578913464,0,0.987491947605755,0.984270989907666,0,0,0,0.949914107794718,0.435366115525016,0,0.965643117887052,0,0,0
VANGL1,0,0.332993343354091,0.612787202061413,0,0.324672535967361,0.322256817693794,0,0.605593729869014,0.291013528022332,0,0.615739746617994,0.524532961133777,0,0,0.543321881039296,0.392795791281941,0,0.758106076873524,0.583208073867297,0,0,0,0.262185956624436,0.130663517285806,0,0.942881683487224,0,0,0
THAP7,0,0.950397251449431,0.572578913463603,0,0.797616491303414,0.825101996993773,0,0.925703242430749,0.932843031994846,0,0.578752415718274,0.350923341206785,0,0,0.862089327893494,0.93370195404767,0,0.766212153747047,0.857794717629375,0,0,0,0.911799441700666,0.907290100923341,0,0.0587824779901224,0,0,0
INF2,0,0.60688211294825,0.646338844749839,0,0.616706033927421,0.43370195404767,0,0.816190680695727,0.491464462100064,0,0.725467038866223,0.452705604466395,0,0,0.825960919046597,0.806098346575048,0,0.805346789778828,0.779149667167705,0,0,0,0.567962207429676,0.0883616061842388,0,0.289403049173288,0,0,0
MPP7,0,0.692720635602319,0.514655357526305,0,0.662336267983681,0.739531887481211,0,0.839542624006871,0.765836375348937,0,0.882166630878248,0.237438264977453,0,0,0.721655572256818,0.733626798368048,0,0.711080094481426,0.931823062057118,0,0,0,0.440519647841958,0.716555722568177,0,0.0876637320163195,0,0,0
CD300LB,0,0.331704960274855,0.8659544771312,0,0.250858922052824,0.176723212368478,0,0.593676186386085,0.291013528022332,0,0.119121752200988,0.352641185312433,0,0,0.510414429890487,0.557708825424093,0,0.694331114451364,0.746993772815117,0,0,0,0.541228258535538,0.0694116383938158,0,0.799495383293966,0,0,0
LRIG1,0,0.972568176937943,0.326283014816405,0,0.980727936439768,0.885172858063131,0,0.972675542194546,0.757998711616921,0,0.66378569894782,0.796703886622289,0,0,0.943740605540047,0.882918187674469,0,0.963227399613485,0.981425810607687,0,0,0,0.603178011595448,0.8478097487653,0,0.424307494094911,0,0,0
IL15RA,0,0.704262400687138,0.385602319089543,0,0.800891131629805,0.561788705175005,0,0.604466394674683,0.729385870732231,0,0.355056903586,0.750912604681125,0,0,0.551320592656216,0.395372557440412,0,0.567156968005154,0.293858707322311,0,0,0,0.384313936010307,0.791765084818553,0,0.419153961777969,0,0,0
EXOC8,0,0.542892420012884,0.409866867081812,0,0.66051105862143,0.568874812110801,0,0.519755207214945,0.715374704745544,0,0.227345930856775,0.696102641185312,0,0,0.47498389521151,0.336106935795577,0,0.411745759072364,0.557708825424093,0,0,0,0.303951041442989,0.6340455228688,0,0.173931715696801,0,0,0
PTAR1,0,0.698142581060769,0.238243504401976,0,0.669315009662873,0.645802018466824,0,0.62572471548207,0.697766802662658,0,0.479654283873738,0.367618638608546,0,0,0.508750268413142,0.631200343568821,0,0.307547777539188,0.324457805454155,0,0,0,0.647305132059266,0.723856560017178,0,0.0783766373201632,0,0,0
FSTL1,0,0.993987545630234,0.995598024479278,0,0.818176937942882,0.40508911316298,0,0.999033712690573,0.356828430319948,0,0.38442130126691,0.342709899076659,0,0,0.996456946532102,0.987867726003865,0,0.998980030062272,0.999785269486794,0,0,0,0.839811037148379,0.0619497530599098,0,0.960811681339918,0,0,0
PALLD,0,0.806259394459953,0.932735666738243,0,0.530652780760146,0.511810178226326,0,0.71703886622289,0.470689284947391,0,0.428870517500537,0.396660940519648,0,0,0.706302340562594,0.831651277646554,0,0.683540906162766,0.763098561305562,0,0,0,0.916040369336483,0.61305561520292,0,0.347219239853983,0,0,0
MYO9B,0,0.770721494524372,0.487008803951041,0,0.58621430105218,0.716609405196478,0,0.885119175434829,0.394835731157397,0,0.948572042087181,0.853500107365257,0,0,0.856613699806743,0.859673609619927,0,0.905679622074297,0.742269701524587,0,0,0,0.821129482499463,0.510897573545201,0,0.887105432681984,0,0,0
TIMM13,0,0.901707107579987,0.24382649774533,0,0.840723641829504,0.790906162765729,0,0.903317586429032,0.968058836160618,0,0.750483143654713,0.870678548421731,0,0,0.900096628730943,0.957537041013528,0,0.844374060554005,0.688264977453296,0,0,0,0.958664376207859,0.914913034142152,0,0.122020614129268,0,0,0
GADD45A,0,0.999946317371698,0.505905089113163,0,0.997154820700021,0.968595662443633,0,0.999892634743397,0.850279149667168,0,0.964676830577625,0.989639252737814,0,0,0.999946317371698,0.99962422160189,0,0.999946317371698,0.999141077947176,0,0,0,0.997691646983036,0.988297187030277,0,0.940788060983466,0,0,0
NDUFAB1,0,0.777592870946962,0.136998067425381,0,0.992269701524587,0.930749409491089,0,0.85725789134636,0.980244792785055,0,0.822364182950397,0.861767232123685,0,0,0.856237921408632,0.782907451148808,0,0.715159974232338,0.420066566459094,0,0,0,0.60398325101997,0.957161262615418,0,0.115847111874597,0,0,0
ELL,0,0.954799226970152,0.272654069143225,0,0.961294824994632,0.942881683487224,0,0.94454584496457,0.950289886192828,0,0.715159974232338,0.927313721279794,0,0,0.934024049817479,0.898647197766803,0,0.960650633455014,0.950558299334335,0,0,0,0.828430319948465,0.965052608975735,0,0.740068713764226,0,0,0
HLA-DMA,0,0.582885978097488,0.124060554004724,0,0.702115095555078,0.777592870946962,0,0.795791281941164,0.643601030706463,0,0.897251449430964,0.905142795791282,0,0,0.649828215589435,0.83621430105218,0,0.883884474983895,0.162175220098776,0,0,0,0.839811037148379,0.751019969937728,0,0.751771526733949,0,0,0
HECTD2,0,0.59636031780116,0.629536182091475,0,0.461992699162551,0.499731586858493,0,0.490605540047241,0.535108438909169,0,0.462905303843676,0.293751342065708,0,0,0.601299119604896,0.300139574833584,0,0.569733734163625,0.827088254240928,0,0,0,0.249409491088684,0.648593515138501,0,0.63442130126691,0,0,0
SLBP,0,0.376959415933004,0.139950611981963,0,0.830684990337127,0.82064633884475,0,0.620785913678334,0.884689714408417,0,0.724876529954907,0.6159544771312,0,0,0.353178011595448,0.627710972729225,0,0.351621215374705,0.614397680910457,0,0,0,0.375026841314151,0.854412712046382,0,0.0234593085677475,0,0,0
RHBDD1,0,0.548958557010951,0.855378999355808,0,0.575692505905089,0.555722568176938,0,0.776841314150741,0.559534034786343,0,0.935956624436332,0.810983465750483,0,0,0.724339703671892,0.789564097058192,0,0.866920764440627,0.854949538329397,0,0,0,0.808943525875027,0.49312862357741,0,0.828000858922053,0,0,0
TTC38,0,0.862196693150097,0.201631951900365,0,0.88007300837449,0.961455872879536,0,0.696693150096629,0.934507193472192,0,0.766373201631952,0.614021902512347,0,0,0.689392312647627,0.779847541335624,0,0.547723856560017,0.233626798368048,0,0,0,0.862035645265192,0.972192398539833,0,0.115041872450075,0,0,0
ASPM,0,0.0416577195619498,0.391722138715912,0,0.443579557655143,0.487116169207644,0,0.203671891775821,0.520184668241357,0,0.256012454369766,0.346199269916255,0,0,0.170227614343998,0.196478419583423,0,0.129911960489586,0.330255529310715,0,0,0,0.31050032209577,0.531565385441271,0,0.777646553575263,0,0,0
HSPB1,0,0.659491088683702,0.462529525445566,0,0.316029632810822,0.407129053038437,0,0.702007730298475,0.403585999570539,0,0.955872879536182,0.59856130556152,0,0,0.742162336267984,0.842226755421945,0,0.590240498174791,0.155572256817694,0,0,0,0.920442344857204,0.364773459308568,0,0.229654283873738,0,0,0
SPRY4,0,0.75107365256603,0.831060768735237,0,0.638071719991411,0.518091045737599,0,0.696210006441915,0.392258964998926,0,0.400203993987546,0.356452651921838,0,0,0.697927850547563,0.500214730513206,0,0.567049602748551,0.907719561949753,0,0,0,0.465804165771956,0.672643332617565,0,0.247960060124544,0,0,0
SRP9,0,0.791281941163839,0.308567747476916,0,0.637534893708396,0.481479493235989,0,0.934668241357097,0.671999141077947,0,0.73223105003221,0.34131415074082,0,0,0.932145157826927,0.905196478419583,0,0.830094481425811,0.910994202276143,0,0,0,0.723802877388877,0.560017178441056,0,0.0636139145372557,0,0,0
KRT23,0,0.985720420871806,0.985344642473695,0,0.974769164698304,0.634958127549925,0,0.988511917543483,0.555024694009019,0,0.422213871591153,0.422589649989263,0,0,0.975950182520936,0.958718058836161,0,0.986471977668027,0.995866437620786,0,0,0,0.871108009448143,0.546113377710973,0,0.907343783551643,0,0,0
CCL20,0,0.847541335623792,0.564150740820271,0,0.849688640755851,0.865256602963281,0,0.809856130556152,0.782370624865793,0,0.708986471977668,0.582188103929568,0,0,0.689231264762723,0.83911316298046,0,0.622342709899077,0.87427528451793,0,0,0,0.901492377066781,0.932628301481641,0,0.0753704101352802,0,0,0
PTPRK,0,0.888554863646124,0.724178655786987,0,0.552018466824136,0.47391024264548,0,0.799549065922268,0.681608331543912,0,0.360264118531243,0.504455658149023,0,0,0.836912175220099,0.569250590508911,0,0.874597380287739,0.94529740176079,0,0,0,0.462422160188963,0.611498818982177,0,0.847917114021903,0,0,0
RPL34,0,0.468380931930427,0.234539403049173,0,0.633132918187674,0.833261756495598,0,0.386514923770668,0.868638608546274,0,0.556366759716556,0.652351299119605,0,0,0.519272063560232,0.451256173502255,0,0.403478634313936,0.217575692505905,0,0,0,0.535645265192184,0.774157182735667,0,0.705228687996564,0,0,0
HP1BP3,0,0.679514709040155,0.351245436976594,0,0.738672965428387,0.52861284088469,0,0.652727077517715,0.603446424736955,0,0.198357311573975,0.249087395318875,0,0,0.533229546918617,0.395318874812111,0,0.529525445565815,0.406377496242216,0,0,0,0.190358599957054,0.565653854412712,0,0.634152888125403,0,0,0
ERN2,0,0.460167489800301,0.266963710543268,0,0.589220528237063,0.675649559802448,0,0.362143010521795,0.73115739746618,0,0.241786557869873,0.444867940734378,0,0,0.301857418939231,0.342978312218166,0,0.144352587502684,0.202437191324887,0,0,0,0.439982821558944,0.814794932359888,0,0.167167704530814,0,0,0
DDX60L,0,0.730513205926562,0.984807816190681,0,0.241088683701954,0.103500107365257,0,0.688909168992914,0.291013528022332,0,0.207214945243719,0.107204208718059,0,0,0.710167489800301,0.835784840025768,0,0.704638179085248,0.861928280008589,0,0,0,0.922428602104359,0.300193257461885,0,0.714032639038007,0,0,0
SOS2,0,0.572632596091905,0.321183165127765,0,0.539993558084604,0.720367189177582,0,0.444223749194761,0.592548851191754,0,0.885119175434829,0.220206141292678,0,0,0.490766587932145,0.524747691646983,0,0.20941593300408,0.749355808460382,0,0,0,0.6630341421516,0.760360747262186,0,0.0632381361391454,0,0,0
FNIP1,0,0.713871591153103,0.880234056259394,0,0.577088254240928,0.510629160403693,0,0.60360747262186,0.543805024694009,0,0.35543268198411,0.469669315009663,0,0,0.572471548207,0.602694867940734,0,0.665020399398755,0.822686278720206,0,0,0,0.708503328322955,0.661101567532746,0,0.54020828859781,0,0,0
AGFG2,0,0.939016534249517,0.218917758213442,0,0.81919690788061,0.863162980459523,0,0.925756925059051,0.765836375348937,0,0.976111230405841,0.88587073223105,0,0,0.949699377281512,0.939714408417436,0,0.897680910457376,0.935044019755207,0,0,0,0.943955336053253,0.825101996993773,0,0.260199699377281,0,0,0
KLF9,0,0.964301052179515,0.969508267124758,0,0.525660296328108,0.496671677045308,0,0.953564526519218,0.50037577839811,0,0.61375348937084,0.840347863431394,0,0,0.954155035430535,0.77608975735452,0,0.984539403049173,0.984754133562379,0,0,0,0.580738672965428,0.507676615847112,0,0.99167919261327,0,0,0
RAB3GAP2,0,0.459147519862572,0.306366759716556,0,0.592924629589865,0.608063130770883,0,0.201578269272064,0.840508911316298,0,0.488941378569895,0.60435902941808,0,0,0.298690143869444,0.116867081812326,0,0.0750483143654713,0.462261112304058,0,0,0,0.195834228043805,0.875402619712261,0,0.109190465965214,0,0,0
MUC21,0,0.791442989048744,0.810715052608976,0,0.488136139145373,0.564633884474984,0,0.792248228473266,0.454155035430535,0,0.395157826927206,0.212046381790852,0,0,0.831812325531458,0.700075155679622,0,0.731640541120893,0.891507408202706,0,0,0,0.600064419153962,0.531404337556367,0,0.650203993987546,0,0,0
UACA,0,0.989746617994417,0.998711616920764,0,0.777056044663947,0.476594374060554,0,0.973427098990767,0.786987330899721,0,0.5362357741035,0.446585784840026,0,0,0.971923985398325,0.985022546703887,0,0.970152458664376,0.977614343998282,0,0,0,0.992806527807601,0.552984754133562,0,0.857794717629375,0,0,0
TDO2,0,0.624919476057548,0.766104788490444,0,0.371322739961349,0.011702812969723,0,0.567801159544771,0.41196048958557,0,0.520077302984754,0.441969078806098,0,0,0.560017178441056,0.551320592656216,0,0.674414859351514,0.824243074940949,0,0,0,0.603500107365257,0.506334550139575,0,0.556420442344857,0,0,0
WDR74,0,0.285108438909169,0.0171784410564741,0,0.822256817693794,0.828645050461671,0,0.517715267339489,0.514064848614988,0,0.976862787202061,0.885978097487653,0,0,0.573062057118316,0.597863431393601,0,0.246564311788705,0.0738136139145373,0,0,0,0.535645265192184,0.856076873523728,0,0.0187352372772171,0,0,0
CDKN2B,0,0.89784195834228,0.937889199055186,0,0.64784195834228,0.590992054971011,0,0.781028559158256,0.731211080094481,0,0.466340992054971,0.344374060554005,0,0,0.7789886192828,0.773835086965858,0,0.737867726003865,0.917060339274211,0,0,0,0.827249302125832,0.724393386300193,0,0.671408632166631,0,0,0
DAAM2,0,0.0338737384582349,0.768681554648916,0,0.288812540261971,0.208020184668241,0,0.547079665020399,0.321236847756066,0,0.0563667597165557,0.365256602963281,0,0,0.572256817693794,0.433111445136354,0,0.693042731372128,0.817318015890058,0,0,0,0.202490873953189,0.0827249302125832,0,0.801481640541121,0,0,0
NDC80,0,0.363109297831222,0.219776680266266,0,0.589757354520077,0.643439982821559,0,0.629536182091475,0.663678333691218,0,0.469776680266266,0.716018896285162,0,0,0.567210650633455,0.603500107365257,0,0.674951685634529,0.296328108224179,0,0,0,0.536504187245007,0.73153317586429,0,0.260468112518789,0,0,0
KLHL6,0,0.0536826283014816,0.300407987975091,0,0.249570538973588,0.315975950182521,0,0.513474339703672,0.291013528022332,0,0.277056044663947,0.998335838522654,0,0,0.389252737814043,0.455872879536182,0,0.969347219239854,0.0221172428602104,0,0,0,0.573598883401331,0.157558514064849,0,0.999838952115096,0,0,0
PAFAH1B2,0,0.688533390594804,0.225198625724715,0,0.841582563882328,0.594159330040799,0,0.638715911531029,0.507569250590509,0,0.919315009662873,0.784625295254456,0,0,0.598614988189822,0.510897573545201,0,0.523888769594159,0.168295039725145,0,0,0,0.424200128838308,0.488565600171784,0,0.335677474769165,0,0,0
PTPRH,0,0.964998926347434,0.791765084818553,0,0.524318230620571,0.88189821773674,0,0.873147949323599,0.883616061842388,0,0.816620141722139,0.429407343783552,0,0,0.893869443847971,0.966394674683272,0,0.708503328322955,0.844803521580417,0,0,0,0.990390809534035,0.923663302555293,0,0.0244255958771741,0,0,0
CNDP1,0,0.646338844749839,0.429461026411853,0,0.518305776250805,0.744148593515139,0,0.575155679622074,0.710650633455014,0,0.546596521365686,0.418187674468542,0,0,0.561573974661799,0.47353446424737,0,0.415825638823277,0.670012883830792,0,0,0,0.504026197122611,0.84383723427099,0,0.171086536396822,0,0,0
CTDSP2,0,0.804434185097702,0.912765729010092,0,0.831704960274855,0.485935151385012,0,0.959952759287095,0.816351728580631,0,0.94782048529096,0.93187674468542,0,0,0.959201202490874,0.953403478634314,0,0.963173716985184,0.941700665664591,0,0,0,0.893439982821559,0.5905625939446,0,0.620410135280223,0,0,0
BBX,0,0.598024479278505,0.530921193901653,0,0.416577195619498,0.440841743611767,0,0.598507622933219,0.291013528022332,0,0.200021473051321,0.568767446854198,0,0,0.566566459093837,0.556635172858063,0,0.661906806957269,0.29203349796006,0,0,0,0.611176723212368,0.445565814902298,0,0.726487008803951,0,0,0
CXCR5,0,0.765353231694224,0.845232982606828,0,0.518144728365901,0.593622503757784,0,0.780706463388448,0.516534249516856,0,0.862250375778398,0.975037577839811,0,0,0.783981103714838,0.807333047025982,0,0.879965643117887,0.421838093193043,0,0,0,0.882220313506549,0.541281941163839,0,0.963978956409706,0,0,0
FAM3C,0,0.927313721279794,0.486633025552931,0,0.934990337126906,0.850440197552072,0,0.933594588791067,0.864451363538759,0,0.168563452866652,0.941754348292892,0,0,0.909866867081812,0.843944599527593,0,0.954638179085248,0.943901653424952,0,0,0,0.724232338415289,0.949108868370195,0,0.817103285376852,0,0,0
GALK1,0,0.62534893708396,0.052501610478849,0,0.821988404552287,0.849098131844535,0,0.610317801159545,0.839005797723857,0,0.908095340347863,0.727238565600172,0,0,0.769969937728151,0.730996349581275,0,0.221977668026627,0.0744041228258536,0,0,0,0.764225896499893,0.841260468112519,0,0.0163195190036504,0,0,0
KLF2,0,0.970367189177582,0.991625509984969,0,0.552286879965643,0.326980888984325,0,0.989585570109513,0.31484861498819,0,0.599366544986042,0.792892420012884,0,0,0.996134850762293,0.993772815117028,0,0.992699162550999,0.972675542194546,0,0,0,0.991464462100064,0.0197552072149452,0,0.957429675756925,0,0,0
S100A3,0,0.983143654713335,0.947981533175864,0,0.598131844535108,0.0096628730942667,0,0.98733089972085,0.826605110586214,0,0.761917543482929,0.455765514279579,0,0,0.981801589005798,0.993719132488727,0,0.988189821773674,0.988189821773674,0,0,0,0.985183594588791,0.486042516641615,0,0.5434829289242,0,0,0
LITAF,0,0.49312862357741,0.100118101782263,0,0.85833154391239,0.937245007515568,0,0.820861069357956,0.803199484646768,0,0.416416147734593,0.912604681125188,0,0,0.686547133347649,0.748443203779257,0,0.900150311359244,0.64929138930642,0,0,0,0.478365900794503,0.940465965213657,0,0.785967360961993,0,0,0
RPS14,0,0.88007300837449,0.328752415718274,0,0.904444921623363,0.415718273566674,0,0.957751771526734,0.987062486579343,0,0.941163839381576,0.90074082027056,0,0,0.965804165771956,0.922052823706249,0,0.910940519647842,0.323276787631522,0,0,0,0.781082241786558,0.71086536396822,0,0.112948249946317,0,0,0
KCTD20,0,0.860586214301052,0.126207859136783,0,0.935849259179729,0.982123684775607,0,0.642366330255529,0.853231694223749,0,0.541120893278935,0.824028344427743,0,0,0.614773459308568,0.713495812754993,0,0.484485720420872,0.166469830362895,0,0,0,0.831704960274855,0.906484861498819,0,0.234324672535967,0,0,0
EVC2,0,0.811251878891991,0.991035001073653,0,0.315009662873094,0.15326390380073,0,0.927582134421301,0.291013528022332,0,0.916845608761005,0.0982392097917114,0,0,0.887481211080094,0.932628301481641,0,0.911316298045952,0.96848829718703,0,0,0,0.913517285806313,0.0778934936654499,0,0.388823276787632,0,0,0
WDR11,0,0.771902512347004,0.289510414429891,0,0.567371698518359,0.611337771097273,0,0.866974447068928,0.613807171999141,0,0.636998067425381,0.621966931500966,0,0,0.820002147305132,0.812754992484432,0,0.83261756495598,0.821881039295684,0,0,0,0.639360103070646,0.62175220098776,0,0.641238995061198,0,0,0
TMEM43,0,0.731264762722783,0.160994202276143,0,0.896177796864934,0.956570753704101,0,0.63152243933863,0.932520936225038,0,0.665503543053468,0.916577195619498,0,0,0.768144728365901,0.560339274210865,0,0.571827356667382,0.359190465965214,0,0,0,0.495866437620786,0.793590294180803,0,0.629106721065063,0,0,0
TANC2,0,0.38984324672536,0.823330470259824,0,0.302018466824136,0.00982392097917114,0,0.534034786343139,0.291013528022332,0,0.132542409276358,0.178870517500537,0,0,0.508964998926347,0.391400042946103,0,0.593139360103071,0.779686493450719,0,0,0,0.338200558299334,0.125885763366974,0,0.767339488941379,0,0,0
SCARB2,0,0.883240283444277,0.291604036933648,0,0.927045308138286,0.975467038866223,0,0.825692505905089,0.96628730942667,0,0.686922911745759,0.740444492162336,0,0,0.826658793214516,0.84711187459738,0,0.609244148593515,0.701900365041872,0,0,0,0.828108224178656,0.954262400687138,0,0.0432145157826927,0,0,0
ADD1,0,0.576712475842817,0.228687996564312,0,0.616115525016105,0.568767446854198,0,0.678118960704316,0.906753274640326,0,0.284195834228044,0.964301052179515,0,0,0.623094266695297,0.623523727721709,0,0.878677260038652,0.215052608975735,0,0,0,0.54783122181662,0.829503972514494,0,0.983787846252953,0,0,0
MGAT4B,0,0.912497315868585,0.629643547348078,0,0.659866867081812,0.828484002576766,0,0.925220098776036,0.838683701954048,0,0.494846467683058,0.709469615632381,0,0,0.943955336053253,0.963978956409706,0,0.919529740176079,0.95759072364183,0,0,0,0.967844105647413,0.700289886192828,0,0.304004724071291,0,0,0
ALOX15B,0,0.412873094266695,0.774210865363968,0,0.281350654928065,0.383723427098991,0,0.501127335194331,0.350547562808675,0,0.834657504831437,0.513205926562164,0,0,0.496993772815117,0.621537470474554,0,0.58803951041443,0.334657504831437,0,0,0,0.719132488726648,0.322471548207,0,0.778022331973373,0,0,0
C2orf68,0,0.535806313077088,0.0632381361391454,0,0.589059480352158,0.835570109512562,0,0.577732445780545,0.613270345716126,0,0.451470904015461,0.930158900579772,0,0,0.887588576336697,0.589274210865364,0,0.724124973158686,0.33621430105218,0,0,0,0.557171999141078,0.569519003650419,0,0.935258750268413,0,0,0
DNAJC30,0,0.802018466824136,0.215106291604037,0,0.76631951900365,0.909491088683702,0,0.584120678548422,0.905035430534679,0,0.769862572471548,0.440734378355164,0,0,0.709738028773889,0.677206356023191,0,0.0595877174146446,0.178226325960919,0,0,0,0.77501610478849,0.922267554219455,0,0.0229761649130341,0,0,0
RCSD1,0,0.249785269486794,0.594964569465321,0,0.371591153102856,0.361874597380288,0,0.360478849044449,0.391024264547992,0,0.557064633884475,0.943901653424952,0,0,0.367887051750054,0.328108224178656,0,0.801266910027915,0.345716126261542,0,0,0,0.445887910672106,0.350171784410565,0,0.974500751556796,0,0,0
TNKS2,0,0.775445565814902,0.736686708181233,0,0.646553575263045,0.557547777539188,0,0.691432252523083,0.572364182950397,0,0.664429890487438,0.567156968005154,0,0,0.756817693794288,0.395157826927206,0,0.734968864075585,0.916845608761005,0,0,0,0.190358599957054,0.681608331543912,0,0.598400257676616,0,0,0
HOPX,0,0.857794717629375,0.498013742752845,0,0.961831651277647,0.837234270989908,0,0.874812110800945,0.814097058191969,0,0.476648056688855,0.393439982821559,0,0,0.852265406914323,0.715965213656861,0,0.808728795361821,0.957214945243719,0,0,0,0.485022546703887,0.891990551857419,0,0.34093837234271,0,0,0
PLS1,0,0.806849903371269,0.0683916684560876,0,0.618316512776465,0.824672535967361,0,0.710919046596521,0.890755851406485,0,0.93370195404767,0.703832939660726,0,0,0.644137856989478,0.79310715052609,0,0.53806098346575,0.065761219669315,0,0,0,0.845071934721924,0.863699806742538,0,0.143332617564956,0,0,0
ARAP2,0,0.797240712905304,0.573974661799442,0,0.504455658149023,0.74565170710758,0,0.677582134421301,0.592548851191754,0,0.488726648056689,0.648647197766803,0,0,0.675864290315654,0.785484217307279,0,0.711026411853124,0.338146875671033,0,0,0,0.891883186600816,0.827678763152244,0,0.331221816620142,0,0,0
EXOSC4,0,0.942720635602319,0.0487975091260468,0,0.953081382864505,0.813077088254241,0,0.961402190251235,0.869175434829289,0,0.935312432896715,0.808997208503328,0,0,0.967522009877604,0.934131415074082,0,0.904928065278076,0.459738028773889,0,0,0,0.811251878891991,0.833583852265407,0,0.227829074511488,0,0,0
CDS1,0,0.560178226325961,0.380824565170711,0,0.75579772385656,0.776143439982822,0,0.411853124328967,0.554165771956195,0,0.473695512132274,0.261434399828216,0,0,0.434936654498604,0.308997208503328,0,0.106398969293537,0.756066136998067,0,0,0,0.372289027270775,0.879160403693365,0,0.087717414644621,0,0,0
KPNA1,0,0.700397251449431,0.793697659437406,0,0.689607043160833,0.479117457590724,0,0.783873738458235,0.673716985183595,0,0.274694009018682,0.773083530169637,0,0,0.792248228473266,0.695404767017393,0,0.838361606184239,0.921569680051535,0,0,0,0.534088468971441,0.55760146016749,0,0.78730942666953,0,0,0
ZNF593,0,0.663893064204423,0.291979815331759,0,0.70254455658149,0.710274855056904,0,0.550461670603393,0.444116383938158,0,0.666952974017608,0.758052394245222,0,0,0.591904659652137,0.722514494309641,0,0.510414429890487,0.0943203779257032,0,0,0,0.838844749838952,0.616598668670818,0,0.617779686493451,0,0,0
PHLDA2,0,0.823330470259824,0.722299763796435,0,0.741571827356667,0.857741035001074,0,0.64564097058192,0.833208073867297,0,0.63297187030277,0.559963495812755,0,0,0.613699806742538,0.739692935366116,0,0.733412067854842,0.751986257247155,0,0,0,0.858063130770883,0.875134206570754,0,0.385763366974447,0,0,0
TAZ,0,0.934238780330685,0.79638179085248,0,0.898003006227185,0.738995061198196,0,0.952437191324887,0.618155464891561,0,0.296113377710973,0.451256173502255,0,0,0.951363538758858,0.963012669100279,0,0.846521365686064,0.940036504187245,0,0,0,0.953349796006012,0.790154605969508,0,0.0894352587502684,0,0,0
SCYL2,0,0.601621215374705,0.482123684775607,0,0.432520936225038,0.548636461241142,0,0.62030277002362,0.540637749624222,0,0.871644835731157,0.469830362894567,0,0,0.520023620356453,0.563023405625939,0,0.500107365256603,0.267178441056474,0,0,0,0.639360103070646,0.632166630878248,0,0.610693579557655,0,0,0
BIRC3,0,0.811735022546704,0.430266265836375,0,0.544019755207215,0.663195190036504,0,0.680910457375993,0.715374704745544,0,0.294180803092119,0.803199484646768,0,0,0.696048958557011,0.683648271419369,0,0.682359888340133,0.227990122396393,0,0,0,0.762776465535753,0.795576551427958,0,0.768574189392313,0,0,0
PFKFB3,0,0.963281082241787,0.629858277861284,0,0.906592226755422,0.803575263044879,0,0.982392097917114,0.789242001288383,0,0.732123684775607,0.973266051105862,0,0,0.978687996564312,0.96558943525875,0,0.987814043375564,0.946048958557011,0,0,0,0.862518788919906,0.813077088254241,0,0.90508911316298,0,0,0
TSKU,0,0.998282155894353,0.595071934721924,0,0.997745329611338,0.9637642258965,0,0.990659222675542,0.955604466394675,0,0.975091260468113,0.815063345501396,0,0,0.988565600171784,0.9927528451793,0,0.948786772600386,0.959093837234271,0,0,0,0.989424522224608,0.999033712690573,0,0.00509984968864076,0,0,0
RGS16,0,0.722621859566244,0.493343354090616,0,0.630609834657505,0.606828430319948,0,0.620141722138716,0.388179085248014,0,0.827732445780545,0.96193901653425,0,0,0.649130341421516,0.442183809319304,0,0.931662014172214,0.704208718058836,0,0,0,0.399667167704531,0.157075370410135,0,0.987921408632167,0,0,0
ZNF236,0,0.305883616061842,0.474232338415289,0,0.439070216877818,0.570485290959845,0,0.487652995490659,0.625509984968864,0,0.0519111015675327,0.35580846038222,0,0,0.398861928280009,0.368370195404767,0,0.424468541979815,0.779847541335624,0,0,0,0.190358599957054,0.680373631092978,0,0.202383508696586,0,0,0
FAU,0,0.408256388232768,0.0549173287524157,0,0.881200343568821,0.794234485720421,0,0.857418939231265,0.890541120893279,0,0.99457805454155,0.992001288383079,0,0,0.893225252308353,0.872879536182091,0,0.917650848185527,0.0700558299334335,0,0,0,0.742162336267984,0.821558943525875,0,0.902404981747906,0,0,0
ZNF532,0,0.575209362250376,0.815600171784411,0,0.434560876100494,0.355164268842603,0,0.562486579342925,0.382488726648057,0,0.151116598668671,0.265192183809319,0,0,0.720259823920979,0.453779257032424,0,0.573867296542839,0.684292462958986,0,0,0,0.482928924200129,0.405625939445995,0,0.721494524371913,0,0,0
FAM195B,0,0.939660725789135,0.111445136353876,0,0.977721709254885,0.94454584496457,0,0.905625939445995,0.995705389735882,0,0.944867940734378,0.52861284088469,0,0,0.919153961777969,0.929836804809963,0,0.722031350654928,0.922160188962852,0,0,0,0.909491088683702,0.9782585355379,0,0.00928709469615632,0,0,0
CD3G,0,0.424951685634529,0.171032853768521,0,0.821075799871162,0.711402190251235,0,0.505153532316942,0.560124543697659,0,0.843085677474769,0.864021902512347,0,0,0.362196693150097,0.347917114021903,0,0.573598883401331,0.238189821773674,0,0,0,0.204960274855057,0.633079235559373,0,0.741625509984969,0,0,0
NKX3-1,0,0.659222675542194,0.960972729224823,0,0.338522654069143,0.301481640541121,0,0.706624436332403,0.461348507622933,0,0.434131415074082,0.324404122825854,0,0,0.688372342709899,0.783014816405411,0,0.801481640541121,0.86810178226326,0,0,0,0.816888554863646,0.307708825424093,0,0.753220957698089,0,0,0
CRABP2,0,0.891561090831007,0.900042946102641,0,0.641614773459309,0.578108224178656,0,0.960006441915396,0.648271419368692,0,0.86702812969723,0.75327464032639,0,0,0.960382220313507,0.97353446424737,0,0.971816620141722,0.928709469615632,0,0,0,0.944867940734378,0.484163624651063,0,0.652673394889414,0,0,0
TRIM37,0,0.847648700880395,0.519111015675327,0,0.719454584496457,0.659168992913893,0,0.758911316298046,0.785752630448787,0,0.915181447283659,0.67355593729869,0,0,0.763313291818767,0.797777539188319,0,0.69492162336268,0.329181876744685,0,0,0,0.88624651062916,0.691539617779687,0,0.369282800085892,0,0,0
MGLL,0,0.915288812540262,0.949001503113592,0,0.314365471333476,0.331275499248443,0,0.916094051964784,0.295469186171355,0,0.387105432681984,0.782853768520507,0,0,0.914966716770453,0.938479707966502,0,0.98298260682843,0.924414859351514,0,0,0,0.956946532102212,0.427582134421301,0,0.960543268198411,0,0,0
EIF2AK1,0,0.64349366544986,0.279418080309212,0,0.417114021902512,0.573759931286236,0,0.464354734807816,0.599796006012454,0,0.826014601674898,0.409168992913893,0,0,0.57934292462959,0.702705604466395,0,0.25,0.0411745759072364,0,0,0,0.830953403478634,0.407719561949753,0,0.397519862572472,0,0,0
OTC,0,0.482767876315224,0.34491088683702,0,0.674736955121323,0.691485935151385,0,0.311627657290101,0.660242645479923,0,0.120785913678334,0.402136568606399,0,0,0.243504401975521,0.28768520506764,0,0.216824135709684,0.341260468112519,0,0,0,0.419315009662873,0.664805668885549,0,0.30905089113163,0,0,0
ADRM1,0,0.947391024264548,0.507032424307494,0,0.777270775177153,0.483841528881254,0,0.968541979815332,0.704530813828645,0,0.703510843890917,0.768359458879107,0,0,0.977345930856775,0.978151170281297,0,0.949806742538115,0.648700880395104,0,0,0,0.972299763796435,0.674361176723212,0,0.273512991196049,0,0,0
DUSP15,0,0.637212797938587,0.848078161906807,0,0.307440412282585,0.403049173287524,0,0.701524586643762,0.291013528022332,0,0.928011595447713,0.606452651921838,0,0,0.749785269486794,0.847863431393601,0,0.780008589220528,0.343085677474769,0,0,0,0.906860639896929,0.0590508911316298,0,0.778451792999785,0,0,0
NIPAL4,0,0.828161906806957,0.982553145802018,0,0.263957483358385,0.207859136783337,0,0.798207000214731,0.291013528022332,0,0.343998282155894,0.500536826283015,0,0,0.802286879965643,0.893010521795147,0,0.858170496027486,0.777807601460167,0,0,0,0.950987760360747,0.185902941808031,0,0.920979171140219,0,0,0
IL1RL2,0,0.964569465321022,0.983089972085033,0,0.60108438909169,0.135333905948035,0,0.966824135709684,0.291013528022332,0,0.395963066351729,0.310983465750483,0,0,0.958771741464462,0.789188318660082,0,0.975252308353017,0.99382649774533,0,0,0,0.427796864934507,0.0989370839596307,0,0.96628730942667,0,0,0
KBTBD2,0,0.773942452222461,0.456678118960704,0,0.915181447283659,0.770453081382865,0,0.750751556796221,0.757998711616921,0,0.520882542409276,0.680319948464677,0,0,0.589274210865364,0.478580631307709,0,0.795683916684561,0.89349366544986,0,0,0,0.190358599957054,0.704262400687138,0,0.869765943740606,0,0,0
CYTH1,0,0.671032853768521,0.663302555293107,0,0.47283659007945,0.682198840455229,0,0.886514923770668,0.707805454155035,0,0.482016319519004,0.540906162765729,0,0,0.814902297616491,0.895909383723427,0,0.853661155250161,0.939875456302341,0,0,0,0.732821558943526,0.697766802662658,0,0.0893815761219669,0,0,0
GCK,0,0.844857204208718,0.767822632596092,0,0.585086965857848,0.522278290745115,0,0.776197122611123,0.5869658578484,0,0.638984324672536,0.470152458664376,0,0,0.782692720635602,0.696424736955121,0,0.757515567962207,0.767661584711188,0,0,0,0.602265406914323,0.583315439123899,0,0.579074511488082,0,0,0
MRC1,0,0.77501610478849,0.269057333047026,0,0.93332617564956,0.955819196907881,0,0.692935366115525,0.955497101138072,0,0.235666738243504,0.491088683701954,0,0,0.446854197981533,0.550998496886408,0,0.625778398110372,0.868692291174576,0,0,0,0.414054112089328,0.942881683487224,0,0.183057762508052,0,0,0
PRAF2,0,0.816727506978742,0.0200773029847541,0,0.974447068928495,0.927206356023191,0,0.70689284947391,0.952329826068284,0,0.419744470689285,0.887159115310286,0,0,0.67645479922697,0.550515353231694,0,0.610371483787846,0.370463817908525,0,0,0,0.439231264762723,0.933487223534464,0,0.433594588791067,0,0,0
RBL2,0,0.537846252952545,0.305990981318445,0,0.43187674468542,0.63259609190466,0,0.427474769164698,0.653478634313936,0,0.42355593729869,0.856291604036934,0,0,0.573974661799442,0.526519218380932,0,0.662228902727078,0.103392742108654,0,0,0,0.667436117672321,0.548582778612841,0,0.921354949538329,0,0,0
OXR1,0,0.854627442559588,0.426937942881683,0,0.729546918617135,0.792892420012884,0,0.879858277861284,0.477936439768091,0,0.656592226755422,0.777753918831866,0,0,0.885441271204638,0.809265621644836,0,0.906645909383723,0.801964784195834,0,0,0,0.688103929568392,0.712529525445566,0,0.894406270130986,0,0,0
DCK,0,0.870571183165128,0.86160618423878,0,0.626852050676401,0.549656431178871,0,0.893547348078162,0.463603178011595,0,0.256495598024479,0.494041228258536,0,0,0.850762293321881,0.925381146660941,0,0.879750912604681,0.752469400901868,0,0,0,0.942130126691003,0.614343998282156,0,0.797509126046811,0,0,0
E2F7,0,0.77464032639038,0.64639252737814,0,0.61375348937084,0.502415718273567,0,0.68660081597595,0.452812969722998,0,0.671891775821344,0.738189821773674,0,0,0.719239853983251,0.771526733948894,0,0.788866222890273,0.215696800515353,0,0,0,0.876691002791497,0.545630234056259,0,0.850869658578484,0,0,0
APOL1,0,0.337663732016319,0.56232553145802,0,0.241088683701954,0.23405625939446,0,0.308191969078806,0.291013528022332,0,0.597863431393601,0.877872020614129,0,0,0.337073223105003,0.413087824779901,0,0.7644943096414,0.17462958986472,0,0,0,0.539993558084604,0.0285591582563882,0,0.982767876315224,0,0,0
RAB3IL1,0,0.731694223749195,0.46338844749839,0,0.435741893923126,0.771634099205497,0,0.644728365900795,0.531941163839382,0,0.592119390165343,0.620571183165128,0,0,0.748443203779257,0.718810392956839,0,0.623147949323599,0.579074511488082,0,0,0,0.764225896499893,0.591045737599313,0,0.37175220098776,0,0,0
ZC3HC1,0,0.8079772385656,0.345071934721924,0,0.770506764011166,0.569519003650419,0,0.929729439553361,0.833208073867297,0,0.950397251449431,0.912228902727078,0,0,0.927367403908095,0.877013098561306,0,0.955389735881469,0.406323813613915,0,0,0,0.689929138930642,0.525391883186601,0,0.967575692505905,0,0,0
SEMA7A,0,0.872664805668886,0.236794073437836,0,0.861123040584067,0.894245222246081,0,0.816834872235345,0.656270130985613,0,0.694867940734378,0.845179299978527,0,0,0.846628730942667,0.940412282585355,0,0.664376207859137,0.0253918831866008,0,0,0,0.980352158041658,0.83261756495598,0,0.277753918831866,0,0,0
MRPL46,0,0.466448357311574,0.19347219239854,0,0.537738887695942,0.641936869229117,0,0.599205497101138,0.488350869658578,0,0.777968649345072,0.511917543482929,0,0,0.688533390594804,0.659813184453511,0,0.345877174146446,0.0771956194975306,0,0,0,0.674844320377926,0.733573115739747,0,0.125778398110371,0,0,0
SEMA6D,0,0.933111445136354,0.598507622933219,0,0.896821988404552,0.907665879321452,0,0.751986257247155,0.964408417436118,0,0.755099849688641,0.330201846682414,0,0,0.741732875241572,0.636514923770668,0,0.549495383293966,0.910779471762937,0,0,0,0.621215374704746,0.932467253596736,0,0.175220098776036,0,0,0
C7orf55,0,0.160618423878033,0.00424092763581705,0,0.717468327249302,0.802984754133562,0,0.671784410564741,0.627603607472622,0,0.879106721065063,0.840884689714408,0,0,0.576605110586214,0.548099634958128,0,0.608761004938802,0.0762293321881039,0,0,0,0.190358599957054,0.674790637749624,0,0.294234485720421,0,0,0
TNPO3,0,0.803467897788276,0.447659437406055,0,0.713817908524801,0.674414859351514,0,0.91340992054971,0.698142581060769,0,0.8514601674898,0.877818337985828,0,0,0.921032853768521,0.906484861498819,0,0.918080309211939,0.231747906377496,0,0,0,0.876154176508482,0.648003006227185,0,0.844159330040799,0,0,0
VPS29,0,0.541174575907236,0.158471118745974,0,0.834603822203135,0.653102855915826,0,0.932467253596736,0.923663302555293,0,0.863109297831222,0.874919476057548,0,0,0.914751986257247,0.938640755851406,0,0.843783551642688,0.173663302555293,0,0,0,0.858868370195405,0.787846252952545,0,0.370946961563238,0,0,0
EBF2,0,0.912712046381791,0.95361820914752,0,0.793751342065708,0.473695512132274,0,0.86412926776895,0.584228043805025,0,0.621054326819841,0.370571183165128,0,0,0.887964354734808,0.816620141722139,0,0.820538973588147,0.941915396177797,0,0,0,0.7789886192828,0.517339488941379,0,0.411047884904445,0,0,0
XCL2,0,0.183594588791067,0.581382864505046,0,0.241088683701954,0.116706033927421,0,0.214945243719132,0.291013528022332,0,0.155625939445995,0.699967790423019,0,0,0.158095340347863,0.18225252308353,0,0.612196693150097,0.322471548207,0,0,0,0.292087180588362,0.154391238995061,0,0.890004294610264,0,0,0
C5orf54,0,0.460435902941808,0.583476487008804,0,0.241088683701954,0.361552501610479,0,0.493611767232124,0.291013528022332,0,0.615149237706678,0.28768520506764,0,0,0.510790208288598,0.621483787846253,0,0.600815975950183,0.698679407343784,0,0,0,0.764762722782907,0.436869229117458,0,0.428387373845823,0,0,0
FBXW2,0,0.83224178655787,0.184077732445781,0,0.762454369765944,0.864182950397251,0,0.869229117457591,0.839274210865364,0,0.971172428602104,0.748872664805669,0,0,0.86123040584067,0.851352802233197,0,0.866115525016105,0.76556796220743,0,0,0,0.774747691646983,0.790745114880825,0,0.252845179299979,0,0,0
IL1A,0,0.631307708825424,0.898217736740391,0,0.49710113807172,0.348292892420013,0,0.649506119819626,0.379053038436762,0,0.346414000429461,0.649667167704531,0,0,0.570270560446639,0.682145157826927,0,0.787202061412927,0.716394674683272,0,0,0,0.745222246081168,0.322417865578699,0,0.834550139574834,0,0,0
PKP3,0,0.950773029847541,0.42462958986472,0,0.942291174575907,0.981050032209577,0,0.834013313291819,0.953886622289027,0,0.651921838093193,0.48260682843032,0,0,0.831221816620142,0.887212797938587,0,0.496081168133992,0.894459952759287,0,0,0,0.927260038651492,0.98260682843032,0,0.00853553789993558,0,0,0
MTM1,0,0.238243504401976,0.516695297401761,0,0.482928924200129,0.429299978526949,0,0.204423448572042,0.291013528022332,0,0.274532961133777,0.176937942881683,0,0,0.158524801374275,0.147734593085677,0,0.193901653424952,0.590508911316298,0,0,0,0.216448357311574,0.427367403908095,0,0.417489800300623,0,0,0
CHCHD2,0,0.593300407987975,0.519379428816835,0,0.656484861498819,0.419905518574189,0,0.860693579557655,0.572364182950397,0,0.880931930427314,0.703188748121108,0,0,0.912389950611982,0.843246725359674,0,0.803092119390165,0.706248657934292,0,0,0,0.725305990981318,0.50397251449431,0,0.323706248657934,0,0,0
ST3GAL1,0,0.722675542194546,0.601513850118102,0,0.587878462529525,0.62899935580846,0,0.755690358599957,0.360747262185957,0,0.26304487867726,0.573867296542839,0,0,0.732070002147305,0.541711402190251,0,0.85833154391239,0.926508481855272,0,0,0,0.349312862357741,0.404391238995061,0,0.920066566459094,0,0,0
KCNE2,0,0.548797509126047,0.268091045737599,0,0.538490444492162,0.452276143439983,0,0.672213871591153,0.291013528022332,0,0.195565814902298,0.857150526089757,0,0,0.598668670818123,0.388984324672536,0,0.855056903586,0.208073867296543,0,0,0,0.190358599957054,0.394298904874383,0,0.985935151385012,0,0,0
MED13L,0,0.518896285162121,0.74312862357741,0,0.520882542409276,0.382488726648057,0,0.5434829289242,0.617135494953833,0,0.183809319304273,0.354895855701095,0,0,0.538114666094052,0.414000429461026,0,0.610586214301052,0.835731157397466,0,0,0,0.343890916899291,0.409652136568606,0,0.761380717199914,0,0,0
CD97,0,0.800622718488297,0.583047025982392,0,0.241088683701954,0.00547562808675113,0,0.79783122181662,0.82064633884475,0,0.968166201417221,0.890272707751771,0,0,0.794502898861928,0.89021902512347,0,0.891883186600816,0.34093837234271,0,0,0,0.955550783766373,0.40653854412712,0,0.865793429246296,0,0,0
SCD,0,0.993397036718918,0.076014601674898,0,0.992538114666094,0.577571397895641,0,0.990122396392527,0.894352587502684,0,0.800837449001503,0.932037792570324,0,0,0.993074940949109,0.842602533820056,0,0.994524371913249,0.913624651062916,0,0,0,0.275069787416792,0.794234485720421,0,0.967092548851192,0,0,0
EIF1B,0,0.0271634099205497,0.427313721279794,0,0.377925703242431,0.301964784195834,0,0.514709040154606,0.31484861498819,0,0.944760575477775,0.885119175434829,0,0,0.434882971870303,0.575048314365471,0,0.667865578698733,0.14456731801589,0,0,0,0.526572901009233,0.00300622718488297,0,0.92897788275714,0,0,0
TMEM54,0,0.796918617135495,0.266534249516856,0,0.736096199269916,0.815600171784411,0,0.614827141936869,0.797240712905304,0,0.399130341421516,0.540798797509126,0,0,0.590508911316298,0.55545415503543,0,0.630931930427314,0.811037148378785,0,0,0,0.583905948035216,0.882112948249946,0,0.230244792785055,0,0,0
SGK2,0,0.446263689070217,0.263474339703672,0,0.686117672321237,0.852855915825639,0,0.538490444492162,0.420442344857204,0,0.125402619712261,0.536504187245007,0,0,0.463549495383294,0.545469186171355,0,0.427635817049603,0.570538973588147,0,0,0,0.589596306635173,0.713173716985184,0,0.259984968864076,0,0,0
CXCL1,0,0.624006871376423,0.967468327249302,0,0.241088683701954,0.123308997208503,0,0.584442774318231,0.291013528022332,0,0.401921838093193,0.0668348722353446,0,0,0.61450504616706,0.735183594588791,0,0.601943311144514,0.82102211724286,0,0,0,0.853929568391668,0.304756280867511,0,0.355110586214301,0,0,0
F2R,0,0.890272707751771,0.795952329826068,0,0.57751771526734,0.457161262615418,0,0.86740390809534,0.446907880609835,0,0.472246081168134,0.731372127979386,0,0,0.853339059480352,0.734270989907666,0,0.929890487438265,0.819089542624007,0,0,0,0.667436117672321,0.562916040369337,0,0.96231479493236,0,0,0
RALB,0,0.972890272707752,0.941861713549495,0,0.875402619712261,0.843354090616277,0,0.959899076658793,0.841367833369122,0,0.67897788275714,0.636139145372557,0,0,0.92790423019111,0.972192398539833,0,0.940627013098561,0.917489800300623,0,0,0,0.975842817264333,0.846789778827571,0,0.443579557655143,0,0,0
ABHD14A,0,0.721977668026627,0.168187674468542,0,0.725413356237921,0.877764655357526,0,0.849151814472837,0.667919261327035,0,0.949967790423019,0.875187889199055,0,0,0.829235559372987,0.901599742323384,0,0.844159330040799,0.121966931500966,0,0,0,0.866330255529311,0.700987760360747,0,0.592280438050247,0,0,0
TTC7B,0,0.529847541335624,0.630395104144299,0,0.500536826283015,0.537899935580846,0,0.537470474554434,0.673716985183595,0,0.386783336912175,0.208395963066352,0,0,0.506817693794288,0.536933648271419,0,0.427582134421301,0.751395748335839,0,0,0,0.509287094696156,0.646499892634743,0,0.151975520721495,0,0,0
PSMB6,0,0.790047240712905,0.0221172428602104,0,0.893010521795147,0.888608546274426,0,0.739639252737814,0.86992699162551,0,0.81774747691647,0.734861498818982,0,0,0.824833583852265,0.674146446210006,0,0.463227399613485,0.22970796650204,0,0,0,0.536987330899721,0.847219239853983,0,0.081812325531458,0,0,0
GSTO1,0,0.547670173931716,0.142205282370625,0,0.554917328752416,0.608868370195405,0,0.454852909598454,0.508052394245222,0,0.791979815331759,0.391131629804595,0,0,0.63876959415933,0.438640755851406,0,0.222675542194546,0.279095984539403,0,0,0,0.350225467038866,0.143815761219669,0,0.176347433970367,0,0,0
FHDC1,0,0.696854197981533,0.089059480352158,0,0.910296328108224,0.993772815117028,0,0.488511917543483,0.94964569465321,0,0.161101567532746,0.341850977023835,0,0,0.30217951470904,0.312486579342925,0,0.250590508911316,0.778505475628087,0,0,0,0.190358599957054,0.983841528881254,0,0.106237921408632,0,0,0
COG3,0,0.360586214301052,0.24855056903586,0,0.585248013742753,0.695082671247584,0,0.334281726433326,0.867887051750054,0,0.687513420657075,0.737652995490659,0,0,0.331919690788061,0.344857204208718,0,0.327839811037148,0.202115095555078,0,0,0,0.363914537255744,0.704530813828645,0,0.279579128194116,0,0,0
GPR18,0,0.323867296542839,0.401062916040369,0,0.48260682843032,0.56232553145802,0,0.513313291818767,0.558460382220313,0,0.304273137212798,0.979224822847327,0,0,0.556474124973159,0.411906806957269,0,0.904176508481855,0.341689929138931,0,0,0,0.38007300837449,0.458449645694653,0,0.996403263903801,0,0,0
MLLT10,0,0.337234270989908,0.444277431823062,0,0.704477131200344,0.55362894567318,0,0.313506549280653,0.509984968864076,0,0.291174575907236,0.450343568821129,0,0,0.233734163624651,0.352587502684131,0,0.258964998926347,0.594964569465321,0,0,0,0.354144298904874,0.338737384582349,0,0.297079665020399,0,0,0
APOL3,0,0.584281726433326,0.899022976164913,0,0.241088683701954,0.331543912389951,0,0.617081812325531,0.291013528022332,0,0.538168348722353,0.652029203349796,0,0,0.659866867081812,0.786074726218596,0,0.820807386729654,0.381737169851836,0,0,0,0.892581060768735,0.0785913678333691,0,0.972138715911531,0,0,0
MKS1,0,0.76121966931501,0.572364182950397,0,0.555990981318445,0.625832080738673,0,0.494631737169852,0.810070861069358,0,0.685634528666524,0.78951041442989,0,0,0.566512776465536,0.640380073008375,0,0.604949538329397,0.247906377496242,0,0,0,0.782853768520507,0.54455658149023,0,0.582080738672965,0,0,0
MANSC1,0,0.774318230620571,0.0179299978526949,0,0.948357311573975,0.98985398325102,0,0.843890916899291,0.978204852909598,0,0.406431178870517,0.950934077732446,0,0,0.645587287953618,0.622127979385871,0,0.865632381361391,0.290906162765729,0,0,0,0.288383079235559,0.979224822847327,0,0.832080738672965,0,0,0
GNB5,0,0.73947820485291,0.404015460596951,0,0.800085892205282,0.832778612840885,0,0.720259823920979,0.862518788919906,0,0.312862357741035,0.858546274425596,0,0,0.545200773029848,0.606452651921838,0,0.793160833154391,0.78730942666953,0,0,0,0.489692935366116,0.797562808675113,0,0.425971655572257,0,0,0
STYK1,0,0.588522654069143,0.191700665664591,0,0.922052823706249,0.92355593729869,0,0.514225896499893,0.923233841528881,0,0.626852050676401,0.398164054112089,0,0,0.264064848614988,0.388179085248014,0,0.112572471548207,0.742323384152888,0,0,0,0.190358599957054,0.938318660081598,0,0.0271097272922482,0,0,0
CDHR2,0,0.80217951470904,0.119765943740606,0,0.825263044878677,0.968434614558729,0,0.695619497530599,0.953188748121108,0,0.516910027914967,0.430749409491089,0,0,0.581704960274855,0.633293966072579,0,0.197337341636246,0.820700021473051,0,0,0,0.653693364827142,0.978204852909598,0,0.00665664590938372,0,0,0
ESPL1,0,0.351352802233197,0.195887910672107,0,0.726701739317157,0.364773459308568,0,0.616330255529311,0.82392097917114,0,0.918563452866652,0.880770882542409,0,0,0.691485935151385,0.602426454799227,0,0.595930856774748,0.0927635817049603,0,0,0,0.545630234056259,0.564258106076874,0,0.790691432252523,0,0,0
RPS23,0,0.771473051320593,0.308138286450505,0,0.641883186600816,0.607794717629375,0,0.714086321666309,0.548153317586429,0,0.0988834013313292,0.268037363109298,0,0,0.846521365686064,0.426401116598669,0,0.643332617564956,0.919905518574189,0,0,0,0.25907236418295,0.805829933433541,0,0.243611767232124,0,0,0
VEGFB,0,0.800676401116599,0.366222890272708,0,0.893439982821559,0.826605110586214,0,0.848507622933219,0.629160403693365,0,0.960650633455014,0.913248872664806,0,0,0.838576336697445,0.922858063130771,0,0.829181876744685,0.249087395318875,0,0,0,0.960274855056904,0.796864934507193,0,0.570807386729654,0,0,0
ANKRD17,0,0.294986042516642,0.466072578913464,0,0.48512991196049,0.479171140219025,0,0.34925917972944,0.344964569465321,0,0.648003006227185,0.443955336053253,0,0,0.404444921623363,0.492860210435903,0,0.395802018466824,0.218273566673824,0,0,0,0.620356452651922,0.122181662014172,0,0.425327464032639,0,0,0
DNAH6,0,0.687137642258965,0.564043375563668,0,0.5434829289242,0.648861928280009,0,0.794395533605325,0.699806742538115,0,0.474124973158686,0.237814043375564,0,0,0.740176079020829,0.609083100708611,0,0.781565385441271,0.937083959630663,0,0,0,0.209630663517286,0.502200987760361,0,0.72246081168134,0,0,0
POLK,0,0.549763796435473,0.209254885119175,0,0.493235988834013,0.799710113807172,0,0.29783122181662,0.713978956409706,0,0.567318015890058,0.606076873523728,0,0,0.317693794288168,0.374973158685849,0,0.0596950826712476,0.186869229117458,0,0,0,0.497047455443418,0.679138930642044,0,0.118209147519863,0,0,0
NFAT5,0,0.599742323384153,0.313828645050462,0,0.77211724286021,0.450665664590938,0,0.74565170710758,0.691056474124973,0,0.353768520506764,0.539403049173288,0,0,0.61160618423878,0.566942237491948,0,0.591958342280438,0.414215159974232,0,0,0,0.381092978312218,0.579826068284303,0,0.492323384152888,0,0,0
BTF3,0,0.833637534893708,0.0593729869014387,0,0.774425595877174,0.434560876100494,0,0.822310500322096,0.572847326605111,0,0.871161692076444,0.828376637320163,0,0,0.83803951041443,0.743611767232124,0,0.88189821773674,0.275069787416792,0,0,0,0.676401116598669,0.670012883830792,0,0.649828215589435,0,0,0
PRICKLE3,0,0.743987545630234,0.929944170066566,0,0.687245007515568,0.456087610049388,0,0.636837019540477,0.359512561735023,0,0.834335409061628,0.376905733304703,0,0,0.673233841528881,0.780652780760146,0,0.574243074940949,0.832510199699377,0,0,0,0.878301481640541,0.392366330255529,0,0.305185741893923,0,0,0
SI,0,0.481962636890702,0.26014601674898,0,0.638447498389521,0.833637534893708,0,0.16051105862143,0.87245007515568,0,0.498980030062272,0.249033712690573,0,0,0.101406484861499,0.109619926991626,0,0.0157290100923341,0.539403049173288,0,0,0,0.190358599957054,0.908256388232768,0,0.0594266695297402,0,0,0
KDM2A,0,0.504509340777324,0.0226003865149238,0,0.823223105003221,0.931662014172214,0,0.534947391024265,0.810070861069358,0,0.708718058836161,0.918026626583638,0,0,0.533766373201632,0.418778183379858,0,0.577356667382435,0.0147627227829075,0,0,0,0.440519647841958,0.781619068069573,0,0.950826712475843,0,0,0
STX6,0,0.965374704745544,0.894728365900795,0,0.881790852480137,0.695404767017393,0,0.924307494094911,0.782907451148808,0,0.161423663302555,0.678655786987331,0,0,0.934882971870303,0.755207214945244,0,0.925112733519433,0.971977668026627,0,0,0,0.544824994631737,0.748282155894353,0,0.934399828215589,0,0,0
B3GALT5,0,0.614666094051965,0.488995061198196,0,0.762830148164054,0.766534249516856,0,0.41378569894782,0.704208718058836,0,0.347970796650204,0.281565385441271,0,0,0.452974017607902,0.440304917328752,0,0.315063345501396,0.705872879536182,0,0,0,0.561627657290101,0.745866437620786,0,0.277217092548851,0,0,0
DDX3X,0,0.678816834872235,0.732016319519004,0,0.705497101138072,0.584174361176723,0,0.553467897788276,0.689875456302341,0,0.114773459308568,0.560768735237277,0,0,0.47863431393601,0.432628301481641,0,0.59238780330685,0.799924844320378,0,0,0,0.467522009877604,0.713334764870088,0,0.626315224393386,0,0,0
KLF5,0,0.686869229117458,0.574511488082457,0,0.635656001717844,0.604573759931286,0,0.557869873308997,0.628891990551857,0,0.0519111015675327,0.222031350654928,0,0,0.514923770667812,0.304971011380717,0,0.565761219669315,0.856989478204853,0,0,0,0.190358599957054,0.824189392312648,0,0.484109942022761,0,0,0
PPIP5K2,0,0.0124006871376423,0.0672643332617565,0,0.670979171140219,0.808514064848615,0,0.317371698518359,0.552340562593945,0,0.65616276572901,0.757837663732016,0,0,0.397197766802663,0.326175649559802,0,0.283659007945029,0.0927098990766588,0,0,0,0.190358599957054,0.592978312218166,0,0.494094910886837,0,0,0
TENC1,0,0.504831436547133,0.820592656216448,0,0.241088683701954,0.321236847756066,0,0.590294180803092,0.291013528022332,0,0.852211724286021,0.374490015031136,0,0,0.646714623147949,0.773620356452652,0,0.649667167704531,0.580846038222031,0,0,0,0.883186600815976,0.357794717629375,0,0.392849473910243,0,0,0
TMEM45B,0,0.336697444706893,0.140272707751772,0,0.783873738458235,0.63114666094052,0,0.16920764440627,0.549763796435473,0,0.607687352372772,0.305239424522225,0,0,0.101406484861499,0.109619926991626,0,0.0565278076014602,0.424200128838308,0,0,0,0.190358599957054,0.816459093837234,0,0.0825638823276788,0,0,0
PRKCDBP,0,0.849312862357741,0.8767983680481,0,0.699001503113592,0.300998496886408,0,0.811144513635388,0.301750053682628,0,0.492108653639682,0.372289027270775,0,0,0.8152243933863,0.495812754992484,0,0.824672535967361,0.909115310285592,0,0,0,0.301052179514709,0.127818337985828,0,0.951309856130556,0,0,0
UBXN1,0,0.740766587932145,0.0376852050676401,0,0.964676830577625,0.812862357741035,0,0.946854197981533,0.94637105432682,0,0.959469615632381,0.925059050891132,0,0,0.96703886622289,0.955872879536182,0,0.728312218166201,0.246134850762293,0,0,0,0.810285591582564,0.672697015245866,0,0.0588361606184239,0,0,0
PTS,0,0.775767661584711,0.026197122611123,0,0.905625939445995,0.955550783766373,0,0.756334550139575,0.913141507408203,0,0.563828645050462,0.727077517715267,0,0,0.642688426025338,0.742591797294396,0,0.392956839166846,0.10688211294825,0,0,0,0.684560876100494,0.87610049388018,0,0.118531243289671,0,0,0
PTPN21,0,0.532370624865793,0.227721709254885,0,0.942613270345716,0.839327893493665,0,0.272278290745115,0.824672535967361,0,0.136085462744256,0.54310715052609,0,0,0.340455228687997,0.16958342280438,0,0.0341421515997423,0.365149237706678,0,0,0,0.277056044663947,0.929783122181662,0,0.129375134206571,0,0,0
CILP2,0,0.667597165557226,0.200289886192828,0,0.852050676401117,0.656968005153532,0,0.748604251664161,0.739961348507623,0,0.810607687352373,0.69964569465321,0,0,0.700665664590938,0.619282800085892,0,0.702490873953189,0.301052179514709,0,0,0,0.479761649130341,0.643654713334765,0,0.507300837449001,0,0,0
PDE1B,0,0.612948249946317,0.519594159330041,0,0.496295898647198,0.415396177796865,0,0.614880824565171,0.5905625939446,0,0.268788919905519,0.400526089757355,0,0,0.498443203779257,0.411853124328967,0,0.663624651062916,0.620732231050032,0,0,0,0.190358599957054,0.353929568391668,0,0.786987330899721,0,0,0
PQBP1,0,0.685634528666524,0.546059695082671,0,0.576121966931501,0.731908954262401,0,0.579557655142796,0.569143225252308,0,0.538222031350655,0.534464247369551,0,0,0.519111015675327,0.630770882542409,0,0.541765084818553,0.542946102641185,0,0,0,0.774747691646983,0.822310500322096,0,0.338791067210651,0,0,0
CDSN,0,0.906968005153532,0.568660081597595,0,0.790476701739317,0.812057118316513,0,0.888501181017823,0.896607257891346,0,0.886783336912175,0.887588576336697,0,0,0.769594159330041,0.910188962851621,0,0.925434829289242,0.855378999355808,0,0,0,0.877979385870732,0.839435258750268,0,0.607687352372772,0,0,0
PCYT1A,0,0.765997423233842,0.157665879321452,0,0.824404122825854,0.935419798153318,0,0.658363753489371,0.949055185741894,0,0.645265192183809,0.876529954906592,0,0,0.638125402619712,0.614182950397251,0,0.462905303843676,0.298582778612841,0,0,0,0.509287094696156,0.87100064419154,0,0.228741679192613,0,0,0
LMBRD2,0,0.449914107794718,0.127281511702813,0,0.76159544771312,0.809211939016534,0,0.156001717844106,0.776626583637535,0,0.678924200128838,0.780491732875242,0,0,0.1594374060554,0.164537255744041,0,0.0768198410994202,0.137749624221602,0,0,0,0.204960274855057,0.769057333047026,0,0.228419583422804,0,0,0
SLC5A1,0,0.512776465535753,0.264816405411209,0,0.67318015890058,0.847541335623792,0,0.206248657934292,0.87389950611982,0,0.646983036289457,0.292892420012884,0,0,0.178118960704316,0.14891561090831,0,0.0116491303414215,0.580953403478634,0,0,0,0.229010092334121,0.928763152243934,0,0.0607687352372772,0,0,0
SNX7,0,0.827034571612626,0.843193042731372,0,0.594696156323814,0.635817049602749,0,0.903800730083745,0.687245007515568,0,0.0519111015675327,0.253757783981104,0,0,0.808943525875027,0.818767446854198,0,0.843568821129483,0.965159974232338,0,0,0,0.539671462314795,0.700558299334335,0,0.198572042087181,0,0,0
TNK1,0,0.476862787202061,0.150257676615847,0,0.78188748121108,0.91593300407988,0,0.445834228043805,0.70941593300408,0,0.735720420871806,0.556581490229762,0,0,0.403102855915826,0.545361820914752,0,0.0876637320163195,0.322793643976809,0,0,0,0.563828645050462,0.879750912604681,0,0.0283444277431823,0,0,0
METAP1,0,0.758642903156539,0.782853768520507,0,0.693955336053253,0.395265192183809,0,0.71086536396822,0.485183594588791,0,0.261434399828216,0.714676830577625,0,0,0.738350869658578,0.697713120034357,0,0.749677904230191,0.421247584281726,0,0,0,0.719132488726648,0.456624436332403,0,0.831221816620142,0,0,0
CCDC138,0,0.388662228902727,0.470957698088898,0,0.425327464032639,0.482928924200129,0,0.615793429246296,0.566136998067425,0,0.309748765299549,0.574887266480567,0,0,0.508267124758428,0.696317371698518,0,0.584657504831437,0.309104573759931,0,0,0,0.681071505260898,0.486418295039725,0,0.212207429675757,0,0,0
MEP1A,0,0.864290315653854,0.338254240927636,0,0.993450719347219,0.922428602104359,0,0.790369336482714,0.95796650203994,0,0.183487223534464,0.41775821344213,0,0,0.654552286879966,0.527700236203565,0,0.552286879965643,0.924522224608117,0,0,0,0.190358599957054,0.936010307064634,0,0.120732231050032,0,0,0
SLC25A34,0,0.911906806957269,0.411101567532746,0,0.888340133132918,0.923341206785484,0,0.832885978097488,0.939338630019326,0,0.255475628086751,0.521043590294181,0,0,0.844320377925703,0.808728795361821,0,0.667972943955336,0.903961777968649,0,0,0,0.762293321881039,0.890916899291389,0,0.166147734593086,0,0,0
ST6GALNAC1,0,0.712368477560661,0.430588361606184,0,0.597219239853983,0.687298690143869,0,0.607526304487868,0.70361820914752,0,0.593676186386085,0.460919046596521,0,0,0.672428602104359,0.500053682628302,0,0.585945887910672,0.448518359458879,0,0,0,0.520721494524372,0.720152458664376,0,0.602641185312433,0,0,0
ABI1,0,0.910350010736526,0.978419583422804,0,0.556581490229762,0.0106291604036934,0,0.898056688855486,0.477399613485076,0,0.28478634313936,0.633616061842388,0,0,0.963066351728581,0.946693150096629,0,0.911477345930857,0.769111015675327,0,0,0,0.972353446424737,0.463227399613485,0,0.955819196907881,0,0,0
MTX1,0,0.791711402190251,0.0551857418939231,0,0.917060339274211,0.889360103070646,0,0.900579772385656,0.990873953188748,0,0.993611767232124,0.979815331758643,0,0,0.835838522654069,0.950934077732446,0,0.903102855915826,0.0946424736955121,0,0,0,0.924951685634529,0.823437835516427,0,0.807118316512776,0,0,0
GOLGA1,0,0.33803951041443,0.201041442989049,0,0.606184238780331,0.581758642903156,0,0.131629804595233,0.608009448142581,0,0.281565385441271,0.372342709899077,0,0,0.149720850332832,0.178172643332618,0,0.00515353231694224,0.122342709899077,0,0,0,0.190358599957054,0.451041442989049,0,0.109995705389736,0,0,0
KIAA0101,0,0.455336053253167,0.188211294824995,0,0.241088683701954,0.36450504616706,0,0.536557869873309,0.291013528022332,0,0.69057333047026,0.633830792355594,0,0,0.621054326819841,0.747208503328323,0,0.615793429246296,0.0441808030921194,0,0,0,0.863377710972729,0.119765943740606,0,0.656968005153532,0,0,0
PSD4,0,0.60108438909169,0.139896929353661,0,0.906699592012025,0.942828000858922,0,0.400203993987546,0.932359888340133,0,0.386192828000859,0.787255744041228,0,0,0.381844535108439,0.408900579772386,0,0.240068713764226,0.21956194975306,0,0,0,0.503220957698089,0.915235129911961,0,0.261488082456517,0,0,0
PREP,0,0.528559158256388,0.557118316512776,0,0.335784840025768,0.548153317586429,0,0.344481425810608,0.705336053253167,0,0.389413785698948,0.314419153961778,0,0,0.32499463173717,0.39891561090831,0,0.391400042946103,0.624543697659437,0,0,0,0.525552931071505,0.715696800515353,0,0.353822203135066,0,0,0
SERTAD2,0,0.911638393815761,0.530330684990337,0,0.974339703671892,0.908846897144084,0,0.909276358170496,0.924683272493021,0,0.1340455228688,0.782531672750698,0,0,0.763152243933863,0.851674898003006,0,0.90653854412712,0.954745544341851,0,0,0,0.709523298260683,0.840401546059695,0,0.877227829074511,0,0,0
C17orf50,0,0.770345716126262,0.510682843031995,0,0.771258320807387,0.61885333905948,0,0.757300837449001,0.826283014816405,0,0.725896499892635,0.656645909383723,0,0,0.75107365256603,0.738995061198196,0,0.624221601889628,0.564580201846682,0,0,0,0.590401546059695,0.512078591367833,0,0.162121537470475,0,0,0
MMACHC,0,0.624436332402834,0.126046811251879,0,0.941754348292892,0.843622503757784,0,0.861445136353876,0.901009233412068,0,0.958557010951256,0.989424522224608,0,0,0.773459308567747,0.883401331329182,0,0.864827141936869,0.0917436117672321,0,0,0,0.812647627227829,0.677206356023191,0,0.436063989692935,0,0,0
CCL4,0,0.0503006227184883,0.468058836160618,0,0.241088683701954,0.131844535108439,0,0.209147519862572,0.291013528022332,0,0.154069143225252,0.85725789134636,0,0,0.101406484861499,0.109619926991626,0,0.71918617135495,0.214891561090831,0,0,0,0.190358599957054,0.300193257461885,0,0.955765514279579,0,0,0
RSPRY1,0,0.915235129911961,0.900633455013958,0,0.619443847970797,0.566888554863646,0,0.854144298904874,0.57789349366545,0,0.119658578484003,0.201900365041872,0,0,0.852963281082242,0.691808030921194,0,0.791442989048744,0.954101352802233,0,0,0,0.58224178655787,0.716448357311574,0,0.500107365256603,0,0,0
MRPL55,0,0.507139789564097,0.0674790637749624,0,0.956248657934292,0.913570968434615,0,0.631629804595233,0.89311788705175,0,0.566405411208933,0.839059480352158,0,0,0.565439123899506,0.661369980674254,0,0.322471548207,0.13189821773674,0,0,0,0.534088468971441,0.824404122825854,0,0.0672643332617565,0,0,0
REV3L,0,0.847917114021903,0.486418295039725,0,0.597595018252094,0.726916469830363,0,0.806474124973159,0.544449216233627,0,0.65363968219884,0.340079450289886,0,0,0.899881898217737,0.758374490015031,0,0.535108438909169,0.783390594803522,0,0,0,0.747423233841529,0.692237491947606,0,0.0738672965428387,0,0,0
IL1B,0,0.817318015890058,0.990337126905733,0,0.295844964569465,0.131307708825424,0,0.785591582563882,0.291013528022332,0,0.455980244792785,0.4492699162551,0,0,0.790530384367619,0.907719561949753,0,0.864451363538759,0.892903156538544,0,0,0,0.959845394030492,0.120946961563238,0,0.744792785054756,0,0,0
HAS1,0,0.977668026626584,0.993665449860425,0,0.538114666094052,0.229976379643547,0,0.964515782692721,0.425112733519433,0,0.295522868799656,0.211133777109727,0,0,0.963388447498389,0.940519647841958,0,0.960757998711617,0.989907665879321,0,0,0,0.901492377066781,0.38587073223105,0,0.830631307708825,0,0,0
RPS16,0,0.775230835301696,0.105271634099205,0,0.853661155250161,0.914429890487438,0,0.795898647197767,0.86992699162551,0,0.934131415074082,0.814419153961778,0,0,0.808836160618424,0.842709899076659,0,0.639306420442345,0.243021258320807,0,0,0,0.849420227614344,0.847970796650204,0,0.222353446424737,0,0,0
DYNC1LI2,0,0.368209147519863,0.336804809963496,0,0.590401546059695,0.703349796006012,0,0.424253811466609,0.620249087395319,0,0.408095340347863,0.224661799441701,0,0,0.266426884260253,0.411262615417651,0,0.0847648700880395,0.770506764011166,0,0,0,0.222407129053038,0.49747691646983,0,0.0771419368692291,0,0,0
METRNL,0,0.998604251664161,0.960006441915396,0,0.982392097917114,0.946800515353232,0,0.991088683701954,0.991088683701954,0,0.661369980674254,0.429944170066566,0,0,0.989156109083101,0.973963925273781,0,0.976218595662444,0.994094910886837,0,0,0,0.924951685634529,0.918456087610049,0,0.412550998496886,0,0,0
NOS2,0,0.473266051105862,0.48443203779257,0,0.407773244578055,0.631307708825424,0,0.429461026411853,0.639896929353661,0,0.196693150096629,0.477238565600172,0,0,0.378945673180159,0.29675756925059,0,0.437728151170281,0.766104788490444,0,0,0,0.271150955550784,0.745705389735882,0,0.678602104359029,0,0,0
ACRBP,0,0.554273137212798,0.0896499892634743,0,0.92318015890058,0.94492162336268,0,0.578859780974877,0.825960919046597,0,0.650687137642259,0.831436547133348,0,0,0.597380287738888,0.596091904659652,0,0.470474554434185,0.332939660725789,0,0,0,0.562701309856131,0.963656860639897,0,0.128677260038651,0,0,0
NOP14,0,0.720152458664376,0.50252308353017,0,0.59093837234271,0.406055400472407,0,0.866115525016105,0.689607043160833,0,0.31774747691647,0.787094696156324,0,0,0.876422589649989,0.835301696371054,0,0.898217736740391,0.77066781189607,0,0,0,0.761273351943311,0.653317586429032,0,0.863001932574619,0,0,0
WDR44,0,0.426723212368478,0.568445351084389,0,0.43187674468542,0.522224608116813,0,0.279632810822418,0.618155464891561,0,0.0721494524371913,0.20544341850977,0,0,0.241893923126476,0.285698947820485,0,0.266856345286665,0.603768520506764,0,0,0,0.417328752415718,0.684131415074082,0,0.305776250805239,0,0,0
DHRS3,0,0.965106291604037,0.945726862787202,0,0.52646553575263,0.633562379214086,0,0.939445995275929,0.50472407129053,0,0.757891346360318,0.336482714193687,0,0,0.93949967790423,0.985559372986901,0,0.884474983895212,0.865041872450075,0,0,0,0.994363324028344,0.708449645694653,0,0.0836912175220099,0,0,0
HOXC8,0,0.257569250590509,0.63442130126691,0,0.255744041228259,0.20796650203994,0,0.397519862572472,0.291013528022332,0,0.91378569894782,0.54493235988834,0,0,0.363699806742538,0.506227184882972,0,0.628730942666953,0.699967790423019,0,0,0,0.515031135924415,0.0550246940090187,0,0.642903156538544,0,0,0
HADH,0,0.918026626583638,0.113109297831222,0,0.996617994417007,0.997047455443419,0,0.626583637534894,0.992645479922697,0,0.314955980244793,0.695834228043805,0,0,0.552984754133562,0.665610908310071,0,0.0817049602748551,0.257086106935796,0,0,0,0.802770023620356,0.997369551213227,0,0.0215267339488941,0,0,0
NPAS1,0,0.583047025982392,0.397305132059266,0,0.421354949538329,0.601996993772815,0,0.478312218166201,0.655572256817694,0,0.330040798797509,0.458395963066352,0,0,0.471494524371913,0.606345286665235,0,0.433487223534464,0.298636461241142,0,0,0,0.706087610049388,0.593193042731372,0,0.25434829289242,0,0,0
NPL,0,0.506280867511273,0.369014386944385,0,0.636568606398969,0.527002362035645,0,0.577571397895641,0.291013528022332,0,0.722514494309641,0.627066781189607,0,0,0.495383293966073,0.418456087610049,0,0.619336482714194,0.609673609619927,0,0,0,0.190358599957054,0.128140433755637,0,0.618316512776465,0,0,0
BDH1,0,0.838361606184239,0.441432252523084,0,0.853768520506764,0.817425381146661,0,0.691754348292892,0.846843461455873,0,0.503918831866008,0.56629804595233,0,0,0.707161262615418,0.565439123899506,0,0.620946961563238,0.805400472407129,0,0,0,0.47208503328323,0.780384367618639,0,0.367994417006657,0,0,0
SLC1A7,0,0.855110586214301,0.981640541120893,0,0.477560661369981,0.463120034356882,0,0.963978956409706,0.457483358385227,0,0.238297187030277,0.291174575907236,0,0,0.939660725789135,0.970367189177582,0,0.965857848400258,0.975467038866223,0,0,0,0.933487223534464,0.368370195404767,0,0.697927850547563,0,0,0
SLCO2B1,0,0.482928924200129,0.198088898432467,0,0.577947176293751,0.816888554863646,0,0.304004724071291,0.681125187889199,0,0.490283444277432,0.409866867081812,0,0,0.293375563667597,0.295844964569465,0,0.0426240068713764,0.254509340777324,0,0,0,0.427045308138286,0.857472621859566,0,0.11375348937084,0,0,0
GNLY,0,0.698410994202276,0.953510843890917,0,0.241088683701954,0.261273351943311,0,0.667811896070432,0.291013528022332,0,0.474447068928495,0.479171140219025,0,0,0.695512132273996,0.812379214086322,0,0.753811466609405,0.61520292033498,0,0,0,0.907773244578055,0.114343998282156,0,0.844857204208718,0,0,0
ZNF462,0,0.872020614129268,0.950880395104144,0,0.617779686493451,0.440788060983466,0,0.890755851406485,0.477936439768091,0,0.454852909598454,0.207644406270131,0,0,0.847541335623792,0.837556366759717,0,0.87100064419154,0.962207429675757,0,0,0,0.734217307279364,0.436976594374061,0,0.558836160618424,0,0,0
ELMO3,0,0.651760790208289,0.0881468756710329,0,0.98223105003221,0.882435044019755,0,0.622664805668886,0.951792999785269,0,0.945082671247584,0.897358814687567,0,0,0.493074940949109,0.613001932574619,0,0.389574833583852,0.1014601674898,0,0,0,0.59276358170496,0.956731801589006,0,0.188587073223105,0,0,0
KCNQ1,0,0.485452007730298,0.133240283444277,0,0.705872879536182,0.766856345286665,0,0.420442344857204,0.82354520077303,0,0.313882327678763,0.362250375778398,0,0,0.38259609190466,0.274908739531887,0,0.338200558299334,0.699055185741894,0,0,0,0.242108653639682,0.88479707966502,0,0.218595662443633,0,0,0
DPP9,0,0.45979171140219,0.141346360317801,0,0.929675756925059,0.760629160403693,0,0.850064419153962,0.739102426454799,0,0.97063560231909,0.982338415288812,0,0,0.822578913463603,0.769003650418725,0,0.881092978312218,0.176508481855272,0,0,0,0.507676615847112,0.388286450504617,0,0.921515997423234,0,0,0
TPRA1,0,0.898969293536612,0.906753274640326,0,0.469991410779472,0.452222460811681,0,0.962744255958772,0.55615202920335,0,0.92645479922697,0.879965643117887,0,0,0.971548207000215,0.978097487652996,0,0.982338415288812,0.674092763581705,0,0,0,0.96811251878892,0.504938801803736,0,0.865900794502899,0,0,0
CMKLR1,0,0.596682413570968,0.973749194760576,0,0.294986042516642,0.00155679622074297,0,0.9094374060554,0.291013528022332,0,0.172804380502469,0.761756495598024,0,0,0.949914107794718,0.917543482928924,0,0.973266051105862,0.963012669100279,0,0,0,0.811251878891991,0.00687137642258965,0,0.954101352802233,0,0,0
MRPL33,0,0.971816620141722,0.613001932574619,0,0.953188748121108,0.899345071934722,0,0.989424522224608,0.898110371483788,0,0.695780545415503,0.758642903156539,0,0,0.991464462100064,0.971118745973803,0,0.981801589005798,0.975950182520936,0,0,0,0.868262830148164,0.746510629160404,0,0.69782048529096,0,0,0
EVPL,0,0.825746188533391,0.0497637964354735,0,0.99457805454155,0.983358385226541,0,0.506710328537685,0.978902727077518,0,0.906484861498819,0.706194975305991,0,0,0.599312862357741,0.513313291818767,0,0.0342495168563453,0.349098131844535,0,0,0,0.555990981318445,0.980191110156753,0,0.00977023835086966,0,0,0
CCDC77,0,0.333208073867297,0.0910994202276143,0,0.867511273351943,0.900150311359244,0,0.701792999785269,0.905572256817694,0,0.689338630019326,0.840294180803092,0,0,0.578108224178656,0.471226111230406,0,0.593944599527593,0.213710543268198,0,0,0,0.190358599957054,0.8297187030277,0,0.608868370195405,0,0,0
TUBB2A,0,0.83116813399184,0.496295898647198,0,0.865256602963281,0.657665879321452,0,0.780545415503543,0.498657934292463,0,0.320807386729654,0.555883616061842,0,0,0.783014816405411,0.435902941808031,0,0.793912389950612,0.870571183165128,0,0,0,0.199323598883401,0.617833369121752,0,0.912175220098776,0,0,0
ZZEF1,0,0.501342065707537,0.166201417221387,0,0.561681339918402,0.803682628301482,0,0.650257676615847,0.679407343783552,0,0.659115310285592,0.619819626368907,0,0,0.668563452866652,0.483787846252953,0,0.546435473480782,0.411638393815761,0,0,0,0.245598024479279,0.823276787631522,0,0.0951792999785269,0,0,0
POLR3K,0,0.807386729654284,0.287899935580846,0,0.589649989263474,0.668778183379858,0,0.666845608761005,0.711294824994632,0,0.732821558943526,0.556849903371269,0,0,0.717844105647413,0.768896285162121,0,0.595555078376637,0.379804595232983,0,0,0,0.85725789134636,0.660081597595018,0,0.422697015245866,0,0,0
CHAC1,0,0.826068284303199,0.542462958986472,0,0.926776894996779,0.797562808675113,0,0.729869014386944,0.88984324672536,0,0.80217951470904,0.563452866652351,0,0,0.578859780974877,0.756710328537685,0,0.562379214086322,0.809587717414645,0,0,0,0.755636675971656,0.85215804165772,0,0.0661906806957269,0,0,0
ZFC3H1,0,0.74962422160189,0.510307064633884,0,0.849312862357741,0.609083100708611,0,0.739209791711402,0.703296113377711,0,0.835301696371054,0.960435902941808,0,0,0.810554004724071,0.584281726433326,0,0.851835945887911,0.614182950397251,0,0,0,0.491088683701954,0.66196048958557,0,0.917650848185527,0,0,0
CARD11,0,0.601674898003006,0.454530813828645,0,0.636837019540477,0.797348078161907,0,0.430158900579772,0.710221172428602,0,0.0974339703671892,0.637964354734808,0,0,0.363968219884046,0.433594588791067,0,0.594374060554005,0.690143869443848,0,0,0,0.557923555937299,0.829987116169208,0,0.766802662658364,0,0,0
LEMD3,0,0.347004509340777,0.158310070861069,0,0.480942666952974,0.565385441271205,0,0.171623362679837,0.655572256817694,0,0.492484432037793,0.536182091475199,0,0,0.101406484861499,0.109619926991626,0,0.0338200558299334,0.0579772385656002,0,0,0,0.190358599957054,0.587824779901224,0,0.39204423448572,0,0,0
RBMS3,0,0.769003650418725,0.973856560017178,0,0.295415503543053,0.141936869229117,0,0.752093622503758,0.291013528022332,0,0.0720420871805884,0.171354949538329,0,0,0.821988404552287,0.783927421086536,0,0.783820055829933,0.877442559587717,0,0,0,0.844320377925703,0.169422374919476,0,0.764601674898003,0,0,0
DERL2,0,0.856613699806743,0.751932574618853,0,0.69492162336268,0.684453510843891,0,0.898432467253597,0.50037577839811,0,0.523942452222461,0.509877603607473,0,0,0.923609619926992,0.885011810178226,0,0.806098346575048,0.904605969508267,0,0,0,0.843354090616277,0.571451578269272,0,0.260038651492377,0,0,0
RPL15,0,0.744524371913249,0.590777324457806,0,0.4347756066137,0.632542409276358,0,0.499463173716985,0.617135494953833,0,0.627979385870732,0.366330255529311,0,0,0.707805454155035,0.715750483143655,0,0.145533605325317,0.289295683916685,0,0,0,0.840133132918188,0.708020184668241,0,0.0326390380073008,0,0,0
SREBF1,0,0.954584496456947,0.251664161477346,0,0.990766587932145,0.99312862357741,0,0.774747691646983,0.995329611337771,0,0.950987760360747,0.88624651062916,0,0,0.805185741893923,0.852480137427528,0,0.706356023190895,0.862733519433111,0,0,0,0.917167704530814,0.994792785054756,0,0.0741893923126476,0,0,0
LYSMD3,0,0.720957698088898,0.281082241786558,0,0.883723427098991,0.958825424092764,0,0.462958986471978,0.839918402404982,0,0.539242001288383,0.478687996564312,0,0,0.415181447283659,0.507461885333906,0,0.0989370839596307,0.68225252308353,0,0,0,0.651385011810178,0.919315009662873,0,0.137642258964999,0,0,0
C19orf24,0,0.808191969078806,0.0613592441485935,0,0.656001717844106,0.865149237706678,0,0.809909813184454,0.869443847970797,0,0.644298904874383,0.82316942237492,0,0,0.807816190680696,0.90288812540262,0,0.852265406914323,0.702974017607902,0,0,0,0.89601674898003,0.833315439123899,0,0.206302340562594,0,0,0
PIGH,0,0.714784195834228,0.153854412712046,0,0.936708181232553,0.80325316727507,0,0.829665020399399,0.945673180158901,0,0.583100708610694,0.560554004724071,0,0,0.799710113807172,0.604144298904874,0,0.59963495812755,0.451148808245652,0,0,0,0.360478849044449,0.951631951900365,0,0.155196478419583,0,0,0
BAHD1,0,0.72718488297187,0.775338200558299,0,0.750107365256603,0.411316298045952,0,0.699592012024909,0.436010307064634,0,0.445028988619283,0.400096628730943,0,0,0.709147519862573,0.571773674039081,0,0.576605110586214,0.72933218810393,0,0,0,0.493074940949109,0.386139145372557,0,0.623308997208503,0,0,0
GREM2,0,0.65288812540262,0.903747047455443,0,0.350762293321881,0.14419153961778,0,0.674092763581705,0.291013528022332,0,0.134743397036719,0.112948249946317,0,0,0.645855701095126,0.420442344857204,0,0.702759287094696,0.910081597595018,0,0,0,0.306098346575048,0.160296328108224,0,0.860317801159545,0,0,0
SLC10A7,0,0.600386514923771,0.410350010736526,0,0.405250161047885,0.62534893708396,0,0.555668885548636,0.291013528022332,0,0.658417436117672,0.148110371483788,0,0,0.565170710757999,0.566512776465536,0,0.483787846252953,0.324189392312648,0,0,0,0.63007300837449,0.538705175005368,0,0.394245222246081,0,0,0
USP21,0,0.616920764440627,0.000751556796220743,0,0.955228687996564,0.997745329611338,0,0.950397251449431,0.999248443203779,0,0.995812754992484,0.998657934292463,0,0,0.956302340562594,0.969454584496457,0,0.942666952974018,0.125671032853769,0,0,0,0.799871161692076,0.931662014172214,0,0.0665127764655358,0,0,0
NTNG2,0,0.505475628086751,0.791550354305347,0,0.377335194331114,0.388984324672536,0,0.605862143010522,0.383186600815976,0,0.251181017822633,0.304917328752416,0,0,0.593676186386085,0.661799441700666,0,0.625885763366974,0.814097058191969,0,0,0,0.687567103285377,0.341528881254026,0,0.436171354949538,0,0,0
GPSM2,0,0.797670173931716,0.124812110800945,0,0.871591153102856,0.89746617994417,0,0.61123040584067,0.804273137212798,0,0.398808245651707,0.61267983680481,0,0,0.6376959415933,0.640916899291389,0,0.525875026841314,0.3079772385656,0,0,0,0.711294824994632,0.921032853768521,0,0.121054326819841,0,0,0
KRT14,0,0.554487867726004,0.844857204208718,0,0.469508267124758,0.389628516212154,0,0.701041442989049,0.380234056259394,0,0.600279149667168,0.432520936225038,0,0,0.557816190680696,0.743933863001933,0,0.731103714837879,0.845340347863431,0,0,0,0.73840455228688,0.403371269057333,0,0.388930642044234,0,0,0
HS3ST3A1,0,0.316566459093837,0.603070646338845,0,0.241088683701954,0.103500107365257,0,0.34636031780116,0.291013528022332,0,0.130556152029203,0.57499463173717,0,0,0.30325316727507,0.370141722138716,0,0.624114236633026,0.24672535967361,0,0,0,0.498228473266051,0.300193257461885,0,0.862196693150097,0,0,0
DIRAS1,0,0.28730942666953,0.307708825424093,0,0.822739961348508,0.710006441915396,0,0.584550139574834,0.712905303843676,0,0.609029418080309,0.919744470689285,0,0,0.556742538114666,0.488726648056689,0,0.623577410350011,0.657075370410135,0,0,0,0.354788490444492,0.446532102211724,0,0.819035859995705,0,0,0
SYT12,0,0.993772815117028,0.908471118745974,0,0.662658363753489,0.839059480352158,0,0.988834013313292,0.811305561520292,0,0.208557010951256,0.429997852694868,0,0,0.979439553360533,0.990337126905733,0,0.963066351728581,0.963334764870088,0,0,0,0.99420227614344,0.925595877174146,0,0.308353016963711,0,0,0
SP1,0,0.905625939445995,0.271848829718703,0,0.815814902297616,0.906431178870517,0,0.868531243289671,0.902941808030921,0,0.779149667167705,0.948625724715482,0,0,0.866598668670818,0.928226325960919,0,0.864397680910457,0.734485720420872,0,0,0,0.953671891775821,0.961348507622933,0,0.245222246081168,0,0,0
UQCRB,0,0.495436976594374,0.137212797938587,0,0.44057333047026,0.693203779257032,0,0.579235559372987,0.656645909383723,0,0.870946961563238,0.557494094910887,0,0,0.782424307494095,0.646607257891346,0,0.463120034356882,0.728741679192613,0,0,0,0.788114666094052,0.761380717199914,0,0.130556152029203,0,0,0
ADAMTSL2,0,0.523888769594159,0.765245866437621,0,0.448679407343784,0.49962422160189,0,0.570431608331544,0.53371269057333,0,0.537255744041228,0.492591797294396,0,0,0.537470474554434,0.590025767661585,0,0.642634743397037,0.745114880824565,0,0,0,0.572203135065493,0.588898432467254,0,0.277592870946962,0,0,0
CEACAM21,0,0.184185097702384,0.741464462100064,0,0.241088683701954,0.244041228258536,0,0.0561520292033498,0.291013528022332,0,0.236257247154821,0.921193901653425,0,0,0.171301266910028,0.197498389521151,0,0.74382649774533,0.419422374919476,0,0,0,0.312271848829719,0.0188426025338201,0,0.992054971011381,0,0,0
BTBD10,0,0.601728580631308,0.604090616276573,0,0.424414859351514,0.717307279364398,0,0.397680910457376,0.522976164913034,0,0.236471977668027,0.546542838737385,0,0,0.463817908524801,0.526894996779042,0,0.428387373845823,0.760897573545201,0,0,0,0.639360103070646,0.611874597380288,0,0.365847111874597,0,0,0
SH3RF3,0,0.00928709469615632,0.757676615847112,0,0.241088683701954,0.189607043160833,0,0.564741249731587,0.291013528022332,0,0.570002147305132,0.103768520506764,0,0,0.369014386944385,0.514923770667812,0,0.605164268842603,0.827678763152244,0,0,0,0.257300837449002,0.0464354734807816,0,0.452437191324887,0,0,0
P2RY8,0,0.0166952974017608,0.166738243504402,0,0.241088683701954,0.387856989478205,0,0.0128301481640541,0.291013528022332,0,0.499838952115096,0.983089972085033,0,0,0.28333691217522,0.213925273781404,0,0.682789349366545,0.018949967790423,0,0,0,0.332993343354091,0.00429461026411853,0,0.996886407558514,0,0,0
ITPKB,0,0.970259823920979,0.941915396177797,0,0.942774318230621,0.687030277002362,0,0.96628730942667,0.632273996134851,0,0.531941163839382,0.893762078591368,0,0,0.95544341850977,0.951309856130556,0,0.983036289456732,0.958127549924844,0,0,0,0.914698303628946,0.701148808245652,0,0.877925703242431,0,0,0
MAP3K12,0,0.602265406914323,0.101621215374705,0,0.820109512561735,0.650150311359244,0,0.582832295469186,0.937620785913678,0,0.853822203135066,0.796972299763796,0,0,0.605271634099205,0.617833369121752,0,0.447927850547563,0.280760146016749,0,0,0,0.532316942237492,0.73588146875671,0,0.0807923555937299,0,0,0
SNX17,0,0.470206141292678,0.101674898003006,0,0.743719132488727,0.765031135924415,0,0.792570324243075,0.920764440627013,0,0.947766802662658,0.906860639896929,0,0,0.884313936010307,0.860532531672751,0,0.697659437406055,0.151062916040369,0,0,0,0.825799871161692,0.868262830148164,0,0.0994739102426455,0,0,0
B4GALNT3,0,0.561520292033498,0.0790745114880825,0,0.874060554004724,0.9202812969723,0,0.187352372772171,0.960435902941808,0,0.550193257461885,0.476916469830363,0,0,0.154659652136569,0.16448357311574,0,0.00708610693579558,0.177635817049603,0,0,0,0.190358599957054,0.8369658578484,0,0.138071719991411,0,0,0
EEF1G,0,0.916630878247799,0.159383723427099,0,0.951792999785269,0.987545630234056,0,0.955980244792785,0.986847756066137,0,0.800998496886408,0.893010521795147,0,0,0.94637105432682,0.946532102211724,0,0.900901868155465,0.784303199484647,0,0,0,0.910188962851621,0.975789134636032,0,0.339059480352158,0,0,0
RPL35A,0,0.0414429890487438,0.263850118101782,0,0.531565385441271,0.534142151599742,0,0.520130985613056,0.932091475198626,0,0.615793429246296,0.860478849044449,0,0,0.459308567747477,0.444814258106077,0,0.673770667811896,0.186171354949538,0,0,0,0.411853124328967,0.833047025982392,0,0.755636675971656,0,0,0
SARS2,0,0.443257461885334,0.549817479063775,0,0.241088683701954,0.301374275284518,0,0.457537041013528,0.291013528022332,0,0.82789349366545,0.831704960274855,0,0,0.671945458449646,0.717360961992699,0,0.636353875885763,0.0578698733089972,0,0,0,0.841206785484217,0.00365041872450075,0,0.947498389521151,0,0,0
RDH12,0,0.9202812969723,0.474661799441701,0,0.726594374060554,0.696585784840026,0,0.916416147734593,0.847702383508697,0,0.464086321666309,0.947122611123041,0,0,0.911638393815761,0.868960704316083,0,0.967897788275714,0.592602533820056,0,0,0,0.810715052608976,0.550515353231694,0,0.97573545200773,0,0,0
PUS10,0,0.76052179514709,0.179192613270346,0,0.645909383723427,0.652566029632811,0,0.87030277002362,0.438372342709899,0,0.877013098561306,0.764225896499893,0,0,0.844803521580417,0.81957268627872,0,0.880341421515997,0.679461026411853,0,0,0,0.612250375778398,0.428924200128838,0,0.880609834657505,0,0,0
SH3RF2,0,0.92210650633455,0.979546918617135,0,0.732821558943526,0.618907021687782,0,0.954208718058836,0.48733089972085,0,0.296811251878892,0.258159759501825,0,0,0.914000429461026,0.981908954262401,0,0.917811896070432,0.967307279364398,0,0,0,0.980459523298261,0.685419798153318,0,0.121537470474554,0,0,0
CYP4F22,0,0.785376852050676,0.57826927206356,0,0.612948249946317,0.627496242216019,0,0.665235129911961,0.740551857418939,0,0.240820270560447,0.332563882327679,0,0,0.639896929353661,0.363377710972729,0,0.645748335838523,0.869336482714194,0,0,0,0.190358599957054,0.729654283873738,0,0.779310715052609,0,0,0
PRG2,0,0.949430964140004,0.965857848400258,0,0.687620785913678,0.249141077947176,0,0.960811681339918,0.55905089113163,0,0.626529954906592,0.345930856774748,0,0,0.962100064419154,0.899506119819626,0,0.952061412926777,0.980244792785055,0,0,0,0.75832080738673,0.559104573759931,0,0.798958557010951,0,0,0
SKAP2,0,0.489907665879321,0.245168563452867,0,0.433755636675972,0.359029418080309,0,0.457053897358815,0.539939875456302,0,0.497047455443418,0.830846038222031,0,0,0.35650633455014,0.311466609405196,0,0.609029418080309,0.0450934077732446,0,0,0,0.321666308782478,0.413678333691218,0,0.913732016319519,0,0,0
C2orf76,0,0.839005797723857,0.136085462744256,0,0.897734593085677,0.963710543268198,0,0.705550783766373,0.797294395533605,0,0.545254455658149,0.837985827786128,0,0,0.809265621644836,0.70979171140219,0,0.617672321236848,0.396499892634743,0,0,0,0.781296972299764,0.902995490659223,0,0.381576121966932,0,0,0
TIAM2,0,0.885602319089543,0.93949967790423,0,0.659383723427099,0.661155250161048,0,0.910672106506335,0.651546059695083,0,0.0957161262615418,0.648861928280009,0,0,0.896660940519648,0.91448357311574,0,0.947229976379644,0.93767446854198,0,0,0,0.898486149881898,0.682843031994846,0,0.925434829289242,0,0,0
PXDN,0,0.996564311788705,0.999946317371698,0,0.465857848400258,0.37175220098776,0,0.999194760575478,0.291013528022332,0,0.594374060554005,0.162175220098776,0,0,0.998657934292463,0.999946317371698,0,0.998121108009448,0.998335838522654,0,0,0,0.999785269486794,0.0669422374919476,0,0.718917758213442,0,0,0
SSR2,0,0.435312432896715,0.0719347219239854,0,0.865686063989693,0.896983036289457,0,0.694814258106077,0.973212368477561,0,0.707322310500322,0.97573545200773,0,0,0.722782907451149,0.690734378355164,0,0.764064848614988,0.128140433755637,0,0,0,0.494417006656646,0.766373201631952,0,0.844803521580417,0,0,0
PDGFB,0,0.849849688640756,0.883777109727292,0,0.342495168563453,0.492162336267984,0,0.825048314365471,0.477399613485076,0,0.898003006227185,0.674039080953403,0,0,0.806849903371269,0.921086536396822,0,0.893225252308353,0.890272707751771,0,0,0,0.957698088898432,0.656806957268628,0,0.295039725144943,0,0,0
MAP4K5,0,0.942291174575907,0.942935366115525,0,0.482070002147305,0.272385656001718,0,0.904122825853554,0.291013528022332,0,0.273674039080953,0.350225467038866,0,0,0.926025338200558,0.768037363109298,0,0.870571183165128,0.911531028559158,0,0,0,0.598239209791711,0.0403156538544127,0,0.917865578698733,0,0,0
MTSS1L,0,0.62610049388018,0.980352158041658,0,0.313667597165557,0.0222782907451149,0,0.882757139789564,0.328913463603178,0,0.734754133562379,0.283175864290316,0,0,0.824243074940949,0.929675756925059,0,0.903317586429032,0.915288812540262,0,0,0,0.923770667811896,0.0897573545200773,0,0.711992699162551,0,0,0
CHCHD1,0,0.666577195619498,0.0245329611337771,0,0.8767983680481,0.749946317371698,0,0.639413785698948,0.906753274640326,0,0.980727936439768,0.84711187459738,0,0,0.78478634313936,0.763742752845179,0,0.0426776894996779,0.0182520936225038,0,0,0,0.717522009877604,0.870678548421731,0,0.010360747262186,0,0,0
AMOTL2,0,0.984485720420872,0.923233841528881,0,0.908095340347863,0.602587502684131,0,0.991142366330256,0.997262185956624,0,0.941432252523083,0.36665235129912,0,0,0.989531887481211,0.985183594588791,0,0.954906592226755,0.99237706678119,0,0,0,0.97138715911531,0.94529740176079,0,0.0843354090616277,0,0,0
FAM26E,0,0.570002147305132,0.840401546059695,0,0.340669959201202,0.23947820485291,0,0.777807601460167,0.308997208503328,0,0.163570968434615,0.467092548851192,0,0,0.742591797294396,0.585409061627657,0,0.869014386944385,0.885387588576337,0,0,0,0.372718488297187,0.099420227614344,0,0.944277431823062,0,0,0
ZNF589,0,0.192183809319304,0.160672106506335,0,0.241088683701954,0.348614988189822,0,0.52861284088469,0.291013528022332,0,0.831651277646554,0.942774318230621,0,0,0.721279793858707,0.721172428602104,0,0.797670173931716,0.0228151170281297,0,0,0,0.84383723427099,0.0375241571827357,0,0.970796650203994,0,0,0
ZBTB11,0,0.610317801159545,0.196424736955121,0,0.728526948679407,0.75182520936225,0,0.681125187889199,0.782639038007301,0,0.743772815117028,0.959469615632381,0,0,0.825692505905089,0.583852265406914,0,0.722192398539833,0.121591153102856,0,0,0,0.525552931071505,0.70254455658149,0,0.871483787846253,0,0,0
SOCS3,0,0.970152458664376,0.543697659437406,0,0.997691646983036,0.86015675327464,0,0.992484432037793,0.893869443847971,0,0.901975520721495,0.976003865149238,0,0,0.992054971011381,0.977345930856775,0,0.98985398325102,0.894621000644192,0,0,0,0.896929353661155,0.77936439768091,0,0.917167704530814,0,0,0
HOXC9,0,0.300461670603393,0.73405625939446,0,0.253543053467898,0.165020399398755,0,0.576283014816405,0.291013528022332,0,0.921515997423234,0.495598024479279,0,0,0.480298475413356,0.678655786987331,0,0.732338415288812,0.82064633884475,0,0,0,0.600064419153962,0.0569035859995705,0,0.423341206785484,0,0,0
SCNM1,0,0.325263044878677,0.077571397895641,0,0.822364182950397,0.869712261112304,0,0.70796650203994,0.447337341636246,0,0.848078161906807,0.898808245651707,0,0,0.792301911101568,0.7717414644621,0,0.70361820914752,0.0776250805239425,0,0,0,0.733626798368048,0.634850762293322,0,0.459469615632381,0,0,0
PLXNC1,0,0.187406055400472,0.549173287524157,0,0.28516212153747,0.130019325746189,0,0.375134206570754,0.386085462744256,0,0.597380287738888,0.933272493021258,0,0,0.317264333261757,0.355915825638823,0,0.848668670818123,0.286772600386515,0,0,0,0.422213871591153,0.337180588361606,0,0.980942666952974,0,0,0
ACSL4,0,0.974715482070002,0.991410779471763,0,0.736740390809534,0.38984324672536,0,0.963549495383294,0.411745759072364,0,0.350064419153962,0.498282155894353,0,0,0.963603178011595,0.90363968219884,0,0.979815331758643,0.989531887481211,0,0,0,0.828913463603178,0.379750912604681,0,0.959738028773889,0,0,0
KCTD9,0,0.474769164698304,0.1920227614344,0,0.724124973158686,0.679192613270346,0,0.310285591582564,0.511327034571613,0,0.863162980459523,0.251771526733949,0,0,0.28768520506764,0.205765514279579,0,0.0323706248657934,0.207268627872021,0,0,0,0.190358599957054,0.733036289456732,0,0.0908846897144084,0,0,0
CKAP2,0,0.439392312647627,0.158363753489371,0,0.812647627227829,0.787846252952545,0,0.0385978097487653,0.835892205282371,0,0.452437191324887,0.296113377710973,0,0,0.212368477560661,0.213120034356882,0,0.00391883186600816,0.159276358170496,0,0,0,0.307869873308997,0.543053467897788,0,0.137159115310286,0,0,0
RCAN1,0,0.914161477345931,0.0798260682843032,0,0.901170281296972,0.980191110156753,0,0.869497530599098,0.866544986042517,0,0.346252952544557,0.892366330255529,0,0,0.891346360317801,0.904069143225252,0,0.853714837878463,0.629536182091475,0,0,0,0.919798153317586,0.968273566673824,0,0.42462958986472,0,0,0
AMPD3,0,0.974017607902083,0.887373845823492,0,0.92790423019111,0.813560231908954,0,0.946317371698518,0.909866867081812,0,0.260199699377281,0.7717414644621,0,0,0.943794288168349,0.859029418080309,0,0.931125187889199,0.965482070002147,0,0,0,0.747423233841529,0.888447498389521,0,0.886783336912175,0,0,0
PER3,0,0.765514279579128,0.61085462744256,0,0.68912389950612,0.680319948464677,0,0.645372557440412,0.607043160833154,0,0.24022976164913,0.320109512561735,0,0,0.613270345716126,0.434507193472192,0,0.503650418724501,0.886300193257462,0,0,0,0.4130341421516,0.681930427313721,0,0.557762508052394,0,0,0
EID2B,0,0.600654928065278,0.404498604251664,0,0.688103929568392,0.423019111015675,0,0.734700450934078,0.42210650633455,0,0.431125187889199,0.872503757783981,0,0,0.73947820485291,0.640970581919691,0,0.79675756925059,0.129536182091475,0,0,0,0.594374060554005,0.112465106291604,0,0.955980244792785,0,0,0
NSDHL,0,0.752308353016964,0.380609834657505,0,0.624060554004724,0.40326390380073,0,0.775445565814902,0.306313077088254,0,0.824618853339059,0.5869658578484,0,0,0.68622503757784,0.763689070216878,0,0.786343139360103,0.361176723212368,0,0,0,0.855378999355808,0.520453081382865,0,0.780277002362036,0,0,0
FAM110B,0,0.407129053038437,0.810768735237277,0,0.366759716555723,0.415127764655358,0,0.482714193686923,0.291013528022332,0,0.357848400257677,0.605217951470904,0,0,0.425917972943955,0.489585570109513,0,0.708288597809749,0.750966287309427,0,0,0,0.558353016963711,0.516104788490444,0,0.768091045737599,0,0,0
NCALD,0,0.715804165771956,0.258159759501825,0,0.600332832295469,0.743719132488727,0,0.740873953188748,0.692183809319304,0,0.21124114236633,0.891990551857419,0,0,0.569680051535323,0.460596950826712,0,0.949967790423019,0.901062916040369,0,0,0,0.214569465321022,0.839918402404982,0,0.950128838307924,0,0,0
C2orf81,0,0.794610264118531,0.138662228902727,0,0.915771956194975,0.908202705604466,0,0.879053038436762,0.737975091260468,0,0.567049602748551,0.702061412926777,0,0,0.840831007086107,0.833852265406914,0,0.813667597165557,0.811896070431608,0,0,0,0.58551642688426,0.619658578484003,0,0.305883616061842,0,0,0
ST8SIA2,0,0.171891775821344,0.760682843031995,0,0.241088683701954,0.103500107365257,0,0.171569680051535,0.291013528022332,0,0.0854090616276573,0.0668348722353446,0,0,0.153102855915826,0.178924200128838,0,0.210704316083315,0.57789349366545,0,0,0,0.281028559158256,0.186386085462744,0,0.492162336267984,0,0,0
ARHGAP17,0,0.865525016104788,0.840025767661585,0,0.851299119604896,0.914698303628946,0,0.857472621859566,0.636514923770668,0,0.787255744041228,0.981640541120893,0,0,0.746886407558514,0.874382649774533,0,0.928548421730728,0.893815761219669,0,0,0,0.918778183379858,0.808030921193902,0,0.969830362894567,0,0,0
NFKBIL1,0,0.856076873523728,0.261112304058407,0,0.927689499677904,0.913087824779901,0,0.938748121108009,0.800407987975091,0,0.857204208718059,0.992538114666094,0,0,0.931178870517501,0.941432252523083,0,0.959576980888984,0.259394459952759,0,0,0,0.884958127549925,0.605593729869014,0,0.86305561520292,0,0,0
HIPK1,0,0.717307279364398,0.154552286879966,0,0.905679622074297,0.836321666308782,0,0.579826068284303,0.574457805454155,0,0.929031565385441,0.708073867296543,0,0,0.749463173716985,0.531189607043161,0,0.225413356237921,0.208395963066352,0,0,0,0.512347004509341,0.731908954262401,0,0.136890702168778,0,0,0
SASH1,0,0.970474554434185,0.772224608116813,0,0.974071290530384,0.832456517071076,0,0.892097917114022,0.914215159974232,0,0.0519111015675327,0.35360747262186,0,0,0.871430105217952,0.537202061412927,0,0.840616276572901,0.974876529954907,0,0,0,0.238297187030277,0.881039295683917,0,0.747530599098132,0,0,0
MAPK8,0,0.370893278934937,0.253382005582993,0,0.637964354734808,0.65471333476487,0,0.263098561305562,0.5652243933863,0,0.668509770238351,0.860639896929354,0,0,0.170603392742109,0.172267554219455,0,0.482177367403908,0.300032209576981,0,0,0,0.250429461026412,0.647251449430964,0,0.818176937942882,0,0,0
COX6B1,0,0.522063560231909,0.138447498389521,0,0.909759501825209,0.607579987116169,0,0.721601889628516,0.700665664590938,0,0.419851835945888,0.721816620141722,0,0,0.75,0.497637964354735,0,0.614451363538759,0.570377925703242,0,0,0,0.272493021258321,0.69057333047026,0,0.631468756710329,0,0,0
PRSS8,0,0.762937513420657,0.163893064204423,0,0.670227614343998,0.8079772385656,0,0.72246081168134,0.879106721065063,0,0.990444492162336,0.744900150311359,0,0,0.730191110156753,0.835409061627657,0,0.502791496671677,0.127710972729225,0,0,0,0.786611552501611,0.574726218595662,0,0.0719347219239854,0,0,0
NCR3,0,0.49167919261327,0.834872235344642,0,0.241088683701954,0.328054541550354,0,0.725198625724715,0.291013528022332,0,0.66485935151385,0.962368477560661,0,0,0.76159544771312,0.880019325746189,0,0.938855486364612,0.0850332832295469,0,0,0,0.948518359458879,0.0212046381790852,0,0.9927528451793,0,0,0
MRPS11,0,0.465857848400258,0.193203779257032,0,0.538544127120464,0.642097917114022,0,0.598829718703028,0.488565600171784,0,0.778290745114881,0.512883830792356,0,0,0.687835516426884,0.659007945028989,0,0.345071934721924,0.0770882542409276,0,0,0,0.674146446210006,0.733841528881254,0,0.125456302340563,0,0,0
SIPA1,0,0.887212797938587,0.647573545200773,0,0.926884260253382,0.755475628086751,0,0.914537255744041,0.443794288168349,0,0.970850332832295,0.929192613270346,0,0,0.929514709040155,0.935956624436332,0,0.952329826068284,0.785484217307279,0,0,0,0.928816834872235,0.40288812540262,0,0.903854412712046,0,0,0
PLVAP,0,0.629321451578269,0.494524371913249,0,0.766802662658364,0.725681769379429,0,0.801857418939231,0.545898647197767,0,0.641024264547992,0.828108224178656,0,0,0.808728795361821,0.812916040369337,0,0.78478634313936,0.613270345716126,0,0,0,0.7789886192828,0.612250375778398,0,0.743343354090616,0,0,0
HSPA4L,0,0.293966072578913,0.305185741893923,0,0.419529740176079,0.730191110156753,0,0.206785484217307,0.445028988619283,0,0.336160618423878,0.227775391883187,0,0,0.173072793643977,0.13839381576122,0,0.089059480352158,0.591099420227614,0,0,0,0.190358599957054,0.653210221172429,0,0.378784625295254,0,0,0
DUSP28,0,0.852265406914323,0.145748335838523,0,0.682735666738243,0.836912175220099,0,0.886031780115955,0.794502898861928,0,0.922589649989264,0.859834657504831,0,0,0.79600601245437,0.817371698518359,0,0.922858063130771,0.937835516426884,0,0,0,0.695404767017393,0.821075799871162,0,0.755475628086751,0,0,0
DDX20,0,0.521580416577196,0.380985613055615,0,0.490498174790638,0.525338200558299,0,0.922321236847756,0.520184668241357,0,0.880395104144299,0.874328967146231,0,0,0.913141507408203,0.927098990766588,0,0.915235129911961,0.174575907236418,0,0,0,0.835570109512562,0.130502469400902,0,0.877442559587717,0,0,0
ST7L,0,0.863216663087825,0.97353446424737,0,0.687513420657075,0.000107365256602963,0,0.954638179085248,0.702276143439983,0,0.374490015031136,0.412282585355379,0,0,0.972514494309641,0.87534893708396,0,0.967307279364398,0.984378355164269,0,0,0,0.711992699162551,0.379160403693365,0,0.913195190036504,0,0,0
THAP3,0,0.652351299119605,0.420871805883616,0,0.711992699162551,0.621805883616062,0,0.435097702383509,0.689607043160833,0,0.795415503543053,0.493074940949109,0,0,0.458073867296543,0.534195834228044,0,0.0267339488941379,0.329987116169208,0,0,0,0.617672321236848,0.535215804165772,0,0.0457912819411638,0,0,0
PADI1,0,0.790852480137427,0.9130341421516,0,0.310339274210865,0.282316942237492,0,0.747960060124544,0.378730942666953,0,0.392366330255529,0.25472407129053,0,0,0.754187245007516,0.872181662014172,0,0.769164698303629,0.79928065278076,0,0,0,0.941646983036289,0.325907236418295,0,0.619014386944385,0,0,0
MUC1,0,0.845877174146446,0.0467575692505905,0,0.928602104359029,0.94384797079665,0,0.90653854412712,0.997369551213227,0,0.997315868584926,0.987384582349152,0,0,0.84383723427099,0.951256173502255,0,0.922589649989264,0.0806849903371269,0,0,0,0.927689499677904,0.915771956194975,0,0.845877174146446,0,0,0
RTDR1,0,0.404444921623363,0.788919905518574,0,0.241088683701954,0.280330684990337,0,0.398647197766803,0.291013528022332,0,0.808460382220313,0.69454584496457,0,0,0.39166845608761,0.476701739317157,0,0.703296113377711,0.308299334335409,0,0,0,0.60070861069358,0.312271848829719,0,0.913463603178012,0,0,0
PRMT1,0,0.883777109727292,0.937567103285377,0,0.680534678977883,0.692828000858922,0,0.851674898003006,0.710060124543698,0,0.794610264118531,0.835838522654069,0,0,0.938479707966502,0.948625724715482,0,0.817264333261757,0.72283659007945,0,0,0,0.977077517715267,0.644459952759287,0,0.191056474124973,0,0,0
USP34,0,0.238136139145373,0.263152243933863,0,0.564258106076874,0.496779042301911,0,0.224554434185098,0.291013528022332,0,0.0978097487652995,0.40181447283659,0,0,0.136085462744256,0.153156538544127,0,0.27791496671677,0.304112089327894,0,0,0,0.253328322954692,0.61450504616706,0,0.563130770882542,0,0,0
TMEM156,0,0.775928709469616,0.95614129267769,0,0.241088683701954,0.226970152458664,0,0.767232123684776,0.291013528022332,0,0.152673394889414,0.825477775391883,0,0,0.751771526733949,0.872718488297187,0,0.934829289242001,0.367296542838737,0,0,0,0.944223749194761,0.300193257461885,0,0.978795361820915,0,0,0
GRIP2,0,0.638715911531029,0.939714408417436,0,0.28806098346575,0.00697874167919261,0,0.629482499463174,0.678333691217522,0,0.687728151170281,0.149667167704531,0,0,0.627710972729225,0.681823062057118,0,0.629589864719777,0.852641185312433,0,0,0,0.76304487867726,0.382327678763152,0,0.399828215589435,0,0,0
ZMAT3,0,0.517983680480996,0.466233626798368,0,0.699753059909813,0.623362679836805,0,0.496671677045308,0.396446210006442,0,0.23115739746618,0.804165771956195,0,0,0.484378355164269,0.323867296542839,0,0.681071505260898,0.703188748121108,0,0,0,0.371322739961349,0.555990981318445,0,0.797079665020399,0,0,0
IL15,0,0.985827786128409,0.57209576980889,0,0.988297187030277,0.988834013313292,0,0.921193901653425,0.934668241357097,0,0.780384367618639,0.41340992054971,0,0,0.91158471118746,0.86085462744256,0,0.671784410564741,0.971172428602104,0,0,0,0.852587502684131,0.996403263903801,0,0.00767661584711187,0,0,0
PIM3,0,0.99565170710758,0.359673609619927,0,0.988082456517071,0.993504401975521,0,0.98840455228688,0.99747691646983,0,0.602319089542624,0.907934292462959,0,0,0.979869014386944,0.991732875241572,0,0.976325960919047,0.932467253596736,0,0,0,0.981855271634099,0.992538114666094,0,0.170871805883616,0,0,0
ERAL1,0,0.53730942666953,0.359190465965214,0,0.821612626154177,0.458449645694653,0,0.756012454369766,0.804004724071291,0,0.629375134206571,0.873845823491518,0,0,0.74672535967361,0.570216877818338,0,0.856452651921838,0.738243504401976,0,0,0,0.365363968219884,0.728902727077518,0,0.828967146231479,0,0,0
EXOSC8,0,0.800032209576981,0.79600601245437,0,0.577947176293751,0.606989478204853,0,0.639306420442345,0.596521365686064,0,0.263742752845179,0.21993772815117,0,0,0.783390594803522,0.799388018037363,0,0.329611337771097,0.354251664161477,0,0,0,0.89456731801589,0.590401546059695,0,0.073223105003221,0,0,0
ZNF143,0,0.893815761219669,0.28875885763367,0,0.903693364827142,0.647305132059266,0,0.812271848829719,0.636514923770668,0,0.709845394030492,0.630234056259394,0,0,0.88189821773674,0.732875241571827,0,0.647788275713979,0.154283873738458,0,0,0,0.674146446210006,0.626154176508482,0,0.212422160188963,0,0,0
PNPLA8,0,0.385924414859352,0.0382220313506549,0,0.438479707966502,0.662926776894997,0,0.0135817049602749,0.790906162765729,0,0.383830792355594,0.459899076658793,0,0,0.101406484861499,0.109619926991626,0,0.0107902082885978,0.131951900365042,0,0,0,0.190358599957054,0.618584925917973,0,0.187245007515568,0,0,0
DUSP19,0,0.604573759931286,0.125885763366974,0,0.706946532102212,0.800461670603393,0,0.5507300837449,0.766641614773459,0,0.603553789993558,0.952866652351299,0,0,0.541013528022332,0.318552716340992,0,0.8369658578484,0.742162336267984,0,0,0,0.190358599957054,0.894621000644192,0,0.839811037148379,0,0,0
PCDH7,0,0.480566888554864,0.918778183379858,0,0.26701739317157,0.103500107365257,0,0.472675542194546,0.291013528022332,0,0.0519111015675327,0.0756388232767876,0,0,0.470474554434185,0.498765299549066,0,0.508052394245222,0.780599098131845,0,0,0,0.593354090616277,0.300193257461885,0,0.60833154391239,0,0,0
POSTN,0,0.3442130126691,0.873738458234915,0,0.259716555722568,0.11267983680481,0,0.401653424951686,0.291013528022332,0,0.165879321451578,0.073223105003221,0,0,0.385119175434829,0.418992913893064,0,0.435634528666524,0.747423233841529,0,0,0,0.493772815117028,0.152082885978097,0,0.557333047025982,0,0,0
LRRC23,0,0.69637105432682,0.053951041442989,0,0.918724500751557,0.928816834872235,0,0.633777109727292,0.82392097917114,0,0.753704101352802,0.99130341421516,0,0,0.649559802447928,0.449430964140004,0,0.805668885548636,0.173931715696801,0,0,0,0.293590294180803,0.700450934077732,0,0.920549710113807,0,0,0
NECAB3,0,0.553145802018467,0.807279364397681,0,0.518252093622504,0.416738243504402,0,0.473695512132274,0.557386729654284,0,0.601030706463388,0.724071290530384,0,0,0.585784840025768,0.559319304273137,0,0.651116598668671,0.652512347004509,0,0,0,0.603178011595448,0.167167704530814,0,0.825263044878677,0,0,0
TRIP11,0,0.799334335409062,0.0609297831221817,0,0.892473695512132,0.727077517715267,0,0.808675112733519,0.904444921623363,0,0.338844749838952,0.762078591367833,0,0,0.790154605969508,0.571236847756066,0,0.736686708181233,0.729063774962422,0,0,0,0.222407129053038,0.917114021902512,0,0.280330684990337,0,0,0
CXCL9,0,0.986203564526519,0.343890916899291,0,0.990176079020829,0.901385011810178,0,0.976540691432253,0.856076873523728,0,0.670818123255315,0.786504187245007,0,0,0.970420871805884,0.77066781189607,0,0.973373416362465,0.988672965428387,0,0,0,0.263796435473481,0.92248228473266,0,0.908363753489371,0,0,0
HOXA1,0,0.849581275499248,0.969615632381361,0,0.38152243933863,0.283497960060125,0,0.845930856774748,0.351674898003006,0,0.553306849903371,0.140702168778183,0,0,0.894030491732875,0.827410350010736,0,0.848400257676616,0.945512132273996,0,0,0,0.812164483573116,0.333583852265407,0,0.63189821773674,0,0,0
SPRED2,0,0.928709469615632,0.168885548636461,0,0.915020399398755,0.985183594588791,0,0.947015245866438,0.982338415288812,0,0.936493450719347,0.959523298260683,0,0,0.953886622289027,0.969991410779472,0,0.908471118745974,0.800891131629805,0,0,0,0.978473266051106,0.969508267124758,0,0.161101567532746,0,0,0
LYSMD1,0,0.325477775391883,0.0778934936654499,0,0.821505260897574,0.869336482714194,0,0.706678118960704,0.447337341636246,0,0.848453940304917,0.8985398325102,0,0,0.79203349796006,0.770828859780975,0,0.702437191324887,0.077571397895641,0,0,0,0.733251019969938,0.635602319089543,0,0.456033927421087,0,0,0
RFFL,0,0.981425810607687,0.202866652351299,0,0.947176293751342,0.867672321236848,0,0.975896499892635,0.878730942666953,0,0.963978956409706,0.926991625509985,0,0,0.980244792785055,0.936439768091046,0,0.989156109083101,0.908846897144084,0,0,0,0.832939660725789,0.818391668456088,0,0.987867726003865,0,0,0
MFAP3,0,0.568230620571183,0.0162121537470475,0,0.721548207000215,0.914376207859137,0,0.337180588361606,0.948679407343784,0,0.81957268627872,0.740551857418939,0,0,0.196102641185312,0.342656216448357,0,0.0350547562808675,0.0238350869658578,0,0,0,0.229010092334121,0.762937513420657,0,0.156753274640326,0,0,0
HOOK3,0,0.490337126905733,0.782424307494095,0,0.469025123470045,0.615310285591583,0,0.499838952115096,0.566727506978742,0,0.311412926776895,0.772600386514924,0,0,0.454906592226755,0.549388018037363,0,0.773029847541336,0.687137642258965,0,0,0,0.694223749194761,0.557064633884475,0,0.885441271204638,0,0,0
KCNMB2,0,0.133186600815976,0.719400901868155,0,0.241088683701954,0.00252308353016964,0,0.20399398754563,0.742269701524587,0,0.368799656431179,0.904444921623363,0,0,0.101406484861499,0.109619926991626,0,0.793751342065708,0.432359888340133,0,0,0,0.190358599957054,0.300193257461885,0,0.991357096843461,0,0,0
CNIH3,0,0.840992054971011,0.980244792785055,0,0.341904659652137,0.277592870946962,0,0.806366759716556,0.318499033712691,0,0.146446210006442,0.126207859136783,0,0,0.838683701954048,0.787846252952545,0,0.821344213012669,0.936010307064634,0,0,0,0.822739961348508,0.341260468112519,0,0.764333261756496,0,0,0
SNTB2,0,0.846521365686064,0.333154391238995,0,0.880770882542409,0.797294395533605,0,0.95979171140219,0.820270560446639,0,0.471709254885119,0.792999785269487,0,0,0.945351084389092,0.821881039295684,0,0.964784195834228,0.930158900579772,0,0,0,0.190358599957054,0.812271848829719,0,0.883132918187674,0,0,0
LRRC8A,0,0.873577410350011,0.0227077517715267,0,0.959308567747477,0.982499463173717,0,0.905840669959201,0.905142795791282,0,0.991893923126476,0.964193686922912,0,0,0.926723212368478,0.917865578698733,0,0.783659007945029,0.444653210221172,0,0,0,0.887856989478205,0.898378784625295,0,0.0697874167919261,0,0,0
AUP1,0,0.993558084603822,0.293536611552502,0,0.992162336267984,0.825155679622074,0,0.995329611337771,0.87824779901224,0,0.972729224822847,0.922267554219455,0,0,0.993558084603822,0.990122396392527,0,0.976970152458664,0.882918187674469,0,0,0,0.963925273781404,0.86375348937084,0,0.113270345716126,0,0,0
TWIST2,0,0.62824779901224,0.895802018466824,0,0.313828645050462,0.136085462744256,0,0.716502039939875,0.297025982392098,0,0.148969293536612,0.101191754348293,0,0,0.652780760146017,0.644674683272493,0,0.725252308353017,0.896607257891346,0,0,0,0.596789778827571,0.124382649774533,0,0.711885333905948,0,0,0
AURKAIP1,0,0.767178441056474,0.1412926776895,0,0.772761434399828,0.961885333905948,0,0.82537041013528,0.986901438694438,0,0.872933218810393,0.841045737599313,0,0,0.858438909168993,0.894030491732875,0,0.739746617994417,0.402727077517715,0,0,0,0.902297616491303,0.978043805024694,0,0.0361284088468971,0,0,0
PRRX2,0,0.880019325746189,0.980030062271849,0,0.598883401331329,0.0213120034356882,0,0.988619282800086,0.55905089113163,0,0.563936010307065,0.231318445351084,0,0,0.986149881898218,0.988834013313292,0,0.97643332617565,0.986740390809534,0,0,0,0.940627013098561,0.376744685419798,0,0.325101996993773,0,0,0
SLC25A46,0,0.603016963710543,0.770238350869659,0,0.624221601889628,0.652673394889414,0,0.397251449430964,0.574457805454155,0,0.869873308997208,0.781189607043161,0,0,0.473963925273781,0.501127335194331,0,0.619068069572686,0.716448357311574,0,0,0,0.6340455228688,0.476755421945458,0,0.877066781189607,0,0,0
P2RY12,0,0.534678977882757,0.928441056474125,0,0.282102211724286,0.136568606398969,0,0.563828645050462,0.291013528022332,0,0.121644835731157,0.303145802018467,0,0,0.546650203993988,0.556688855486365,0,0.713603178011595,0.811466609405196,0,0,0,0.609190465965214,0.15761219669315,0,0.81919690788061,0,0,0
TMED4,0,0.951954047670174,0.600064419153962,0,0.994739102426455,0.950504616706034,0,0.949216233626798,0.94019755207215,0,0.67607902082886,0.939929138930642,0,0,0.947391024264548,0.957322310500322,0,0.884904444921623,0.96193901653425,0,0,0,0.929890487438265,0.949430964140004,0,0.114021902512347,0,0,0
CDK17,0,0.984163624651063,0.996188533390595,0,0.778934936654499,0.357579987116169,0,0.987760360747262,0.522976164913034,0,0.31629804595233,0.910940519647842,0,0,0.9927528451793,0.938587073223105,0,0.997530599098132,0.994148593515139,0,0,0,0.865900794502899,0.405679622074297,0,0.995222246081168,0,0,0
KIF13A,0,0.799119604895856,0.523727721709255,0,0.733787846252953,0.904498604251664,0,0.596789778827571,0.844696156323814,0,0.0854090616276573,0.485774103500107,0,0,0.666469830362895,0.655625939445995,0,0.600923341206785,0.786557869873309,0,0,0,0.794771312003436,0.938211294824995,0,0.237652995490659,0,0,0
LMF1,0,0.443579557655143,0.87389950611982,0,0.482123684775607,0.242269701524587,0,0.702920334979601,0.395748335838523,0,0.368799656431179,0.181823062057118,0,0,0.530760146016749,0.700880395104144,0,0.685473480781619,0.875402619712261,0,0,0,0.54783122181662,0.0725252308353017,0,0.36160618423878,0,0,0
MSRB3,0,0.443096414000429,0.908632166630878,0,0.262615417650848,0.254831436547133,0,0.416523512991196,0.339972085033283,0,0.593407773244578,0.0812754992484432,0,0,0.412067854842173,0.503650418724501,0,0.436654498604252,0.7210113807172,0,0,0,0.639360103070646,0.332134421301267,0,0.453403478634314,0,0,0
SLC22A5,0,0.856774747691647,0.334335409061628,0,0.767124758428173,0.937942881683487,0,0.772707751771527,0.908632166630878,0,0.768896285162121,0.878784625295254,0,0,0.706624436332403,0.817693794288168,0,0.744417006656646,0.374382649774533,0,0,0,0.871698518359459,0.96703886622289,0,0.186976594374061,0,0,0
HSPA1B,0,0.688640755851406,0.845716126261542,0,0.241088683701954,0.254992484432038,0,0.708718058836161,0.291013528022332,0,0.912604681125188,0.783068499033713,0,0,0.767715267339489,0.8840455228688,0,0.846306635172858,0.0806313077088254,0,0,0,0.951739317156968,0.0349473910242645,0,0.853016963710543,0,0,0
REEP3,0,0.921193901653425,0.605754777753919,0,0.86885333905948,0.832349151814473,0,0.816351728580631,0.941915396177797,0,0.13984324672536,0.315653854412712,0,0,0.818230620571183,0.713817908524801,0,0.632381361391454,0.934238780330685,0,0,0,0.612250375778398,0.944814258106077,0,0.130717199914108,0,0,0
C2CD2L,0,0.622933218810393,0.0229761649130341,0,0.96666308782478,0.959630663517286,0,0.603822203135066,0.943955336053253,0,0.811251878891991,0.941593300407988,0,0,0.655733304702598,0.480996349581276,0,0.37572471548207,0.046918617135495,0,0,0,0.409598453940305,0.954530813828645,0,0.126368907021688,0,0,0
CLASP1,0,0.809534034786343,0.524425595877174,0,0.735076229332188,0.293429246295899,0,0.920496027485506,0.368584925917973,0,0.79455658149023,0.707698088898432,0,0,0.919529740176079,0.779257032424307,0,0.919583422804381,0.831436547133348,0,0,0,0.546274425595877,0.564419153961778,0,0.894674683272493,0,0,0
MMP9,0,0.908524801374275,0.983143654713335,0,0.527431823062057,0.272868799656431,0,0.894513635387589,0.414000429461026,0,0.659705819196908,0.267607902082886,0,0,0.863646124114237,0.958181232553146,0,0.812862357741035,0.79165771956195,0,0,0,0.98153317586429,0.413356237921409,0,0.268144728365901,0,0,0
SDR39U1,0,0.827195619497531,0.223158685849259,0,0.838468971440842,0.917543482928924,0,0.696907880609835,0.936386085462744,0,0.581973373416362,0.844266695297402,0,0,0.635441271204638,0.73115739746618,0,0.738350869658578,0.123040584066996,0,0,0,0.832510199699377,0.929407343783552,0,0.783659007945029,0,0,0
KLHL2,0,0.420549710113807,0.721548207000215,0,0.446800515353232,0.375939445995276,0,0.412550998496886,0.336160618423878,0,0.0553467897788276,0.207322310500322,0,0,0.369443847970797,0.244846467683058,0,0.426132703457161,0.753113592441486,0,0,0,0.190358599957054,0.393064204423449,0,0.712958986471978,0,0,0
MATN4,0,0.9782585355379,0.927743182306206,0,0.980244792785055,0.60725789134636,0,0.991947605754778,0.711724286021044,0,0.983412067854842,0.73695512132274,0,0,0.992430749409491,0.954584496456947,0,0.979869014386944,0.989424522224608,0,0,0,0.755636675971656,0.607311573974662,0,0.677421086536397,0,0,0
LRRC40,0,0.501234700450934,0.315331758642903,0,0.439338630019326,0.560822417865579,0,0.475467038866223,0.584818552716341,0,0.772278290745115,0.682091475198626,0,0,0.543214515782693,0.436332402834443,0,0.512883830792356,0.316512776465536,0,0,0,0.309480352158042,0.454852909598454,0,0.338522654069143,0,0,0
PSTK,0,0.343139360103071,0.0572256817693794,0,0.631092978312218,0.815761219669315,0,0.619229117457591,0.712905303843676,0,0.846091904659652,0.773727721709255,0,0,0.682359888340133,0.520828859780975,0,0.691002791496672,0.19094910886837,0,0,0,0.190358599957054,0.679675756925059,0,0.718327249302126,0,0,0
SLFN11,0,0.69384797079665,0.95109512561735,0,0.241088683701954,0.296918617135495,0,0.680695726862787,0.291013528022332,0,0.702920334979601,0.95544341850977,0,0,0.687459738028774,0.814419153961778,0,0.945673180158901,0.787899935580846,0,0,0,0.908846897144084,0.105217951470904,0,0.987438264977453,0,0,0
FLT1,0,0.764440627013099,0.878945673180159,0,0.403424951685635,0.184990337126906,0,0.81667382435044,0.291013528022332,0,0.172160188962852,0.262615417650848,0,0,0.824135709684346,0.65143869443848,0,0.86702812969723,0.941432252523083,0,0,0,0.492591797294396,0.112357741035001,0,0.895211509555508,0,0,0
IL1RL1,0,0.98115739746618,0.992913893064204,0,0.492913893064204,0.210596950826712,0,0.97391024264548,0.291013528022332,0,0.353714837878463,0.46338844749839,0,0,0.972138715911531,0.930534678977883,0,0.983948894137857,0.982177367403908,0,0,0,0.873040584066996,0.121805883616062,0,0.977560661369981,0,0,0
DRG2,0,0.887642258964999,0.454047670173932,0,0.934453510843891,0.747208503328323,0,0.950611981962637,0.917167704530814,0,0.6557869873309,0.770721494524372,0,0,0.938962851621215,0.894245222246081,0,0.885924414859351,0.891722138715912,0,0,0,0.700289886192828,0.875509984968864,0,0.180051535323169,0,0,0
MOCS3,0,0.564150740820271,0.17210650633455,0,0.691324887266481,0.755744041228259,0,0.750322095769809,0.833798582778613,0,0.312916040369336,0.8840455228688,0,0,0.696478419583423,0.689607043160833,0,0.742538114666094,0.140809534034786,0,0,0,0.609190465965214,0.834496456946532,0,0.563506549280653,0,0,0
KIAA1324,0,0.73512991196049,0.183916684560876,0,0.716448357311574,0.784625295254456,0,0.865363968219884,0.887105432681984,0,0.860478849044449,0.898861928280009,0,0,0.83911316298046,0.891346360317801,0,0.883132918187674,0.467360961992699,0,0,0,0.834818552716341,0.787738887695942,0,0.443364827141937,0,0,0
COX7A2L,0,0.789778827571398,0.411423663302555,0,0.658149022976165,0.825263044878677,0,0.708664376207859,0.789564097058192,0,0.484002576766158,0.784678977882757,0,0,0.600815975950183,0.792785054756281,0,0.654552286879966,0.370624865793429,0,0,0,0.816512776465536,0.790261971226111,0,0.282639038007301,0,0,0
NFKBIZ,0,0.820538973588147,0.227453296113378,0,0.943901653424952,0.701417221387159,0,0.812218166201417,0.532639038007301,0,0.54675756925059,0.897144084174361,0,0,0.825799871161692,0.53516212153747,0,0.886031780115955,0.55942666952974,0,0,0,0.25907236418295,0.511702812969723,0,0.93622503757784,0,0,0
TRAPPC3,0,0.929944170066566,0.875993128623577,0,0.804434185097702,0.849366544986042,0,0.936976594374061,0.806903585999571,0,0.824511488082457,0.970206141292678,0,0,0.95506764011166,0.977560661369981,0,0.948249946317372,0.693364827141937,0,0,0,0.984324672535967,0.811896070431608,0,0.667167704530814,0,0,0
REPS1,0,0.260790208288598,0.758267124758428,0,0.576927206356023,0.360800944814258,0,0.559909813184454,0.377013098561306,0,0.591850977023835,0.208288597809749,0,0,0.548314365471333,0.645104144298905,0,0.41958342280438,0.27936439768091,0,0,0,0.754509340777324,0.39891561090831,0,0.430588361606184,0,0,0
CCNE2,0,0.363914537255744,0.321934721923985,0,0.562057118316513,0.699323598883401,0,0.400794502898862,0.475574404122826,0,0.134850762293322,0.312701309856131,0,0,0.27136568606399,0.286772600386515,0,0.35725789134636,0.686922911745759,0,0,0,0.190358599957054,0.717092548851192,0,0.40288812540262,0,0,0
GRHPR,0,0.00649559802447928,0.175327464032639,0,0.449592012024909,0.625671032853769,0,0.0186278720206141,0.539027270775177,0,0.55615202920335,0.942505905089113,0,0,0.291442989048744,0.193418509770238,0,0.545898647197767,0.140380073008374,0,0,0,0.306098346575048,0.345179299978527,0,0.914590938372343,0,0,0
C12orf45,0,0.48078161906807,0.434346145587288,0,0.723695512132274,0.892097917114022,0,0.768198410994202,0.749892634743397,0,0.456463388447498,0.672965428387374,0,0,0.768037363109298,0.864666094051965,0,0.66158471118746,0.459093837234271,0,0,0,0.889252737814043,0.768144728365901,0,0.320002147305132,0,0,0
ZWILCH,0,0.477453296113378,0.0324779901223964,0,0.901385011810178,0.955711831651278,0,0.519057333047026,0.910725789134636,0,0.693525875026841,0.698679407343784,0,0,0.447766802662658,0.387910672106506,0,0.28913463603178,0.376046811251879,0,0,0,0.190358599957054,0.907451148808246,0,0.11305561520292,0,0,0
A4GALT,0,0.828000858922053,0.970742967575693,0,0.552877388876959,0.406431178870517,0,0.895694653210221,0.465857848400258,0,0.183594588791067,0.689982821558944,0,0,0.901760790208289,0.892258964998926,0,0.937030277002362,0.923126476272278,0,0,0,0.903424951685635,0.488941378569895,0,0.94889413785699,0,0,0
PRICKLE1,0,0.5797187030277,0.736149881898218,0,0.382810822417866,0.00853553789993558,0,0.583530169637105,0.413087824779901,0,0.781994846467683,0.376046811251879,0,0,0.774479278505476,0.423878033068499,0,0.646929353661155,0.721065063345501,0,0,0,0.284249516856345,0.0834228043805025,0,0.750053682628302,0,0,0
GAPVD1,0,0.776787631522439,0.442452222460812,0,0.575048314365471,0.682091475198626,0,0.743611767232124,0.604627442559588,0,0.769808889843247,0.758803951041443,0,0,0.796596521365686,0.789403049173288,0,0.695995275928709,0.301750053682628,0,0,0,0.798743826497745,0.49855056903586,0,0.568230620571183,0,0,0
FAM171A2,0,0.593085677474769,0.285645265192184,0,0.631844535108439,0.822632596091905,0,0.761112304058407,0.737116169207644,0,0.234646768305776,0.587502684131415,0,0,0.71124114236633,0.710274855056904,0,0.799012239639253,0.353500107365257,0,0,0,0.615041872450075,0.663732016319519,0,0.898754563023406,0,0,0
LPCAT1,0,0.846950826712476,0.979493235988834,0,0.380126691002792,0.470957698088898,0,0.783068499033713,0.458610693579558,0,0.910296328108224,0.482070002147305,0,0,0.775552931071505,0.889735881468757,0,0.845018252093622,0.873738458234915,0,0,0,0.955336053253167,0.48298260682843,0,0.780974876529955,0,0,0
PIGC,0,0.929836804809963,0.427957912819412,0,0.960006441915396,0.933272493021258,0,0.942452222460812,0.920012883830792,0,0.847058191969079,0.958449645694653,0,0,0.924844320377926,0.869873308997208,0,0.943633240283444,0.890326390380073,0,0,0,0.665396177796865,0.89998926347434,0,0.758267124758428,0,0,0
MAP1B,0,0.850493880180374,0.973963925273781,0,0.305937298690144,0.231962636890702,0,0.896124114236633,0.291013528022332,0,0.947337341636246,0.417060339274211,0,0,0.850923341206785,0.895479922697015,0,0.89929138930642,0.868907021687782,0,0,0,0.901707107579987,0.0990444492162336,0,0.816029632810822,0,0,0
NDUFA2,0,0.89311788705175,0.00681769379428817,0,0.86557869873309,0.951202490873953,0,0.925166416147735,0.829987116169208,0,0.989048743826498,0.963603178011595,0,0,0.958181232553146,0.956731801589006,0,0.903693364827142,0.599420227614344,0,0,0,0.960972729224823,0.97138715911531,0,0.0707537041013528,0,0,0
GPR88,0,0.754401975520722,0.838791067210651,0,0.429622074296758,0.322042087180588,0,0.955550783766373,0.441485935151385,0,0.406645909383723,0.76884260253382,0,0,0.913678333691218,0.824082027056045,0,0.987008803951041,0.944062701309856,0,0,0,0.330255529310715,0.0662980459523298,0,0.986847756066137,0,0,0
BCL2L10,0,0.989209791711402,0.94384797079665,0,0.926562164483573,0.920979171140219,0,0.954101352802233,0.929461026411853,0,0.27211724286021,0.938533390594804,0,0,0.941432252523083,0.923716985183595,0,0.954691861713549,0.980674253811467,0,0,0,0.908846897144084,0.939982821558944,0,0.666201417221387,0,0,0
PPARD,0,0.934131415074082,0.552877388876959,0,0.853070646338845,0.659920549710114,0,0.843515138501181,0.762508052394245,0,0.855862143010522,0.47063560231909,0,0,0.88152243933863,0.703564526519218,0,0.678065278076015,0.813238136139145,0,0,0,0.482928924200129,0.568821129482499,0,0.13732016319519,0,0,0
ENAH,0,0.438801803736311,0.841206785484217,0,0.292785054756281,0.18080309211939,0,0.856237921408632,0.291013528022332,0,0.400526089757355,0.0888447498389521,0,0,0.726862787202061,0.785806313077088,0,0.870893278934937,0.951631951900365,0,0,0,0.40868584925918,0.023512991196049,0,0.470259823920979,0,0,0
SEC24D,0,0.809265621644836,0.191271204638179,0,0.892581060768735,0.922321236847756,0,0.793160833154391,0.943794288168349,0,0.444975305990981,0.428655786987331,0,0,0.777002362035645,0.549441700665665,0,0.677635817049603,0.723105003220958,0,0,0,0.31957268627872,0.866330255529311,0,0.754026197122611,0,0,0
RPL12,0,0.647734593085677,0.377710972729225,0,0.72138715911531,0.799924844320378,0,0.673233841528881,0.790530384367619,0,0.804917328752416,0.749731586858493,0,0,0.70071934721924,0.727775391883187,0,0.634958127549925,0.356935795576551,0,0,0,0.779579128194116,0.598722353446425,0,0.481855271634099,0,0,0
MEGF10,0,0.522868799656431,0.928924200128838,0,0.298582778612841,0.285001073652566,0,0.675381146660941,0.34711187459738,0,0.79058406699592,0.336321666308782,0,0,0.673502254670389,0.721065063345501,0,0.752952544556581,0.775767661584711,0,0,0,0.775552931071505,0.350547562808675,0,0.776304487867726,0,0,0
LMTK2,0,0.928280008589221,0.461455872879536,0,0.965750483143655,0.857579987116169,0,0.775499248443204,0.915503543053468,0,0.845608761004939,0.897949323598883,0,0,0.814687567103285,0.747906377496242,0,0.778666523512991,0.417811896070432,0,0,0,0.774157182735667,0.760253382005583,0,0.750751556796221,0,0,0
CABYR,0,0.933863001932575,0.974124973158686,0,0.66813399184024,0.366061842387803,0,0.885709684346146,0.336482714193687,0,0.670227614343998,0.671086536396822,0,0,0.937137642258965,0.835462744255959,0,0.911638393815761,0.935097702383509,0,0,0,0.818230620571183,0.134743397036719,0,0.91158471118746,0,0,0
CDH1,0,0.969669315009663,0.0116491303414215,0,0.970850332832295,0.999355808460382,0,0.93225252308353,0.995383293966073,0,0.692774318230621,0.947498389521151,0,0,0.886085462744256,0.86702812969723,0,0.909652136568606,0.613162980459523,0,0,0,0.834550139574834,1,0,0.166255099849689,0,0,0
SMPD3,0,0.400633455013957,0.043805024694009,0,0.682091475198626,0.826497745329611,0,0.615739746617994,0.818982177367404,0,0.908471118745974,0.959147519862573,0,0,0.655411208932789,0.556474124973159,0,0.731050032209577,0.0379536182091475,0,0,0,0.398164054112089,0.654498604251664,0,0.941808030921194,0,0,0
MFSD1,0,0.979546918617135,0.971977668026627,0,0.497691646983036,0.552608975735452,0,0.937835516426884,0.528183379858278,0,0.740390809534035,0.560178226325961,0,0,0.951631951900365,0.969078806098347,0,0.895372557440412,0.875832080738673,0,0,0,0.984324672535967,0.572793643976809,0,0.218864075585141,0,0,0
ATP11B,0,0.433165127764655,0.0278076014601675,0,0.71483787846253,0.878730942666953,0,0.240551857418939,0.713120034356882,0,0.472568176937943,0.63732016319519,0,0,0.151868155464892,0.1267983680481,0,0.310339274210865,0.569733734163625,0,0,0,0.190358599957054,0.917543482928924,0,0.218166201417221,0,0,0
FBXO38,0,0.244041228258536,0.306849903371269,0,0.405411208932789,0.509609190465965,0,0.488565600171784,0.530867511273352,0,0.432359888340133,0.561788705175005,0,0,0.499570538973588,0.395211509555508,0,0.493665449860425,0.305185741893923,0,0,0,0.190358599957054,0.306366759716556,0,0.710650633455014,0,0,0
KIAA2026,0,0.87717414644621,0.0275391883186601,0,0.809963495812755,0.921032853768521,0,0.843783551642688,0.77356667382435,0,0.442828000858922,0.838576336697445,0,0,0.881361391453726,0.560822417865579,0,0.845823491518145,0.392581060768735,0,0,0,0.238297187030277,0.935634528666524,0,0.420549710113807,0,0,0
HSPA9,0,0.867242860210436,0.527700236203565,0,0.867833369121752,0.520721494524372,0,0.850923341206785,0.779310715052609,0,0.760897573545201,0.681125187889199,0,0,0.867779686493451,0.814043375563668,0,0.834120678548422,0.659652136568606,0,0,0,0.671891775821344,0.499946317371699,0,0.673878033068499,0,0,0
BTG1,0,0.943525875026841,0.476379643547348,0,0.947015245866438,0.878462529525446,0,0.985613055615203,0.90471333476487,0,0.923019111015675,0.559695082671248,0,0,0.938318660081598,0.926723212368478,0,0.91738243504402,0.954262400687138,0,0,0,0.676401116598669,0.9021902512347,0,0.0990444492162336,0,0,0
TFRC,0,0.791765084818553,0.264225896499893,0,0.934346145587288,0.857204208718059,0,0.721333476487009,0.876261541765085,0,0.620732231050032,0.988941378569895,0,0,0.760682843031995,0.698088898432467,0,0.888232767876315,0.193418509770238,0,0,0,0.744148593515139,0.762293321881039,0,0.987223534464247,0,0,0
FZD5,0,0.654230191110157,0.307333047025982,0,0.722031350654928,0.902673394889414,0,0.635280223319734,0.82499463173717,0,0.232660511058621,0.799763796435473,0,0,0.485398325101997,0.617887051750054,0,0.73947820485291,0.642634743397037,0,0,0,0.656270130985613,0.935366115525016,0,0.709684346145587,0,0,0
ADSSL1,0,0.630824565170711,0.301481640541121,0,0.613860854627443,0.51014601674898,0,0.773351943311145,0.421462314794932,0,0.960435902941808,0.545898647197767,0,0,0.797294395533605,0.728151170281297,0,0.708932789349367,0.275445565814902,0,0,0,0.519540476701739,0.0591582563882328,0,0.308245651707108,0,0,0
FMN1,0,0.937459738028774,0.797294395533605,0,0.921086536396822,0.86450504616706,0,0.936278720206141,0.915074082027056,0,0.2065170710758,0.603500107365257,0,0,0.89998926347434,0.861069357955766,0,0.90326390380073,0.97353446424737,0,0,0,0.622289027270775,0.864612411423663,0,0.326980888984325,0,0,0
SPP1,0,0.646714623147949,0.938962851621215,0,0.618262830148164,0.00402619712261112,0,0.995490659222676,0.291013528022332,0,0.894245222246081,0.56050032209577,0,0,0.987438264977453,0.968380931930427,0,0.99672535967361,0.997047455443419,0,0,0,0.746940090186816,0.0660833154391239,0,0.948035215804166,0,0,0
ATOX1,0,0.82789349366545,0.84711187459738,0,0.739317156968005,0.75542194545845,0,0.930051535323169,0.462636890702169,0,0.280277002362036,0.895748335838523,0,0,0.904176508481855,0.958664376207859,0,0.945619497530599,0.8623040584067,0,0,0,0.944331114451364,0.553789993558085,0,0.861659866867082,0,0,0
DAB2IP,0,0.996993772815117,0.997799012239639,0,0.756978741679193,0.464408417436118,0,0.993880180373631,0.507569250590509,0,0.330899720850333,0.367135494953833,0,0,0.991625509984969,0.984378355164269,0,0.993182306205712,0.997745329611338,0,0,0,0.966340992054971,0.549978526948679,0,0.919690788060983,0,0,0
SNRPB2,0,0.472031350654928,0.396338844749839,0,0.482767876315224,0.291979815331759,0,0.729493235988834,0.530867511273352,0,0.758481855271634,0.558138286450505,0,0,0.706409705819197,0.55980244792785,0,0.778290745114881,0.671515997423234,0,0,0,0.190358599957054,0.416684560876101,0,0.800085892205282,0,0,0
CCR3,0,0.345877174146446,0.839166845608761,0,0.273459308567747,0.267124758428173,0,0.3623040584067,0.308997208503328,0,0.232714193686923,0.636998067425381,0,0,0.37824779901224,0.331060768735237,0,0.743289671462315,0.69674683272493,0,0,0,0.427796864934507,0.136031780115954,0,0.94637105432682,0,0,0
DPM1,0,0.558030921193902,0.16813399184024,0,0.692183809319304,0.7572471548207,0,0.748121108009448,0.836429031565385,0,0.314741249731587,0.88479707966502,0,0,0.694170066566459,0.686922911745759,0,0.74022976164913,0.135119175434829,0,0,0,0.605378999355808,0.835194331114451,0,0.560070861069358,0,0,0
TRIM29,0,0.912873094266695,0.932896714623148,0,0.552394245222246,0.369443847970797,0,0.89349366544986,0.378408846897144,0,0.330148164054112,0.291228258535538,0,0,0.894513635387589,0.632864505046167,0,0.90616276572901,0.977238565600172,0,0,0,0.406431178870517,0.430373631092978,0,0.894084174361177,0,0,0
TRAF3IP2,0,0.989370839596307,0.97208503328323,0,0.792462958986472,0.554541550354305,0,0.987062486579343,0.470689284947391,0,0.452974017607902,0.49855056903586,0,0,0.986364612411424,0.966340992054971,0,0.992538114666094,0.995168563452867,0,0,0,0.924951685634529,0.669046596521366,0,0.944384797079665,0,0,0
MAML1,0,0.481479493235989,0.528344427743182,0,0.532907451148808,0.626583637534894,0,0.704638179085248,0.717414644621001,0,0.151170281296972,0.642956839166846,0,0,0.687942881683487,0.622611123040584,0,0.74092763581705,0.871108009448143,0,0,0,0.479224822847327,0.706946532102212,0,0.272546703886622,0,0,0
RPL24,0,0.0225467038866223,0.310607687352373,0,0.241088683701954,0.341904659652137,0,0.322203135065493,0.291013528022332,0,0.710435902941808,0.962583208073867,0,0,0.41051105862143,0.501127335194331,0,0.737277217092549,0.0207214945243719,0,0,0,0.6340455228688,0.00794502898861928,0,0.989102426454799,0,0,0
MARCH3,0,0.712207429675757,0.980942666952974,0,0.241088683701954,0.171301266910028,0,0.682413570968435,0.291013528022332,0,0.697337341636246,0.339435258750268,0,0,0.693150096628731,0.818230620571183,0,0.786557869873309,0.850815975950183,0,0,0,0.911692076444063,0.312271848829719,0,0.687728151170281,0,0,0
MRPL11,0,0.841367833369122,0.89166845608761,0,0.691808030921194,0.581973373416362,0,0.984539403049173,0.676937942881684,0,0.90143869443848,0.855056903586,0,0,0.979600601245437,0.987760360747262,0,0.980459523298261,0.863270345716126,0,0,0,0.957429675756925,0.409222675542195,0,0.864021902512347,0,0,0
OSTC,0,0.674468541979815,0.320861069357956,0,0.688909168992914,0.921515997423234,0,0.516212153747047,0.911047884904445,0,0.218917758213442,0.392956839166846,0,0,0.474661799441701,0.546435473480782,0,0.400311359244149,0.638340133132918,0,0,0,0.587287953618209,0.872664805668886,0,0.618209147519863,0,0,0
MTA3,0,0.814955980244793,0.84528666523513,0,0.415288812540262,0.515245866437621,0,0.6376959415933,0.813452866652351,0,0.401009233412068,0.548421730727936,0,0,0.622396392527378,0.748765299549066,0,0.665503543053468,0.30652780760146,0,0,0,0.865041872450075,0.679944170066566,0,0.667114021902512,0,0,0
MMP8,0,0.883830792355594,0.950128838307924,0,0.50579772385656,0.326873523727722,0,0.8695512132274,0.366598668670818,0,0.265245866437621,0.272600386514924,0,0,0.897036718917758,0.599473910242646,0,0.883508696585785,0.971494524371913,0,0,0,0.366330255529311,0.354197981533176,0,0.904552286879966,0,0,0
KIAA1109,0,0.236042516641615,0.579611337771097,0,0.43912389950612,0.374919476057548,0,0.147412497315869,0.393762078591368,0,0.269540476701739,0.168778183379858,0,0,0.101406484861499,0.109619926991626,0,0.0652780760146017,0.539403049173288,0,0,0,0.190358599957054,0.451792999785269,0,0.271848829718703,0,0,0
PRLR,0,0.813023405625939,0.720904015460597,0,0.516212153747047,0.823437835516427,0,0.713925273781404,0.778934936654499,0,0.737814043375564,0.380395104144299,0,0,0.684453510843891,0.807118316512776,0,0.678441056474125,0.784034786343139,0,0,0,0.859995705389736,0.815653854412712,0,0.32209576980889,0,0,0
NT5C,0,0.908310070861069,0.615793429246296,0,0.649345071934722,0.880395104144299,0,0.815492806527808,0.934346145587288,0,0.64998926347434,0.733573115739747,0,0,0.862626154176508,0.894406270130986,0,0.841689929138931,0.764601674898003,0,0,0,0.904498604251664,0.840884689714408,0,0.363109297831222,0,0,0
NIPA1,0,0.310339274210865,0.632166630878248,0,0.677635817049603,0.458181232553146,0,0.755582993343354,0.551159544771312,0,0.134582349151814,0.705336053253167,0,0,0.701202490873953,0.48008374490015,0,0.89456731801589,0.914698303628946,0,0,0,0.297616491303414,0.616061842387803,0,0.958557010951256,0,0,0
RASL11A,0,0.712261112304058,0.597004509340777,0,0.779310715052609,0.702276143439983,0,0.675971655572257,0.749516856345287,0,0.170818123255315,0.404820700021473,0,0,0.765031135924415,0.7137642258965,0,0.452061412926777,0.675059050891132,0,0,0,0.756817693794288,0.793805024694009,0,0.125080523942452,0,0,0
ATP5G2,0,0.594159330040799,0.449753059909813,0,0.54783122181662,0.406377496242216,0,0.854251664161477,0.608385226540691,0,0.88479707966502,0.726916469830363,0,0,0.886461241142366,0.839166845608761,0,0.823384152888125,0.560607687352373,0,0,0,0.658149022976165,0.401385011810178,0,0.589327893493665,0,0,0
LEKR1,0,0.944867940734378,0.324028344427743,0,0.74527592870947,0.862518788919906,0,0.903693364827142,0.8514601674898,0,0.790959845394031,0.838737384582349,0,0,0.915127764655358,0.946854197981533,0,0.877764655357526,0.339649989263474,0,0,0,0.95614129267769,0.888501181017823,0,0.172374919476058,0,0,0
RBM34,0,0.743558084603822,0.182091475198626,0,0.952383508696586,0.700075155679622,0,0.909383723427099,0.84093837234271,0,0.88876959415933,0.522385656001718,0,0,0.907773244578055,0.842548851191754,0,0.7427528451793,0.775230835301696,0,0,0,0.439607043160833,0.684399828215589,0,0.0650096628730943,0,0,0
PARK7,0,0.780760146016749,0.172160188962852,0,0.801857418939231,0.865363968219884,0,0.638232767876315,0.797240712905304,0,0.933433540906163,0.918241357096844,0,0,0.591582563882328,0.713603178011595,0,0.687191324887267,0.143010521795147,0,0,0,0.704745544341851,0.782531672750698,0,0.401599742323384,0,0,0
NEK7,0,0.934453510843891,0.970850332832295,0,0.461509555507838,0.297509126046811,0,0.949967790423019,0.353875885763367,0,0.267446854197982,0.294610264118531,0,0,0.956087610049388,0.917221387159115,0,0.934453510843891,0.96269057333047,0,0,0,0.793268198410994,0.0176615847111875,0,0.788651492377067,0,0,0
GRPEL2,0,0.780115954477131,0.406753274640326,0,0.938264977453296,0.899076658793215,0,0.684936654498604,0.741142366330256,0,0.884206570753704,0.791174575907236,0,0,0.686761863860855,0.788114666094052,0,0.546864934507193,0.356667382435044,0,0,0,0.876691002791497,0.871805883616062,0,0.132864505046167,0,0,0
PLP2,0,0.873040584066996,0.970957698088898,0,0.740659222675542,0.460274855056904,0,0.800837449001503,0.396446210006442,0,0.602963281082242,0.502791496671677,0,0,0.812271848829719,0.902243933863002,0,0.76846682413571,0.88189821773674,0,0,0,0.955336053253167,0.450826712475843,0,0.416899291389306,0,0,0
SPAG9,0,0.859458879106721,0.227292248228473,0,0.808245651707108,0.851621215374705,0,0.79745544341851,0.977936439768091,0,0.817103285376852,0.706570753704101,0,0,0.777861284088469,0.840777324457806,0,0.532746403263904,0.365041872450075,0,0,0,0.874221601889628,0.965696800515353,0,0.0317264333261756,0,0,0
ATF4,0,0.315385441271205,0.0464354734807816,0,0.934399828215589,0.887856989478205,0,0.641936869229117,0.842656216448357,0,0.705550783766373,0.840992054971011,0,0,0.687245007515568,0.620946961563238,0,0.446639467468327,0.0424092763581705,0,0,0,0.52753918831866,0.893386300193257,0,0.077464032639038,0,0,0
MDH1,0,0.726594374060554,0.119980674253811,0,0.776519218380932,0.879858277861284,0,0.709523298260683,0.699806742538115,0,0.521419368692291,0.860693579557655,0,0,0.746779042301911,0.608277861284088,0,0.794610264118531,0.0888984324672536,0,0,0,0.642956839166846,0.943525875026841,0,0.804165771956195,0,0,0
RALGAPA2,0,0.980888984324673,0.397036718917758,0,0.97643332617565,0.957107579987116,0,0.869282800085892,0.966179944170067,0,0.646875671032854,0.65723641829504,0,0,0.912819411638394,0.736149881898218,0,0.833530169637105,0.842870946961563,0,0,0,0.63007300837449,0.909813184453511,0,0.766158471118746,0,0,0
DCAF7,0,0.926884260253382,0.369229117457591,0,0.971118745973803,0.989639252737814,0,0.901009233412068,0.917436117672321,0,0.558836160618424,0.707268627872021,0,0,0.880878247799012,0.906645909383723,0,0.829557655142796,0.917543482928924,0,0,0,0.894245222246081,0.980137427528452,0,0.211509555507838,0,0,0
SRP14,0,0.925542194545845,0.993235988834013,0,0.520936225037578,0.371966931500966,0,0.94384797079665,0.336160618423878,0,0.972192398539833,0.713925273781404,0,0,0.962368477560661,0.981425810607687,0,0.921569680051535,0.862143010521795,0,0,0,0.992216018896285,0.512239639252738,0,0.281082241786558,0,0,0
ACSF3,0,0.883186600815976,0.286021043590294,0,0.810715052608976,0.858492591797294,0,0.704155035430535,0.879858277861284,0,0.590025767661585,0.690627013098561,0,0,0.730244792785055,0.643923126476272,0,0.575263044878677,0.311573974661799,0,0,0,0.600064419153962,0.746295898647198,0,0.565707537041014,0,0,0
ELAC2,0,0.71956194975306,0.584496456946532,0,0.648110371483788,0.302877388876959,0,0.908095340347863,0.528183379858278,0,0.385387588576337,0.645748335838523,0,0,0.897412497315869,0.637642258964999,0,0.937298690143869,0.889789564097058,0,0,0,0.199323598883401,0.575424092763582,0,0.971977668026627,0,0,0
SIVA1,0,0.690358599957054,0.731801589005798,0,0.540047240712905,0.464193686922912,0,0.828484002576766,0.482392097917114,0,0.992108653639682,0.657182735666738,0,0,0.792892420012884,0.798099634958128,0,0.816995920120249,0.585194331114451,0,0,0,0.762776465535753,0.407397466179944,0,0.444814258106077,0,0,0
NOL12,0,0.329020828859781,0.783122181662014,0,0.241088683701954,0.000912604681125188,0,0.410994202276143,0.817640111659867,0,0.936439768091046,0.598024479278505,0,0,0.521687781833799,0.633884474983895,0,0.526894996779042,0.234378355164269,0,0,0,0.777485505690359,0.0471870302770024,0,0.743665449860425,0,0,0
PIM1,0,0.690627013098561,0.759877603607473,0,0.737867726003865,0.727506978741679,0,0.926615847111875,0.708288597809749,0,0.644352587502684,0.978097487652996,0,0,0.938801803736311,0.912014172213872,0,0.986525660296328,0.864397680910457,0,0,0,0.871108009448143,0.479278505475628,0,0.99312862357741,0,0,0
BCL2L12,0,0.90143869443848,0.853231694223749,0,0.828537685205068,0.866222890272708,0,0.844481425810608,0.881737169851836,0,0.923878033068499,0.946102641185312,0,0,0.913570968434615,0.934560876100494,0,0.837717414644621,0.717683057762508,0,0,0,0.965696800515353,0.837395318874812,0,0.140916899291389,0,0,0
SPIN1,0,0.959469615632381,0.952759287094696,0,0.894674683272493,0.763313291818767,0,0.831221816620142,0.947444706892849,0,0.399398754563023,0.330094481425811,0,0,0.818713764225896,0.857741035001074,0,0.727131200343569,0.926884260253382,0,0,0,0.90723641829504,0.845232982606828,0,0.198249946317372,0,0,0
HOXA3,0,0.932037792570324,0.939553360532532,0,0.552072149452437,0.51487008803951,0,0.945887910672107,0.545093407773245,0,0.786665235129912,0.238350869658578,0,0,0.937298690143869,0.960704316083315,0,0.93370195404767,0.965428387373846,0,0,0,0.941915396177797,0.504885119175435,0,0.302286879965643,0,0,0
AKT3,0,0.700665664590938,0.960596950826712,0,0.305400472407129,0.108546274425596,0,0.679836804809963,0.291013528022332,0,0.0641507408202706,0.107150526089757,0,0,0.6847756066137,0.654176508481855,0,0.705980244792785,0.888715911531029,0,0,0,0.715804165771956,0.180373631092978,0,0.725144943096414,0,0,0
PRRC1,0,0.3587073223105,0.46848829718703,0,0.408041657719562,0.519486794073438,0,0.285215804165772,0.574726218595662,0,0.522385656001718,0.348990766587932,0,0,0.220152458664376,0.224232338415289,0,0.376637320163195,0.581597595018252,0,0,0,0.204960274855057,0.5362357741035,0,0.684668241357097,0,0,0
PUM2,0,0.397519862572472,0.206946532102212,0,0.519003650418725,0.541872450075156,0,0.371430105217951,0.453349796006012,0,0.322256817693794,0.481050032209577,0,0,0.315278076014602,0.383455013957483,0,0.365471333476487,0.0620034356882113,0,0,0,0.509287094696156,0.567854842173073,0,0.665879321451578,0,0,0
GRK5,0,0.858063130770883,0.616383938157612,0,0.693203779257032,0.702490873953189,0,0.849796006012454,0.690358599957054,0,0.589005797723857,0.647627227829075,0,0,0.845608761004939,0.86992699162551,0,0.808138286450505,0.833744900150311,0,0,0,0.865041872450075,0.73298260682843,0,0.274210865363968,0,0,0
RASGRP3,0,0.931286235774104,0.996564311788705,0,0.330362894567318,0.22138715911531,0,0.96558943525875,0.301750053682628,0,0.190036504187245,0.322793643976809,0,0,0.933809319304273,0.978473266051106,0,0.977668026626584,0.982123684775607,0,0,0,0.969400901868155,0.0585677474769165,0,0.865256602963281,0,0,0
BAHCC1,0,0.80035430534679,0.56957268627872,0,0.629428816834872,0.476272278290745,0,0.98008374490015,0.505046167060339,0,0.696854197981533,0.27319089542624,0,0,0.911101567532746,0.966716770453081,0,0.969991410779472,0.96124114236633,0,0,0,0.777485505690359,0.516587932145158,0,0.341260468112519,0,0,0
WDR54,0,0.818606398969294,0.130609834657505,0,0.915771956194975,0.91051105862143,0,0.888608546274426,0.738297187030277,0,0.603124328967146,0.719454584496457,0,0,0.859136783336912,0.857096843461456,0,0.825209362250376,0.805829933433541,0,0,0,0.661047884904445,0.6087073223105,0,0.28806098346575,0,0,0
FUT11,0,0.521848829718703,0.018949967790423,0,0.90906162765729,0.806742538114666,0,0.542892420012884,0.91630878247799,0,0.973105003220958,0.799710113807172,0,0,0.682145157826927,0.672213871591153,0,0.00998496886407559,0.0259823920979171,0,0,0,0.59276358170496,0.88732016319519,0,0.00531458020184668,0,0,0
BARD1,0,0.590669959201202,0.576980888984325,0,0.469347219239854,0.722675542194546,0,0.631200343568821,0.59711187459738,0,0.0562057118316513,0.211670603392742,0,0,0.461133777109727,0.652458664376208,0,0.389252737814043,0.833315439123899,0,0,0,0.628301481640541,0.833530169637105,0,0.0534142151599742,0,0,0
CTTNBP2NL,0,0.702920334979601,0.892205282370625,0,0.805239424522225,0.439607043160833,0,0.847326605110586,0.463603178011595,0,0.509609190465965,0.692720635602319,0,0,0.882059265621645,0.750751556796221,0,0.911155250161048,0.894030491732875,0,0,0,0.628301481640541,0.416952974017608,0,0.884850762293322,0,0,0
SERPINH1,0,0.660350010736526,0.824672535967361,0,0.478902727077518,0.503435688211295,0,0.84963495812755,0.434990337126906,0,0.276733948894138,0.775821344213013,0,0,0.765138501181018,0.740390809534035,0,0.931930427313721,0.916255099849689,0,0,0,0.517178441056474,0.420764440627013,0,0.926884260253382,0,0,0
USP53,0,0.556849903371269,0.844642473695512,0,0.558889843246725,0.382112948249946,0,0.529686493450719,0.422535967360962,0,0.393225252308353,0.593515138501181,0,0,0.491249731586858,0.402566029632811,0,0.723695512132274,0.794986042516642,0,0,0,0.447229976379644,0.431125187889199,0,0.871913248872665,0,0,0
GNGT1,0,0.894084174361177,0.964408417436118,0,0.601299119604896,0.469239853983251,0,0.833905948035216,0.455228687996564,0,0.0738136139145373,0.247637964354735,0,0,0.828000858922053,0.778129697229976,0,0.830738672965428,0.942989048743826,0,0,0,0.794771312003436,0.474071290530384,0,0.824135709684346,0,0,0
RNF157,0,0.733626798368048,0.0392420012883831,0,0.917275069787417,0.985344642473695,0,0.7282585355379,0.952759287094696,0,0.840455228687997,0.962905303843676,0,0,0.695565814902298,0.775660296328108,0,0.78913463603178,0.241786557869873,0,0,0,0.740873953188748,0.942291174575907,0,0.396124114236633,0,0,0
LDHB,0,0.818874812110801,0.476540691432253,0,0.353392742108654,0.313560231908954,0,0.798045952329826,0.291013528022332,0,0.150257676615847,0.352319089542624,0,0,0.795737599312862,0.679299978526949,0,0.819519003650419,0.718810392956839,0,0,0,0.63007300837449,0.452383508696586,0,0.791389306420442,0,0,0
SMC2,0,0.175220098776036,0.187030277002362,0,0.668295039725145,0.614719776680266,0,0.417060339274211,0.522976164913034,0,0.150257676615847,0.241732875241572,0,0,0.18042731372128,0.325692505905089,0,0.0905625939445995,0.218756710328538,0,0,0,0.190358599957054,0.655464891561091,0,0.301911101567533,0,0,0
ANKLE1,0,0.439553360532532,0.00633455013957483,0,0.721655572256818,0.623684775606614,0,0.61665235129912,0.384528666523513,0,0.997262185956624,0.991088683701954,0,0,0.79638179085248,0.760736525660296,0,0.772868799656431,0.0058514064848615,0,0,0,0.858063130770883,0.48223105003221,0,0.848239209791711,0,0,0
GMFG,0,0.645533605325317,0.371322739961349,0,0.598453940304917,0.599312862357741,0,0.791496671677045,0.630019325746189,0,0.821505260897574,0.939338630019326,0,0,0.726164913034142,0.804273137212798,0,0.883186600815976,0.222782907451149,0,0,0,0.772385656001718,0.654605969508267,0,0.73405625939446,0,0,0
ALAS1,0,0.776841314150741,0.507837663732016,0,0.616169207644406,0.851245436976594,0,0.825638823276788,0.835892205282371,0,0.928870517500537,0.638662228902727,0,0,0.662604681125188,0.875187889199055,0,0.75762293321881,0.850440197552072,0,0,0,0.825799871161692,0.844588791067211,0,0.0332295469186171,0,0,0
AAK1,0,0.894137856989478,0.412175220098776,0,0.835355378999356,0.54745544341851,0,0.924414859351514,0.939553360532532,0,0.221065063345501,0.642473695512132,0,0,0.91485935151385,0.869980674253811,0,0.943686922911746,0.864558728795362,0,0,0,0.760307064633884,0.620732231050032,0,0.935956624436332,0,0,0
CCDC34,0,0.828913463603178,0.426347433970367,0,0.908041657719562,0.869873308997208,0,0.785108438909169,0.828322954691862,0,0.24527592870947,0.495920120249087,0,0,0.691646983036289,0.596789778827571,0,0.777109727292248,0.924790637749624,0,0,0,0.4130341421516,0.816405411208933,0,0.624490015031136,0,0,0
CTSE,0,0.537363109297831,0.388232767876315,0,0.338737384582349,0.347004509340777,0,0.619980674253811,0.291013528022332,0,0.596682413570968,0.81232553145802,0,0,0.677957912819412,0.720581919690788,0,0.788490444492162,0.162121537470475,0,0,0,0.799871161692076,0.0348400257676616,0,0.970098776036075,0,0,0
GPR19,0,0.432359888340133,0.0472407129053038,0,0.605486364612411,0.766963710543268,0,0.712261112304058,0.691056474124973,0,0.872611123040584,0.947927850547563,0,0,0.785484217307279,0.673072793643977,0,0.683379858277861,0.055507837663732,0,0,0,0.547133347648701,0.75617350225467,0,0.693686922911746,0,0,0
CX3CL1,0,0.872127979385871,0.152834442774318,0,0.913248872664806,0.899667167704531,0,0.78296113377711,0.956087610049388,0,0.476272278290745,0.935956624436332,0,0,0.655840669959201,0.515353231694224,0,0.866974447068928,0.740122396392527,0,0,0,0.31957268627872,0.943740605540047,0,0.913839381576122,0,0,0
MRPS15,0,0.714354734807816,0.161423663302555,0,0.764064848614988,0.937083959630663,0,0.450128838307924,0.97353446424737,0,0.932145157826927,0.735237277217093,0,0,0.543160833154391,0.468649345071935,0,0.197283659007945,0.218380931930427,0,0,0,0.512830148164054,0.837663732016319,0,0.128945673180159,0,0,0
P2RY14,0,0.436654498604252,0.875509984968864,0,0.298099634958128,0.258481855271634,0,0.741357096843461,0.291013528022332,0,0.242806527807601,0.52029203349796,0,0,0.724876529954907,0.717146231479493,0,0.847433970367189,0.77608975735452,0,0,0,0.597863431393601,0.0261434399828216,0,0.940090186815546,0,0,0
ABCA7,0,0.853178011595448,0.180266265836375,0,0.837932145157827,0.840508911316298,0,0.912497315868585,0.970528237062487,0,0.72208503328323,0.876583637534894,0,0,0.86305561520292,0.958771741464462,0,0.85398325101997,0.68949967790423,0,0,0,0.9021902512347,0.730942666952974,0,0.191861713549495,0,0,0
PLXNA1,0,0.754294610264118,0.811788705175005,0,0.613001932574619,0.401546059695083,0,0.800193257461885,0.391829503972514,0,0.658095340347863,0.322847326605111,0,0,0.811198196263689,0.7427528451793,0,0.735290959845394,0.80760146016749,0,0,0,0.569357955765514,0.0661369980674254,0,0.659813184453511,0,0,0
IRF4,0,0.759287094696156,0.937298690143869,0,0.341636246510629,0.211187459738029,0,0.758106076873524,0.291013528022332,0,0.392312647627228,0.702007730298475,0,0,0.744524371913249,0.619873308997208,0,0.912550998496886,0.879053038436762,0,0,0,0.571129482499463,0.145050461670603,0,0.9782585355379,0,0,0
RPS18,0,0.894621000644192,0.00773029847541336,0,0.996456946532102,0.921140219025123,0,0.951256173502255,0.967199914107795,0,0.955550783766373,0.95689284947391,0,0,0.974715482070002,0.91158471118746,0,0.818928494739102,0.347058191969079,0,0,0,0.613699806742538,0.897305132059266,0,0.073008374490015,0,0,0
COPS8,0,0.663517285806313,0.362411423663303,0,0.730191110156753,0.434399828215589,0,0.899720850332832,0.291013528022332,0,0.889038007300837,0.850654928065278,0,0,0.901707107579987,0.712529525445566,0,0.926776894996779,0.798636461241142,0,0,0,0.357794717629375,0.451900365041872,0,0.898110371483788,0,0,0
PSMD5,0,0.643815761219669,0.555883616061842,0,0.487814043375564,0.669959201202491,0,0.730674253811467,0.686815546489156,0,0.845394030491733,0.642097917114022,0,0,0.776680266265836,0.861123040584067,0,0.668026626583638,0.381200343568821,0,0,0,0.912389950611982,0.624328967146231,0,0.249033712690573,0,0,0
KCTD11,0,0.690841743611767,0.573598883401331,0,0.746242216018896,0.749785269486794,0,0.667275069787417,0.607418939231265,0,0.821827356667382,0.833315439123899,0,0,0.679568391668456,0.811520292033498,0,0.650794502898862,0.592924629589865,0,0,0,0.866330255529311,0.729815331758643,0,0.0939982821558944,0,0,0
KCTD5,0,0.556957268627872,0.0194867940734378,0,0.849205497101138,0.891400042946103,0,0.791013528022332,0.837341636246511,0,0.918885548636461,0.90723641829504,0,0,0.788383079235559,0.584872235344642,0,0.776250805239424,0.583100708610694,0,0,0,0.190358599957054,0.939231264762723,0,0.152243933863002,0,0,0
HOXA5,0,0.932574618853339,0.892420012883831,0,0.582456517071076,0.472407129053038,0,0.951578269272064,0.46483787846253,0,0.915610908310071,0.275821344213013,0,0,0.952276143439983,0.956033927421087,0,0.936761863860855,0.959738028773889,0,0,0,0.930695726862787,0.497852694867941,0,0.292087180588362,0,0,0
AMN1,0,0.906592226755422,0.0504079879750913,0,0.863699806742538,0.924146446210006,0,0.892366330255529,0.864451363538759,0,0.925273781404338,0.983036289456732,0,0,0.835945887910672,0.847648700880395,0,0.936171354949538,0.343998282155894,0,0,0,0.767607902082886,0.927152673394889,0,0.737706678118961,0,0,0
ERBB2IP,0,0.711294824994632,0.471548207000215,0,0.658471118745974,0.715643117887052,0,0.639950611981963,0.728312218166201,0,0.229224822847327,0.262400687137642,0,0,0.555239424522225,0.731962636890702,0,0.49565170710758,0.85795576551428,0,0,0,0.744148593515139,0.575638823276788,0,0.102319089542624,0,0,0
RPUSD3,0,0.777002362035645,0.821344213012669,0,0.802716340992055,0.535108438909169,0,0.733465750483144,0.587985827786128,0,0.582402834442774,0.283229546918617,0,0,0.753865149237707,0.735559372986901,0,0.598078161906807,0.864934507193472,0,0,0,0.75907236418295,0.744255958771741,0,0.118638608546274,0,0,0
CD55,0,0.876315224393386,0.490068713764226,0,0.69454584496457,0.865041872450075,0,0.804541550354305,0.693257461885334,0,0.724124973158686,0.83369121752201,0,0,0.794986042516642,0.838630019325746,0,0.817854842173073,0.912014172213872,0,0,0,0.898486149881898,0.94674683272493,0,0.179675756925059,0,0,0
LRRC49,0,0.91485935151385,0.992484432037793,0,0.703564526519218,0.364451363538759,0,0.957805454155035,0.291013528022332,0,0.699430964140004,0.884528666523513,0,0,0.971870302770024,0.933487223534464,0,0.992054971011381,0.96918617135495,0,0,0,0.927957912819412,0.490712905303844,0,0.979385870732231,0,0,0
SMPD1,0,0.715535752630449,0.869765943740606,0,0.559641400042946,0.421838093193043,0,0.658310070861069,0.291013528022332,0,0.801213227399614,0.826283014816405,0,0,0.743021258320807,0.827571397895641,0,0.737975091260468,0.319304273137213,0,0,0,0.906484861498819,0.0220098776036075,0,0.866759716555723,0,0,0
MBNL1,0,0.980137427528452,0.415020399398755,0,0.815170710757999,0.835409061627657,0,0.987599312862358,0.804004724071291,0,0.6159544771312,0.87862357741035,0,0,0.978473266051106,0.985398325101997,0,0.990820270560447,0.982875241571827,0,0,0,0.969078806098347,0.833422804380502,0,0.389306420442345,0,0,0
TUBA1C,0,0.969025123470045,0.817103285376852,0,0.828913463603178,0.808836160618424,0,0.991518144728366,0.860049388018037,0,0.65074082027056,0.861069357955766,0,0,0.987223534464247,0.986310929783122,0,0.989370839596307,0.883132918187674,0,0,0,0.950880395104144,0.613646124114237,0,0.962475842817264,0,0,0
S100A16,0,0.943418509770238,0.545039725144943,0,0.750966287309427,0.502039939875456,0,0.948088898432467,0.681715696800515,0,0.677474769164698,0.769486794073438,0,0,0.930642044234486,0.973588146875671,0,0.94637105432682,0.224769164698304,0,0,0,0.974232338415289,0.447605754777754,0,0.864451363538759,0,0,0
PTHLH,0,0.797401760790208,0.928065278076015,0,0.368799656431179,0.453188748121108,0,0.804595232982607,0.291013528022332,0,0.806366759716556,0.646875671032854,0,0,0.791926132703457,0.896070431608332,0,0.830416577195619,0.427743182306206,0,0,0,0.95544341850977,0.127227829074511,0,0.782048529095985,0,0,0
RUVBL2,0,0.940090186815546,0.218703027700236,0,0.868584925917973,0.543536611552502,0,0.955282370624866,0.832027056044664,0,0.371644835731157,0.799656431178871,0,0,0.957214945243719,0.942881683487224,0,0.906592226755422,0.251664161477346,0,0,0,0.9021902512347,0.84131415074082,0,0.851782263259609,0,0,0
PDP1,0,0.956946532102212,0.978473266051106,0,0.728956409705819,0.595447713120034,0,0.990712905303844,0.592548851191754,0,0.610478849044449,0.682198840455229,0,0,0.990820270560447,0.983412067854842,0,0.990176079020829,0.995383293966073,0,0,0,0.931823062057118,0.585086965857848,0,0.6232016319519,0,0,0
UCK2,0,0.889091689929139,0.576229332188104,0,0.803682628301482,0.8007300837449,0,0.926508481855272,0.58948894137857,0,0.566888554863646,0.647734593085677,0,0,0.94529740176079,0.865256602963281,0,0.931608331543912,0.929622074296758,0,0,0,0.782853768520507,0.705765514279579,0,0.82316942237492,0,0,0
ATP5I,0,0.985022546703887,0.98443203779257,0,0.908793214515783,0.590884689714408,0,0.98153317586429,0.762508052394245,0,0.450987760360747,0.46124114236633,0,0,0.982016319519004,0.968058836160618,0,0.932467253596736,0.993074940949109,0,0,0,0.942130126691003,0.71193901653425,0,0.20979171140219,0,0,0
GOLIM4,0,0.963817908524801,0.948249946317372,0,0.804648915610908,0.00488511917543483,0,0.931232553145802,0.291013528022332,0,0.646177796864934,0.829933433540906,0,0,0.96666308782478,0.915449860425166,0,0.957322310500322,0.972407129053038,0,0,0,0.914698303628946,0.34636031780116,0,0.876691002791497,0,0,0
MYEOV,0,0.95796650203994,0.925810607687352,0,0.241088683701954,0.415342495168563,0,0.934185097702384,0.291013528022332,0,0.928065278076015,0.872289027270775,0,0,0.939553360532532,0.988297187030277,0,0.986847756066137,0.81087610049388,0,0,0,0.99747691646983,0.54493235988834,0,0.909168992913893,0,0,0
ZNF473,0,0.453671891775821,0.0814365471333477,0,0.487169851835946,0.704584496456947,0,0.689284947391024,0.710650633455014,0,0.951363538758858,0.91378569894782,0,0,0.637642258964999,0.759233412067855,0,0.734700450934078,0.234915181447284,0,0,0,0.865041872450075,0.740498174790638,0,0.690680695726863,0,0,0
POLD2,0,0.945458449645695,0.985827786128409,0,0.735344642473695,0.360532531672751,0,0.952651921838093,0.458879106721065,0,0.643654713334765,0.317962207429676,0,0,0.963173716985184,0.94529740176079,0,0.937996564311789,0.970904015460597,0,0,0,0.916469830362895,0.394084174361177,0,0.622074296757569,0,0,0
EMG1,0,0.135280223319734,0.32934292462959,0,0.241088683701954,0.320163195190036,0,0.362894567318016,0.291013528022332,0,0.929407343783552,0.942989048743826,0,0,0.458664376207859,0.560661369980674,0,0.710274855056904,0.042355593729869,0,0,0,0.708503328322955,0.0291496671677045,0,0.955550783766373,0,0,0
TBC1D23,0,0.731211080094481,0.656484861498819,0,0.405142795791282,0.545254455658149,0,0.498013742752845,0.586321666308782,0,0.350547562808675,0.670603392742109,0,0,0.67355593729869,0.715750483143655,0,0.531941163839382,0.284249516856345,0,0,0,0.840133132918188,0.346521365686064,0,0.660242645479923,0,0,0
TOM1,0,0.913195190036504,0.637481211080094,0,0.478795361820915,0.631683487223535,0,0.825799871161692,0.627764655357526,0,0.890487438264977,0.70614129267769,0,0,0.900311359244149,0.955711831651278,0,0.715374704745544,0.278559158256388,0,0,0,0.982821558943526,0.550944814258106,0,0.17173072793644,0,0,0
TMEM138,0,0.949806742538115,0.289027270775177,0,0.93805024694009,0.822203135065493,0,0.972621859566244,0.7862357741035,0,0.986203564526519,0.921086536396822,0,0,0.966018896285162,0.956356023190895,0,0.957751771526734,0.88876959415933,0,0,0,0.910725789134636,0.910779471762937,0,0.324243074940949,0,0,0
ILKAP,0,0.63334764870088,0.411477345930857,0,0.933165127764655,0.740390809534035,0,0.779310715052609,0.766641614773459,0,0.287094696156324,0.367189177582134,0,0,0.524425595877174,0.606774747691647,0,0.588737384582349,0.906860639896929,0,0,0,0.220904015460597,0.737867726003865,0,0.0792355593729869,0,0,0
MLLT1,0,0.928172643332618,0.799924844320378,0,0.87100064419154,0.848239209791711,0,0.856291604036934,0.846145587287954,0,0.755529310715053,0.660296328108224,0,0,0.881039295683917,0.889896929353661,0,0.747208503328323,0.758964998926347,0,0,0,0.916952974017608,0.733948894137857,0,0.1594374060554,0,0,0
TSPAN9,0,0.738941378569895,0.931393601030706,0,0.561520292033498,0.00740820270560447,0,0.84346145587288,0.291013528022332,0,0.52211724286021,0.541442989048744,0,0,0.833476487008804,0.687137642258965,0,0.909007945028989,0.946854197981533,0,0,0,0.448464676830578,0.0574404122825854,0,0.871430105217952,0,0,0
WNT7B,0,0.817156968005154,0.916416147734593,0,0.42500536826283,0.480888984324673,0,0.8079772385656,0.489800300622719,0,0.710221172428602,0.295361820914752,0,0,0.803360532531673,0.9021902512347,0,0.810715052608976,0.910672106506335,0,0,0,0.934882971870303,0.576014601674898,0,0.22573545200773,0,0,0
NSUN7,0,0.529257032424307,0.461509555507838,0,0.52608975735452,0.419690788060983,0,0.594964569465321,0.36375348937084,0,0.77646553575263,0.839649989263474,0,0,0.54165771956195,0.375778398110372,0,0.816942237491948,0.391238995061198,0,0,0,0.23368048099635,0.326712475842817,0,0.963012669100279,0,0,0
APOA1,0,0.61520292033498,0.0780545415503543,0,0.840240498174791,0.911477345930857,0,0.681339918402405,0.8514601674898,0,0.822901009233412,0.810285591582564,0,0,0.482714193686923,0.457912819411638,0,0.770130985613056,0.386031780115954,0,0,0,0.190358599957054,0.875080523942452,0,0.471816620141722,0,0,0
LPL,0,0.786879965643118,0.916201417221387,0,0.4420227614344,0.269003650418724,0,0.770345716126262,0.347756066136998,0,0.157880609834658,0.139252737814043,0,0,0.76701739317157,0.437513420657075,0,0.785645265192184,0.94674683272493,0,0,0,0.190358599957054,0.369497530599098,0,0.8623040584067,0,0,0
ADAM9,0,0.863485076229332,0.46628730942667,0,0.668563452866652,0.641024264547992,0,0.836482714193687,0.631039295683917,0,0.307816190680696,0.562969722997638,0,0,0.862787202061413,0.72680910457376,0,0.881415074082027,0.911316298045952,0,0,0,0.710596950826712,0.593998282155894,0,0.891883186600816,0,0,0
RNF167,0,0.670388662228903,0.159115310285592,0,0.696854197981533,0.873577410350011,0,0.659168992913893,0.743611767232124,0,0.762722782907451,0.813667597165557,0,0,0.669315009662873,0.71628730942667,0,0.560768735237277,0.154981747906378,0,0,0,0.752952544556581,0.839274210865364,0,0.360371483787846,0,0,0
IQCB1,0,0.308782477990122,0.888179085248014,0,0.280974876529955,0.34201202490874,0,0.479278505475628,0.338630019325746,0,0.372235344642474,0.681554648915611,0,0,0.410779471762937,0.52426454799227,0,0.820700021473051,0.715804165771956,0,0,0,0.616115525016105,0.352426454799227,0,0.966448357311574,0,0,0
DUSP5,0,0.991035001073653,0.914751986257247,0,0.999463173716985,0.895587287953618,0,0.986257247154821,0.983304702598239,0,0.726272278290745,0.83911316298046,0,0,0.970259823920979,0.930158900579772,0,0.982660511058621,0.991249731586858,0,0,0,0.762293321881039,0.930964140004295,0,0.864290315653854,0,0,0
CCL17,0,0.651009233412068,0.191378569894782,0,0.58551642688426,0.710704316083315,0,0.662389950611982,0.684399828215589,0,0.468917758213442,0.906484861498819,0,0,0.588200558299334,0.538329396607258,0,0.832295469186171,0.208932789349367,0,0,0,0.464032639038007,0.595823491518145,0,0.960382220313507,0,0,0
PHLDA1,0,0.969722997637964,0.213495812754992,0,0.979976379643547,0.808728795361821,0,0.898754563023406,0.913248872664806,0,0.867672321236848,0.738834013313292,0,0,0.900472407129053,0.78875885763367,0,0.829503972514494,0.377281511702813,0,0,0,0.661692076444063,0.782585355378999,0,0.793590294180803,0,0,0
SWAP70,0,0.760360747262186,0.304595232982607,0,0.803736310929783,0.671623362679837,0,0.86085462744256,0.439929138930642,0,0.183863001932575,0.59963495812755,0,0,0.762615417650848,0.753059909813184,0,0.876422589649989,0.905357526304488,0,0,0,0.538973588146876,0.604144298904874,0,0.760790208288598,0,0,0
CDC42BPA,0,0.858546274425596,0.963871591153103,0,0.552501610478849,0.36557869873309,0,0.83803951041443,0.357472621859566,0,0.244363324028344,0.178763152243934,0,0,0.834228043805025,0.748121108009448,0,0.84276358170496,0.951202490873953,0,0,0,0.704745544341851,0.37465106291604,0,0.788973588146876,0,0,0
C8orf4,0,0.98985398325102,0.992269701524587,0,0.762078591367833,0.681393601030706,0,0.983358385226541,0.552340562593945,0,0.890755851406485,0.288007300837449,0,0,0.987169851835946,0.984700450934078,0,0.968649345071935,0.990873953188748,0,0,0,0.977238565600172,0.591475198625725,0,0.342334120678548,0,0,0
RASSF4,0,0.772654069143225,0.942989048743826,0,0.492430749409491,0.395587287953618,0,0.754992484432038,0.560124543697659,0,0.899828215589435,0.441324887266481,0,0,0.805829933433541,0.782316942237492,0,0.760897573545201,0.854305346789779,0,0,0,0.78585999570539,0.135065492806528,0,0.548260682843032,0,0,0
LTB,0,0.887266480566889,0.888715911531029,0,0.76776894996779,0.759448142581061,0,0.930749409491089,0.742216018896285,0,0.727721709254885,0.980191110156753,0,0,0.945243719132489,0.979600601245437,0,0.973105003220958,0.28913463603178,0,0,0,0.992538114666094,0.680642044234486,0,0.958449645694653,0,0,0
NOP10,0,0.553682628301482,0.300676401116599,0,0.765138501181018,0.771795147090402,0,0.514064848614988,0.744470689284947,0,0.713012669100279,0.819411638393816,0,0,0.540798797509126,0.614934507193472,0,0.448088898432467,0.172697015245866,0,0,0,0.724232338415289,0.594749838952115,0,0.750429461026412,0,0,0
IKBKE,0,0.740712905303844,0.75434829289242,0,0.574940949108868,0.694814258106077,0,0.686654498604252,0.507139789564097,0,0.946102641185312,0.588522654069143,0,0,0.705872879536182,0.738565600171784,0,0.820055829933434,0.797616491303414,0,0,0,0.80652780760146,0.703832939660726,0,0.690304917328752,0,0,0
UCN2,0,0.84383723427099,0.893278934936654,0,0.316620141722139,0.385333905948035,0,0.734807816190681,0.396821988404552,0,0.818391668456088,0.741035001073653,0,0,0.801052179514709,0.913732016319519,0,0.802770023620356,0.24817479063775,0,0,0,0.963710543268198,0.0632381361391454,0,0.645426240068714,0,0,0
SHB,0,0.692183809319304,0.796864934507193,0,0.241088683701954,0.339596306635173,0,0.678709469615632,0.291013528022332,0,0.73588146875671,0.779095984539403,0,0,0.672160188962852,0.79890487438265,0,0.905357526304488,0.821773674039081,0,0,0,0.900848185527163,0.438855486364612,0,0.900042946102641,0,0,0
SHOX2,0,0.815117028129697,0.57751771526734,0,0.536021043590294,0.585409061627657,0,0.911262615417651,0.484700450934078,0,0.71086536396822,0.80325316727507,0,0,0.889735881468757,0.93042731372128,0,0.940090186815546,0.863324028344428,0,0,0,0.896929353661155,0.466985183594589,0,0.863109297831222,0,0,0
DDIT4,0,0.979439553360533,0.0435902941808031,0,0.942881683487224,0.995329611337771,0,0.98512991196049,0.97970796650204,0,0.999087395318875,0.954262400687138,0,0,0.979117457590724,0.99672535967361,0,0.965750483143655,0.330953403478634,0,0,0,0.994470689284947,0.966448357311574,0,0.11520292033498,0,0,0
GAL3ST3,0,0.961777968649345,0.890165342495169,0,0.752200987760361,0.392258964998926,0,0.955604466394675,0.587449001503114,0,0.841582563882328,0.869873308997208,0,0,0.975037577839811,0.981479493235989,0,0.941915396177797,0.621805883616062,0,0,0,0.977829074511488,0.332402834442774,0,0.470045093407773,0,0,0
CUX1,0,0.580094481425811,0.42607902082886,0,0.628784625295254,0.606023190895426,0,0.690627013098561,0.389038007300837,0,0.627657290100923,0.552662658363754,0,0,0.589220528237063,0.530491732875242,0,0.769486794073438,0.849312862357741,0,0,0,0.41813399184024,0.760843890916899,0,0.362035645265192,0,0,0
REM2,0,0.731103714837879,0.631790852480137,0,0.668026626583638,0.720904015460597,0,0.817049602748551,0.614558728795362,0,0.740283444277432,0.886998067425381,0,0,0.815009662873094,0.73368048099635,0,0.9094374060554,0.850762293321881,0,0,0,0.696048958557011,0.711670603392742,0,0.948947820485291,0,0,0
IGFBP4,0,0.875295254455658,0.639306420442345,0,0.883777109727292,0.323759931286236,0,0.967468327249302,0.45361820914752,0,0.615310285591583,0.777646553575263,0,0,0.969078806098347,0.875939445995276,0,0.964247369551213,0.925112733519433,0,0,0,0.545254455658149,0.349527592870947,0,0.958503328322955,0,0,0
GEMIN7,0,0.439714408417436,0.0165342495168563,0,0.742699162550999,0.896285162121537,0,0.769111015675327,0.870732231050032,0,0.590401546059695,0.99565170710758,0,0,0.680695726862787,0.833047025982392,0,0.906860639896929,0.061412926776895,0,0,0,0.820216877818338,0.767929997852695,0,0.923126476272278,0,0,0
ALKBH4,0,0.853339059480352,0.269272063560232,0,0.884367618638609,0.733734163624651,0,0.871054326819841,0.893708395963066,0,0.786182091475199,0.952222460811681,0,0,0.883508696585785,0.876422589649989,0,0.885709684346146,0.180319948464677,0,0,0,0.789832510199699,0.578215589435259,0,0.658041657719562,0,0,0
ENTPD3,0,0.0418724500751557,0.587878462529525,0,0.373523727721709,0.349044449216234,0,0.837878462529525,0.420818123255315,0,0.364988189821774,0.279632810822418,0,0,0.558728795361821,0.75762293321881,0,0.838307923555937,0.919422374919476,0,0,0,0.214569465321022,0.0346789778827571,0,0.415610908310071,0,0,0
NR1D1,0,0.829665020399399,0.0630234056259394,0,0.754455658149023,0.939392312647627,0,0.90288812540262,0.996081168133992,0,0.987277217092549,0.968971440841744,0,0,0.830846038222031,0.874973158685849,0,0.943740605540047,0.579987116169208,0,0,0,0.845071934721924,0.97428602104359,0,0.620893278934937,0,0,0
RDH14,0,0.788222031350655,0.30470259823921,0,0.583208073867297,0.645265192183809,0,0.875832080738673,0.552770023620356,0,0.572686278720206,0.578430319948465,0,0,0.80035430534679,0.837019540476702,0,0.812379214086322,0.750912604681125,0,0,0,0.789349366544986,0.639682198840455,0,0.186493450719347,0,0,0
RARB,0,0.808782477990122,0.972997637964355,0,0.424307494094911,0.328322954691862,0,0.843031994846468,0.525660296328108,0,0.509931286235774,0.423716985183595,0,0,0.808567747476917,0.842817264333262,0,0.910725789134636,0.938211294824995,0,0,0,0.797509126046811,0.314526519218381,0,0.803682628301482,0,0,0
LOXL4,0,0.854144298904874,0.983626798368048,0,0.334711187459738,0.376959415933004,0,0.804434185097702,0.329503972514494,0,0.554326819841099,0.156055400472407,0,0,0.824887266480567,0.871644835731157,0,0.810285591582564,0.917865578698733,0,0,0,0.922428602104359,0.406270130985613,0,0.45834228043805,0,0,0
RSAD1,0,0.935527163409921,0.370195404767017,0,0.995061198196264,0.981747906377496,0,0.978687996564312,0.972782907451149,0,0.851835945887911,0.967575692505905,0,0,0.957000214730513,0.969508267124758,0,0.973856560017178,0.913248872664806,0,0,0,0.934614558728795,0.997906377496242,0,0.205711831651278,0,0,0
HIC2,0,0.642527378140434,0.1594374060554,0,0.924361176723212,0.927582134421301,0,0.82102211724286,0.914107794717629,0,0.144943096414,0.342817264333262,0,0,0.648217736740391,0.675810607687352,0,0.538597809748765,0.92248228473266,0,0,0,0.369980674253811,0.970367189177582,0,0.0172321236847756,0,0,0
HSPB7,0,0.82209576980889,0.541550354305347,0,0.835999570538974,0.89891561090831,0,0.933272493021258,0.874490015031136,0,0.20689284947391,0.687835516426884,0,0,0.880287738887696,0.953349796006012,0,0.892795791281941,0.878140433755637,0,0,0,0.894352587502684,0.721762937513421,0,0.347863431393601,0,0,0
LRRC61,0,0.963925273781404,0.335033283229547,0,0.579289242001288,0.923609619926992,0,0.960435902941808,0.980942666952974,0,0.685258750268413,0.588844749838952,0,0,0.973480781619068,0.926991625509985,0,0.973480781619068,0.919368692291175,0,0,0,0.8152243933863,0.904552286879966,0,0.889413785698948,0,0,0
TIMP4,0,0.850064419153962,0.90433755636676,0,0.458771741464462,0.239800300622718,0,0.835999570538974,0.345555078376637,0,0.265621644835731,0.693633240283444,0,0,0.821505260897574,0.740444492162336,0,0.920764440627013,0.775069787416792,0,0,0,0.724232338415289,0.354842173072794,0,0.957859136783337,0,0,0
RUSC2,0,0.981372127979386,0.855486364612411,0,0.789617779686493,0.7210113807172,0,0.990605540047241,0.545898647197767,0,0.872396392527378,0.4855056903586,0,0,0.994953832939661,0.992323384152888,0,0.985935151385012,0.992645479922697,0,0,0,0.987169851835946,0.789295683916685,0,0.305561520292033,0,0,0
EGR2,0,0.900579772385656,0.951363538758858,0,0.542194545844965,0.693740605540047,0,0.875778398110372,0.693418509770238,0,0.320914751986257,0.728151170281297,0,0,0.864397680910457,0.890272707751771,0,0.905518574189392,0.942076444062701,0,0,0,0.890165342495169,0.638554863646124,0,0.810178226325961,0,0,0
ZKSCAN5,0,0.919637105432682,0.0351621215374705,0,0.966126261541765,0.672267554219455,0,0.986418295039725,0.628462529525446,0,0.791174575907236,0.93949967790423,0,0,0.992001288383079,0.949001503113592,0,0.972192398539833,0.708073867296543,0,0,0,0.696048958557011,0.894996779042302,0,0.798797509126047,0,0,0
SLCO1A2,0,0.37717414644621,0.833208073867297,0,0.395318874812111,0.345877174146446,0,0.828913463603178,0.291013528022332,0,0.542087180588362,0.170334979600601,0,0,0.687406055400472,0.801481640541121,0,0.817962207429676,0.917650848185527,0,0,0,0.503220957698089,0.0249087395318875,0,0.342870946961563,0,0,0
CDC14A,0,0.878355164268843,0.824082027056045,0,0.617081812325531,0.781350654928065,0,0.687459738028774,0.93080309211939,0,0.381737169851836,0.610210435902942,0,0,0.756066136998067,0.61992699162551,0,0.738726648056689,0.877818337985828,0,0,0,0.669100279149667,0.86810178226326,0,0.584228043805025,0,0,0
CRAT,0,0.977238565600172,0.0751019969937728,0,0.997315868584926,0.900311359244149,0,0.978526948679407,0.987438264977453,0,0.896553575263045,0.934668241357097,0,0,0.979063774962422,0.937728151170281,0,0.974876529954907,0.718166201417221,0,0,0,0.840294180803092,0.987975091260468,0,0.860961992699163,0,0,0
USP44,0,0.426669529740176,0.858653639682199,0,0.341958342280438,0.2717414644621,0,0.713817908524801,0.328054541550354,0,0.355701095125617,0.374758428172643,0,0,0.587180588361606,0.520775177152673,0,0.802716340992055,0.904015460596951,0,0,0,0.315492806527808,0.107848400257677,0,0.808836160618424,0,0,0
RANBP3L,0,0.931554648915611,0.971870302770024,0,0.555507837663732,0.304326819841099,0,0.943794288168349,0.291013528022332,0,0.561466609405196,0.249516856345287,0,0,0.947766802662658,0.754240927635817,0,0.956194975305991,0.989639252737814,0,0,0,0.400418724500752,0.101996993772815,0,0.928172643332618,0,0,0
ERN1,0,0.97863431393601,0.958449645694653,0,0.966072578913464,0.425381146660941,0,0.985022546703887,0.50472407129053,0,0.623631092978312,0.70834228043805,0,0,0.974339703671892,0.916952974017608,0,0.966877818337986,0.987706678118961,0,0,0,0.69057333047026,0.53006227184883,0,0.845340347863431,0,0,0
KCNA3,0,0.305400472407129,0.54783122181662,0,0.386998067425381,0.0199162550998497,0,0.349688640755851,0.291013528022332,0,0.1485398325102,0.828967146231479,0,0,0.274318230620571,0.197552072149452,0,0.762937513420657,0.325101996993773,0,0,0,0.190358599957054,0.142205282370625,0,0.989156109083101,0,0,0
TBX18,0,0.724017607902083,0.959201202490874,0,0.322256817693794,0.103500107365257,0,0.822901009233412,0.291013528022332,0,0.0519111015675327,0.109190465965214,0,0,0.737975091260468,0.759984968864076,0,0.840455228687997,0.943042731372128,0,0,0,0.623147949323599,0.0869121752200988,0,0.762347004509341,0,0,0
GMPPA,0,0.552931071505261,0.903156538544127,0,0.554487867726004,0.421247584281726,0,0.713334764870088,0.618960704316083,0,0.86085462744256,0.654122825853554,0,0,0.759555507837664,0.879321451578269,0,0.687620785913678,0.299763796435473,0,0,0,0.930695726862787,0.0909383723427099,0,0.551750053682628,0,0,0
SH2D3C,0,0.863324028344428,0.878891990551857,0,0.721709254885119,0.714408417436118,0,0.819143225252308,0.752200987760361,0,0.863538758857634,0.917221387159115,0,0,0.762347004509341,0.910350010736526,0,0.901975520721495,0.829450289886193,0,0,0,0.926508481855272,0.528237062486579,0,0.842870946961563,0,0,0
RPIA,0,0.745920120249087,0.144835731157397,0,0.954584496456947,0.886514923770668,0,0.758857633669744,0.90471333476487,0,0.645050461670603,0.913195190036504,0,0,0.731264762722783,0.515138501181018,0,0.826873523727722,0.420549710113807,0,0,0,0.190358599957054,0.814311788705175,0,0.821505260897574,0,0,0
MAEA,0,0.698625724715482,0.560392956839167,0,0.718971440841744,0.601889628516212,0,0.733304702598239,0.670925488511918,0,0.255260897573545,0.633025552931072,0,0,0.782477990122396,0.698035215804166,0,0.8007300837449,0.398861928280009,0,0,0,0.740873953188748,0.612089327893494,0,0.857096843461456,0,0,0
SFN,0,0.035215804165772,0.0583530169637105,0,0.934829289242001,0.850547562808675,0,0.467199914107795,0.784088468971441,0,0.69889413785699,0.993665449860425,0,0,0.354412712046382,0.416523512991196,0,0.776626583637535,0.0425166416147735,0,0,0,0.476057547777539,0.850386514923771,0,0.949806742538115,0,0,0
TNFRSF11B,0,0.462744255958772,0.92607902082886,0,0.251717844105647,0.12465106291604,0,0.724876529954907,0.291013528022332,0,0.288007300837449,0.0801481640541121,0,0,0.725842817264333,0.751610478849044,0,0.748067425381147,0.89021902512347,0,0,0,0.658149022976165,0.0603392742108654,0,0.45796650203994,0,0,0
S100A8,0,0.741196048958557,0.849044449216234,0,0.48733089972085,0.257032424307494,0,0.727345930856775,0.353875885763367,0,0.148164054112089,0.219132488726648,0,0,0.716018896285162,0.423502254670389,0,0.751878891990552,0.886568606398969,0,0,0,0.192559587717415,0.188801803736311,0,0.866437620785914,0,0,0
SPOCK1,0,0.618638608546274,0.967951470904015,0,0.241088683701954,0.112035645265192,0,0.599312862357741,0.291013528022332,0,0.156270130985613,0.0668348722353446,0,0,0.625295254455658,0.729761649130341,0,0.615847111874597,0.818391668456088,0,0,0,0.849742323384153,0.300193257461885,0,0.475467038866223,0,0,0
KCNJ15,0,0.801857418939231,0.988619282800086,0,0.30217951470904,0.214193686922912,0,0.740444492162336,0.291013528022332,0,0.436547133347649,0.529310715052609,0,0,0.802125832080739,0.886300193257462,0,0.889413785698948,0.873147949323599,0,0,0,0.952759287094696,0.077571397895641,0,0.797187030277002,0,0,0
CCDC121,0,0.716179944170067,0.117672321236848,0,0.669583422804381,0.687567103285377,0,0.890648486149882,0.585945887910672,0,0.91813399184024,0.757676615847112,0,0,0.949377281511703,0.803521580416577,0,0.879321451578269,0.486042516641615,0,0,0,0.661692076444063,0.582349151814473,0,0.599098131844535,0,0,0
NLRC5,0,0.919798153317586,0.988672965428387,0,0.361069357955766,0.443257461885334,0,0.881683487223535,0.400257676615847,0,0.462583208073867,0.948733089972085,0,0,0.898325101996994,0.95216877818338,0,0.978580631307709,0.907182735666738,0,0,0,0.982928924200129,0.429568391668456,0,0.994148593515139,0,0,0
PRG4,0,0.955497101138072,0.974661799441701,0,0.599688640755851,0.208610693579558,0,0.940895426240069,0.312593944599528,0,0.164268842602534,0.190090186815546,0,0,0.943096414000429,0.664000429461026,0,0.944116383938158,0.987599312862358,0,0,0,0.343139360103071,0.3260682843032,0,0.962529525445566,0,0,0
PMPCB,0,0.632488726648057,0.640433755636676,0,0.704906592226755,0.667167704530814,0,0.816405411208933,0.717575692505905,0,0.639252737814043,0.721494524371913,0,0,0.831114451363539,0.889306420442345,0,0.775177152673395,0.407182735666738,0,0,0,0.892903156538544,0.49130341421516,0,0.427850547562809,0,0,0
FAIM2,0,0.906484861498819,0.984861498818982,0,0.407075370410135,0.341850977023835,0,0.94347219239854,0.436332402834443,0,0.821236847756066,0.197713120034357,0,0,0.922428602104359,0.957859136783337,0,0.935902941808031,0.967629375134207,0,0,0,0.934721923985398,0.0868584925917973,0,0.645050461670603,0,0,0
BTBD3,0,0.926293751342066,0.962207429675757,0,0.71811251878892,0.737921408632167,0,0.865041872450075,0.779686493450719,0,0.564419153961778,0.303682628301482,0,0,0.810392956839167,0.935205067640112,0,0.849312862357741,0.925756925059051,0,0,0,0.964623147949324,0.815922267554219,0,0.324189392312648,0,0,0
SETDB1,0,0.140755851406485,0.169798153317586,0,0.493665449860425,0.416201417221387,0,0.73260682843032,0.362143010521795,0,0.937191324887267,0.867618638608546,0,0,0.846575048314365,0.69819626368907,0,0.779525445565815,0.0851943311144514,0,0,0,0.598668670818123,0.505475628086751,0,0.867940734378355,0,0,0
INPP5F,0,0.51991625509985,0.485022546703887,0,0.52861284088469,0.473588146875671,0,0.629160403693365,0.405142795791282,0,0.381200343568821,0.669798153317586,0,0,0.610532531672751,0.546972299763796,0,0.76701739317157,0.560339274210865,0,0,0,0.585086965857848,0.48985398325102,0,0.948840455228688,0,0,0
NR3C1,0,0.946907880609835,0.78478634313936,0,0.772654069143225,0.63297187030277,0,0.863001932574619,0.675810607687352,0,0.75,0.917436117672321,0,0,0.955872879536182,0.809856130556152,0,0.911853124328967,0.672697015245866,0,0,0,0.804058406699592,0.580040798797509,0,0.933218810392957,0,0,0
ERH,0,0.330362894567318,0.340240498174791,0,0.602372772170925,0.412765729010092,0,0.711831651277647,0.520184668241357,0,0.855754777753919,0.770828859780975,0,0,0.714676830577625,0.536611552501611,0,0.769755207214945,0.627603607472622,0,0,0,0.287470474554434,0.522009877603608,0,0.649881898217737,0,0,0
C3orf18,0,0.756925059050891,0.763796435473481,0,0.484485720420872,0.555185741893923,0,0.584925917972944,0.61992699162551,0,0.764440627013099,0.956678118960704,0,0,0.609244148593515,0.706570753704101,0,0.83621430105218,0.259984968864076,0,0,0,0.819035859995705,0.553199484646768,0,0.92607902082886,0,0,0
GPRC5A,0,0.990444492162336,0.597863431393601,0,0.863431393601031,0.956785484217307,0,0.992913893064204,0.854520077302985,0,0.974232338415289,0.463549495383294,0,0,0.989800300622719,0.999087395318875,0,0.967092548851192,0.980620571183165,0,0,0,0.998980030062272,0.966018896285162,0,0.00751556796220743,0,0,0
MRPL52,0,0.814687567103285,0.633508696585785,0,0.827302984754134,0.850493880180374,0,0.881951900365042,0.683487223534464,0,0.71811251878892,0.926669529740176,0,0,0.896821988404552,0.828484002576766,0,0.944599527592871,0.869765943740606,0,0,0,0.789188318660082,0.817908524801374,0,0.96193901653425,0,0,0
TMBIM1,0,0.202598239209792,0.0840669959201202,0,0.827786128408847,0.805024694009019,0,0.751234700450934,0.798743826497745,0,0.98223105003221,0.945243719132489,0,0,0.775445565814902,0.755851406484861,0,0.866706033927421,0.120785913678334,0,0,0,0.583905948035216,0.839166845608761,0,0.742269701524587,0,0,0
FAM32A,0,0.466126261541765,0.27646553575263,0,0.574457805454155,0.699753059909813,0,0.530491732875242,0.707429675756925,0,0.581812325531458,0.963227399613485,0,0,0.60360747262186,0.578108224178656,0,0.802877388876959,0.36992699162551,0,0,0,0.66013528022332,0.634206570753704,0,0.838791067210651,0,0,0
PSMB5,0,0.915664590938372,0.521848829718703,0,0.771473051320593,0.798529095984539,0,0.95399398754563,0.931554648915611,0,0.855110586214301,0.949377281511703,0,0,0.911316298045952,0.963442130126691,0,0.968703027700236,0.671945458449646,0,0,0,0.927260038651492,0.663839381576122,0,0.940680695726863,0,0,0
RAB20,0,0.856023190895426,0.52861284088469,0,0.743182306205712,0.678333691217522,0,0.924361176723212,0.701202490873953,0,0.483895211509556,0.339274210865364,0,0,0.934507193472192,0.840831007086107,0,0.876368907021688,0.972782907451149,0,0,0,0.513205926562164,0.73260682843032,0,0.170334979600601,0,0,0
HAS2,0,0.54675756925059,0.743397036718918,0,0.872557440412283,0.527592870946962,0,0.671032853768521,0.370678548421731,0,0.464462100064419,0.525230835301696,0,0,0.614290315653854,0.431393601030706,0,0.776894996779042,0.884260253382006,0,0,0,0.405948035215804,0.535913678333691,0,0.912658363753489,0,0,0
UBA52,0,0.330577625080524,0.20071934721924,0,0.927421086536397,0.620517500536826,0,0.85688211294825,0.711294824994632,0,0.970045093407773,0.932091475198626,0,0,0.758374490015031,0.863109297831222,0,0.799226970152459,0.39564097058192,0,0,0,0.604466394674683,0.473266051105862,0,0.180319948464677,0,0,0
LONRF3,0,0.619068069572686,0.828484002576766,0,0.376476272278291,0.494953832939661,0,0.507032424307494,0.498657934292463,0,0.181178870517501,0.193740605540047,0,0,0.49672535967361,0.605056903586,0,0.354949538329397,0.627013098561306,0,0,0,0.750805239424522,0.63259609190466,0,0.168617135494954,0,0,0
WDR83,0,0.807440412282585,0.148969293536612,0,0.981694223749195,0.955228687996564,0,0.829128194116384,0.846145587287954,0,0.627013098561306,0.958503328322955,0,0,0.810124543697659,0.659866867081812,0,0.789403049173288,0.572471548207,0,0,0,0.530491732875242,0.914376207859137,0,0.586536396821988,0,0,0
CD226,0,0.0270023620356453,0.384636031780116,0,0.241088683701954,0.280115954477131,0,0.286021043590294,0.291013528022332,0,0.194277431823062,0.936922911745759,0,0,0.202759287094696,0.235452007730298,0,0.792248228473266,0.0931930427313721,0,0,0,0.360478849044449,0.300193257461885,0,0.996081168133992,0,0,0
FUT2,0,0.916738243504402,0.802608975735452,0,0.787041013528022,0.574135709684346,0,0.889628516212154,0.63732016319519,0,0.660779471762937,0.7065170710758,0,0,0.9130341421516,0.727614343998282,0,0.893010521795147,0.9202812969723,0,0,0,0.55615202920335,0.751181017822633,0,0.803843676186386,0,0,0
SNX33,0,0.976272278290745,0.994094910886837,0,0.657343783551643,0.742430749409491,0,0.978043805024694,0.567908524801374,0,0.876368907021688,0.554756280867511,0,0,0.969400901868155,0.997637964354735,0,0.952812969722998,0.961992699162551,0,0,0,0.998013742752845,0.652566029632811,0,0.182467253596736,0,0,0
CSF2,0,0.953725574404123,0.951524586643762,0,0.669100279149667,0.882005582993343,0,0.883508696585785,0.874812110800945,0,0.392473695512132,0.797509126046811,0,0,0.878516212153747,0.93949967790423,0,0.875402619712261,0.887803306849903,0,0,0,0.978956409705819,0.924039080953403,0,0.348776036074726,0,0,0
HOXA4,0,0.911208932789349,0.944492162336268,0,0.496886407558514,0.408900579772386,0,0.941485935151385,0.41013528022332,0,0.807762508052394,0.224339703671892,0,0,0.946156323813614,0.954852909598454,0,0.929997852694868,0.961616920764441,0,0,0,0.937298690143869,0.416469830362895,0,0.306796220742968,0,0,0
RAD51AP1,0,0.516802662658364,0.158578484002577,0,0.484002576766158,0.523781404337556,0,0.770936225037578,0.534571612626154,0,0.520238350869659,0.765138501181018,0,0,0.739102426454799,0.550891131629805,0,0.834442774318231,0.609190465965214,0,0,0,0.257300837449002,0.563936010307065,0,0.882864505046167,0,0,0
TNF,0,0.916147734593086,0.867833369121752,0,0.758642903156539,0.792194545844965,0,0.938318660081598,0.761112304058407,0,0.714408417436118,0.987277217092549,0,0,0.946263689070217,0.980298475413356,0,0.980888984324673,0.278237062486579,0,0,0,0.991893923126476,0.68225252308353,0,0.972890272707752,0,0,0
SAAL1,0,0.928441056474125,0.191969078806098,0,0.970420871805884,0.653210221172429,0,0.939392312647627,0.528183379858278,0,0.941646983036289,0.860317801159545,0,0,0.940412282585355,0.843676186386085,0,0.928387373845823,0.749677904230191,0,0,0,0.647305132059266,0.800944814258106,0,0.722568176937943,0,0,0
CD27,0,0.637803306849903,0.304541550354305,0,0.758535537899936,0.847917114021903,0,0.596091904659652,0.765836375348937,0,0.659491088683702,0.980888984324673,0,0,0.538383079235559,0.663195190036504,0,0.799602748550569,0.244792785054756,0,0,0,0.756817693794288,0.760307064633884,0,0.940627013098561,0,0,0
ATP6V1E2,0,0.844803521580417,0.589274210865364,0,0.920227614343998,0.81194975305991,0,0.827141936869229,0.832885978097488,0,0.363109297831222,0.846467683057763,0,0,0.759609190465965,0.819304273137213,0,0.846575048314365,0.710167489800301,0,0,0,0.828430319948465,0.818284303199485,0,0.739156109083101,0,0,0
DDX47,0,0.985076229332188,0.808514064848615,0,0.980620571183165,0.952920334979601,0,0.989746617994417,0.93080309211939,0,0.966448357311574,0.826336697444707,0,0,0.989961348507623,0.995598024479278,0,0.973319733734164,0.958288597809749,0,0,0,0.991732875241572,0.950934077732446,0,0.12572471548207,0,0,0
LRRC47,0,0.831329181876745,0.579933433540906,0,0.627013098561306,0.443042731372128,0,0.874704745544342,0.677474769164698,0,0.726003865149238,0.59673609619927,0,0,0.895479922697015,0.826980888984325,0,0.837019540476702,0.815063345501396,0,0,0,0.688103929568392,0.444062701309856,0,0.689660725789135,0,0,0
RNF213,0,0.289725144943096,0.501234700450934,0,0.241088683701954,0.295576551427958,0,0.528344427743182,0.291013528022332,0,0.963173716985184,0.973319733734164,0,0,0.467951470904015,0.571666308782478,0,0.884367618638609,0.0682843031994846,0,0,0,0.718917758213442,0.0534678977882757,0,0.972407129053038,0,0,0
STAT3,0,0.984593085677475,0.86665235129912,0,0.923770667811896,0.899613485076229,0,0.976916469830363,0.908149022976165,0,0.864666094051965,0.970742967575693,0,0,0.981855271634099,0.976164913034142,0,0.98512991196049,0.938157612196693,0,0,0,0.942505905089113,0.824028344427743,0,0.888930642044234,0,0,0
ARSJ,0,0.893976809104574,0.967307279364398,0,0.445941593300408,0.16340992054971,0,0.868370195404767,0.291013528022332,0,0.39639252737814,0.149506119819626,0,0,0.875778398110372,0.681286235774104,0,0.872074296757569,0.961294824994632,0,0,0,0.52716340992055,0.187406055400472,0,0.864182950397251,0,0,0
S100A6,0,0.95399398754563,0.869497530599098,0,0.517285806313077,0.00799871161692076,0,0.95216877818338,0.924790637749624,0,0.754992484432038,0.371483787846253,0,0,0.945673180158901,0.97208503328323,0,0.950450934077732,0.969400901868155,0,0,0,0.967360961992699,0.554971011380717,0,0.34566244363324,0,0,0
PLCL2,0,0.673072793643977,0.56377496242216,0,0.444975305990981,0.576497745329611,0,0.617189177582134,0.6267983680481,0,0.510629160403693,0.884367618638609,0,0,0.541335623792141,0.661906806957269,0,0.826927206356023,0.367457590723642,0,0,0,0.697659437406055,0.501610478849044,0,0.917919261327035,0,0,0
STAMBP,0,0.539242001288383,0.887159115310286,0,0.390272707751772,0.355593729869014,0,0.589542624006871,0.338630019325746,0,0.530384367618639,0.863216663087825,0,0,0.588844749838952,0.662175220098776,0,0.833261756495598,0.710704316083315,0,0,0,0.786611552501611,0.349742323384153,0,0.916201417221387,0,0,0
FKBPL,0,0.992323384152888,0.97535967360962,0,0.82499463173717,0.558138286450505,0,0.997852694867941,0.456409705819197,0,0.793643976809105,0.696532102211724,0,0,0.997423233841529,0.996403263903801,0,0.997369551213227,0.987008803951041,0,0,0,0.97718488297187,0.42645479922697,0,0.949055185741894,0,0,0
ERRFI1,0,0.979654283873738,0.798475413356238,0,0.964354734807816,0.957751771526734,0,0.957161262615418,0.900633455013958,0,0.428226325960919,0.627227829074511,0,0,0.961348507622933,0.922804380502469,0,0.940519647841958,0.977453296113378,0,0,0,0.853178011595448,0.961402190251235,0,0.419476057547778,0,0,0
SLC26A9,0,0.795683916684561,0.981747906377496,0,0.346414000429461,0.316244363324028,0,0.834335409061628,0.336482714193687,0,0.511380717199914,0.305561520292033,0,0,0.855754777753919,0.909759501825209,0,0.855915825638823,0.931232553145802,0,0,0,0.915288812540262,0.0521795147090402,0,0.397788275713979,0,0,0
ENOX1,0,0.815278076014602,0.983412067854842,0,0.307923555937299,0.00692505905089113,0,0.809534034786343,0.500966287309427,0,0.421891775821344,0.241357096843461,0,0,0.79165771956195,0.800783766373202,0,0.84818552716341,0.920979171140219,0,0,0,0.855056903586,0.300193257461885,0,0.804809963495813,0,0,0
PRSS53,0,0.742699162550999,0.111767232123685,0,0.73802877388877,0.870195404767017,0,0.793321881039296,0.900257676615847,0,0.985666738243504,0.957644406270131,0,0,0.803843676186386,0.864934507193472,0,0.839811037148379,0.0780008589220528,0,0,0,0.849742323384153,0.701631951900365,0,0.763850118101782,0,0,0
FAM117B,0,0.622557440412283,0.524103500107365,0,0.667114021902512,0.56919690788061,0,0.639574833583852,0.439929138930642,0,0.672321236847756,0.917597165557226,0,0,0.52501610478849,0.354627442559588,0,0.905840669959201,0.82354520077303,0,0,0,0.190358599957054,0.598131844535108,0,0.962153747047455,0,0,0
EEPD1,0,0.756764011165987,0.522385656001718,0,0.907290100923341,0.785537899935581,0,0.525338200558299,0.627603607472622,0,0.964891561090831,0.460382220313507,0,0,0.700611981962637,0.65906162765729,0,0.093622503757784,0.719400901868155,0,0,0,0.781672750697874,0.774532961133777,0,0.0176615847111875,0,0,0
SMAD6,0,0.97138715911531,0.632273996134851,0,0.926132703457161,0.790261971226111,0,0.962797938587073,0.832885978097488,0,0.550569035859996,0.621054326819841,0,0,0.916738243504402,0.896768305776251,0,0.947713120034357,0.942935366115525,0,0,0,0.727936439768091,0.79020828859781,0,0.688103929568392,0,0,0
RPLP0,0,0.935312432896715,0.331490229761649,0,0.891990551857419,0.649345071934722,0,0.977292248228473,0.935580846038222,0,0.898432467253597,0.619873308997208,0,0,0.980352158041658,0.975681769379429,0,0.901223963925274,0.880770882542409,0,0,0,0.946585784840026,0.905411208932789,0,0.111874597380288,0,0,0
ADIPOQ,0,0.895587287953618,0.929729439553361,0,0.58514064848615,0.185205067640112,0,0.907934292462959,0.474554434185098,0,0.892956839166846,0.416952974017608,0,0,0.929836804809963,0.753704101352802,0,0.892151599742323,0.976218595662444,0,0,0,0.442183809319304,0.439070216877818,0,0.709147519862573,0,0,0
MC1R,0,0.909652136568606,0.617726003865149,0,0.717790423019111,0.691217522009878,0,0.850869658578484,0.709040154605969,0,0.358116813399184,0.453188748121108,0,0,0.872020614129268,0.880878247799012,0,0.816727506978742,0.905679622074297,0,0,0,0.912497315868585,0.851138071719991,0,0.213334764870088,0,0,0
RAB8B,0,0.748067425381147,0.979224822847327,0,0.753489370839596,0.331221816620142,0,0.861498818982177,0.409813184453511,0,0.229439553360533,0.913463603178012,0,0,0.83186600815976,0.877925703242431,0,0.96521365686064,0.910296328108224,0,0,0,0.913678333691218,0.493611767232124,0,0.931071505260898,0,0,0
ZKSCAN4,0,0.693364827141937,0.341045737599313,0,0.94057333047026,0.205926562164484,0,0.959630663517286,0.664537255744041,0,0.832885978097488,0.928172643332618,0,0,0.968327249302126,0.839972085033283,0,0.96414000429461,0.749087395318875,0,0,0,0.408202705604466,0.459630663517286,0,0.940841743611767,0,0,0
ALG12,0,0.917328752415718,0.291067210650633,0,0.89204423448572,0.876154176508482,0,0.858009448142581,0.956785484217307,0,0.522493021258321,0.958932789349367,0,0,0.890272707751771,0.872020614129268,0,0.851245436976594,0.155625939445995,0,0,0,0.905303843676186,0.953403478634314,0,0.308997208503328,0,0,0
FKBP8,0,0.771258320807387,0.166523512991196,0,0.955604466394675,0.911262615417651,0,0.875187889199055,0.935902941808031,0,0.89456731801589,0.959576980888984,0,0,0.794341850977024,0.811466609405196,0,0.886192828000859,0.800783766373202,0,0,0,0.586267983680481,0.916684560876101,0,0.38587073223105,0,0,0
PHB2,0,0.965535752630449,0.291550354305347,0,0.992323384152888,0.953725574404123,0,0.99382649774533,0.967414644621001,0,0.929299978526949,0.983626798368048,0,0,0.991571827356667,0.961777968649345,0,0.991464462100064,0.931286235774104,0,0,0,0.708503328322955,0.885172858063131,0,0.8478097487653,0,0,0
STC1,0,0.861391453725574,0.966448357311574,0,0.414268842602534,0.103500107365257,0,0.867457590723642,0.291013528022332,0,0.204369765943741,0.127925703242431,0,0,0.843998282155894,0.685580846038222,0,0.875134206570754,0.966448357311574,0,0,0,0.507945028988619,0.1340455228688,0,0.863377710972729,0,0,0
F3,0,0.92645479922697,0.757837663732016,0,0.801964784195834,0.888340133132918,0,0.907826927206356,0.96956194975306,0,0.60108438909169,0.373147949323599,0,0,0.822149452437191,0.900096628730943,0,0.853392742108654,0.956248657934292,0,0,0,0.821719991410779,0.878301481640541,0,0.206678118960704,0,0,0
ARL6IP6,0,0.977453296113378,0.95071934721924,0,0.877496242216019,0.824350440197552,0,0.955711831651278,0.771419368692291,0,0.265192183809319,0.467253596736096,0,0,0.929944170066566,0.931339918402405,0,0.928494739102426,0.983358385226541,0,0,0,0.891346360317801,0.878408846897144,0,0.301266910027915,0,0,0
PFKP,0,0.976218595662444,0.376046811251879,0,0.843300407987975,0.941432252523083,0,0.905894352587503,0.838307923555937,0,0.76266910027915,0.352480137427528,0,0,0.908202705604466,0.885387588576337,0,0.873362679836805,0.966609405196478,0,0,0,0.899022976164913,0.970098776036075,0,0.196585784840026,0,0,0
SLC44A1,0,0.936439768091046,0.248121108009448,0,0.904015460596951,0.875509984968864,0,0.912550998496886,0.867618638608546,0,0.552931071505261,0.692183809319304,0,0,0.913517285806313,0.843354090616277,0,0.875241571827357,0.881629804595233,0,0,0,0.752952544556581,0.766265836375349,0,0.779525445565815,0,0,0
SLCO4A1,0,0.812271848829719,0.11267983680481,0,0.688426025338201,0.672965428387374,0,0.824404122825854,0.480352158041658,0,0.908041657719562,0.952437191324887,0,0,0.780760146016749,0.818445351084389,0,0.897305132059266,0.438801803736311,0,0,0,0.882649774532961,0.85108438909169,0,0.69239853983251,0,0,0
AMHR2,0,0.950021473051321,0.738726648056689,0,0.773888769594159,0.844051964784196,0,0.956356023190895,0.93080309211939,0,0.953457161262615,0.906699592012025,0,0,0.944975305990981,0.98298260682843,0,0.950611981962637,0.902029203349796,0,0,0,0.988511917543483,0.904928065278076,0,0.258428172643333,0,0,0
TRMT5,0,0.904283873738458,0.947498389521151,0,0.684346145587288,0.417704530813829,0,0.916040369336483,0.541711402190251,0,0.665879321451578,0.478741679192613,0,0,0.92897788275714,0.847917114021903,0,0.8876959415933,0.979869014386944,0,0,0,0.611820914751986,0.437137642258965,0,0.276143439982822,0,0,0
REEP4,0,0.98733089972085,0.865847111874597,0,0.941110156753275,0.965482070002147,0,0.979654283873738,0.77211724286021,0,0.921999141077947,0.672589649989264,0,0,0.969884045522869,0.998121108009448,0,0.954799226970152,0.922643332617565,0,0,0,0.999033712690573,0.900042946102641,0,0.100493880180374,0,0,0
UMODL1,0,0.517500536826283,0.795791281941164,0,0.269486794073438,0.349527592870947,0,0.688640755851406,0.291013528022332,0,0.620571183165128,0.884850762293322,0,0,0.693579557655143,0.763850118101782,0,0.909491088683702,0.347917114021903,0,0,0,0.870410135280223,0.314043375563668,0,0.990390809534035,0,0,0
CD36,0,0.962261112304058,0.953188748121108,0,0.793912389950612,0.445404767017393,0,0.932681984109942,0.471440841743612,0,0.384904444921623,0.231479493235989,0,0,0.948518359458879,0.637266480566889,0,0.906484861498819,0.987814043375564,0,0,0,0.31050032209577,0.478312218166201,0,0.87899935580846,0,0,0
SUPT3H,0,0.944814258106077,0.903317586429032,0,0.5507300837449,0.28516212153747,0,0.898969293536612,0.291013528022332,0,0.52066781189607,0.173233841528881,0,0,0.924951685634529,0.894728365900795,0,0.843139360103071,0.874490015031136,0,0,0,0.896338844749839,0.104251664161477,0,0.46848829718703,0,0,0
BRF2,0,0.888715911531029,0.418885548636461,0,0.867994417006657,0.928226325960919,0,0.927421086536397,0.956356023190895,0,0.83659007945029,0.87754992484432,0,0,0.88334764870088,0.963871591153103,0,0.886461241142366,0.539725144943096,0,0,0,0.958932789349367,0.906645909383723,0,0.181554648915611,0,0,0
PLOD2,0,0.960328537685205,0.98588146875671,0,0.576712475842817,0.508267124758428,0,0.984217307279364,0.520184668241357,0,0.0519111015675327,0.32102211724286,0,0,0.96414000429461,0.969615632381361,0,0.987652995490659,0.993772815117028,0,0,0,0.899398754563023,0.404069143225252,0,0.886407558514065,0,0,0
ULBP2,0,0.801911101567533,0.989317156968005,0,0.241088683701954,0.284303199484647,0,0.732553145802018,0.291013528022332,0,0.372181662014172,0.532102211724286,0,0,0.778022331973373,0.8912926776895,0,0.891400042946103,0.881737169851836,0,0,0,0.956033927421087,0.056957268627872,0,0.881254026197123,0,0,0
FKBP5,0,0.93225252308353,0.738082456517071,0,0.838093193042731,0.875241571827357,0,0.789080953403479,0.881092978312218,0,0.502147305132059,0.811896070431608,0,0,0.864934507193472,0.624167919261327,0,0.858224178655787,0.940519647841958,0,0,0,0.542677689499678,0.885817049602749,0,0.628408846897144,0,0,0
CPSF3,0,0.785054756280868,0.35795576551428,0,0.617242860210436,0.657290100923341,0,0.843944599527593,0.678924200128838,0,0.452651921838093,0.618423878033069,0,0,0.725252308353017,0.637856989478205,0,0.883616061842388,0.753757783981104,0,0,0,0.338200558299334,0.707698088898432,0,0.750161047884904,0,0,0
ZNRD1,0,0.845823491518145,0.174790637749624,0,0.811520292033498,0.46483787846253,0,0.967307279364398,0.768574189392313,0,0.960274855056904,0.915074082027056,0,0,0.979976379643547,0.953135065492807,0,0.962261112304058,0.743235988834013,0,0,0,0.865363968219884,0.705819196907881,0,0.369873308997208,0,0,0
GPR56,0,0.718864075585141,0.948410994202276,0,0.241088683701954,0.284625295254456,0,0.75687137642259,0.291013528022332,0,0.832832295469186,0.85435902941808,0,0,0.814311788705175,0.921032853768521,0,0.893869443847971,0.238458234915181,0,0,0,0.971440841743612,0.026197122611123,0,0.891561090831007,0,0,0
KRT80,0,0.993021258320807,0.978795361820915,0,0.663570968434615,0.714730513205927,0,0.981050032209577,0.759018681554649,0,0.748657934292463,0.260629160403693,0,0,0.991088683701954,0.989800300622719,0,0.951900365041872,0.982767876315224,0,0,0,0.991088683701954,0.78296113377711,0,0.127818337985828,0,0,0
C19orf57,0,0.913678333691218,0.757569250590509,0,0.710328537685205,0.673287524157183,0,0.896285162121537,0.683165127764655,0,0.70254455658149,0.816083315439124,0,0,0.928118960704316,0.863968219884045,0,0.886675971655572,0.809372986901439,0,0,0,0.808943525875027,0.594857204208718,0,0.359190465965214,0,0,0
TTC5,0,0.794019755207215,0.299656431178871,0,0.743450719347219,0.590455228687997,0,0.913087824779901,0.728043805024694,0,0.970259823920979,0.878355164268843,0,0,0.927582134421301,0.911638393815761,0,0.907719561949753,0.799065922267554,0,0,0,0.852104359029418,0.733465750483144,0,0.582188103929568,0,0,0
